-2.584949252E-04
-2.284688235E-04
-2.287239913E-04
-2.303005604E-04
-2.316898463E-04
-2.329110139E-04
-2.340213396E-04
-2.350500436E-04
-2.360131039E-04
-2.369214635E-04
-2.377827332E-04
-2.386027481E-04
-2.393859031E-04
-2.401358215E-04
-2.408553992E-04
-2.415470663E-04
-2.422128455E-04
-2.428545558E-04
-2.434736525E-04
-2.440715180E-04
-2.446492726E-04
-2.452080080E-04
-2.457486116E-04
-2.462719567E-04
-2.467787708E-04
-2.472697524E-04
-2.477455128E-04
-2.482066047E-04
-2.486535814E-04
-2.490869374E-04
-2.495070803E-04
-2.499144175E-04
-2.503093856E-04
-2.506922756E-04
-2.510634367E-04
-2.514231892E-04
-2.517718240E-04
-2.521096030E-04
-2.524367592E-04
-2.527535544E-04
-2.530602214E-04
-2.533569350E-04
-2.536438988E-04
-2.539213165E-04
-2.541893627E-04
-2.544481831E-04
-2.546979231E-04
-2.549387573E-04
-2.551708312E-04
-2.553942613E-04
-2.556091640E-04
-2.558156557E-04
-2.560138237E-04
-2.562038426E-04
-2.563857415E-04
-2.565596660E-04
-2.567256452E-04
-2.568837954E-04
-2.570342040E-04
-2.571769292E-04
-2.573120291E-04
-2.574395621E-04
-2.575596154E-04
-2.576722181E-04
-2.577774576E-04
-2.578753338E-04
-2.579659049E-04
-2.580492292E-04
-2.581253357E-04
-2.581942535E-04
-2.582560119E-04
-2.583106689E-04
-2.583581663E-04
-2.583986206E-04
-2.584319736E-04
-2.584582835E-04
-2.584775502E-04
-2.584897447E-04
-2.584930917E-04
-2.584842150E-04
-2.584682952E-04
-2.584453032E-04
-2.584152971E-04
-2.583781898E-04
-2.583340101E-04
-2.582827001E-04
-2.582242887E-04
-2.581587178E-04
-2.580859291E-04
-2.580059518E-04
-2.579186985E-04
-2.578241401E-04
-2.577222767E-04
-2.576129918E-04
-2.574962855E-04
-2.573720703E-04
-2.572403173E-04
-2.571009391E-04
-2.569538774E-04
-2.567990741E-04
-2.566364128E-04
-2.564658353E-04
-2.562872833E-04
-2.561006113E-04
-2.559057612E-04
-2.557026164E-04
-2.554910607E-04
-2.552710066E-04
-2.550422796E-04
-2.548047923E-04
-2.545583702E-04
-2.543028968E-04
-2.540381975E-04
-2.537641558E-04
-2.534805099E-04
-2.531871723E-04
-2.528838522E-04
-2.525704040E-04
-2.522465948E-04
-2.519121917E-04
-2.515669039E-04
-2.512104984E-04
-2.508426842E-04
-2.504631702E-04
-2.500715782E-04
-2.496675879E-04
-2.492507920E-04
-2.488208120E-04
-2.483772114E-04
-2.479194663E-04
-2.474470530E-04
-2.469594765E-04
-2.464560093E-04
-2.459360694E-04
-2.453988127E-04
-2.448434534E-04
-2.442690602E-04
-2.436745854E-04
-2.430588502E-04
-2.424205450E-04
-2.417581272E-04
-2.410698507E-04
-2.403536637E-04
-2.396071213E-04
-2.388273424E-04
-2.380107326E-04
-2.371528390E-04
-2.362478845E-04
-2.352882293E-04
-2.342629014E-04
-2.331559808E-04
-2.319382183E-04
-2.305523376E-04
-2.584932372E-04
-2.584845352E-04
-2.584687900E-04
-2.584460017E-04
-2.584161703E-04
-2.583792666E-04
-2.583352907E-04
-2.582842426E-04
-2.582260349E-04
-2.581606968E-04
-2.580881992E-04
-2.580084838E-04
-2.579215216E-04
-2.578273125E-04
-2.577257692E-04
-2.576168336E-04
-2.575005346E-04
-2.573767269E-04
-2.572454105E-04
-2.571065270E-04
-2.569599601E-04
-2.568057098E-04
-2.566436306E-04
-2.564736933E-04
-2.562958107E-04
-2.561098663E-04
-2.559157729E-04
-2.557134430E-04
-2.555027604E-04
-2.552836086E-04
-2.550559002E-04
-2.548194607E-04
-2.545741736E-04
-2.543198934E-04
-2.540565038E-04
-2.537838009E-04
-2.535016101E-04
-2.532098151E-04
-2.529081539E-04
-2.525964519E-04
-2.522745053E-04
-2.519420523E-04
-2.515988890E-04
-2.512447245E-04
-2.508792968E-04
-2.505023149E-04
-2.501134295E-04
-2.497123205E-04
-2.492986387E-04
-2.488719474E-04
-2.484318393E-04
-2.479778486E-04
-2.475094807E-04
-2.470261825E-04
-2.465273719E-04
-2.460124088E-04
-2.454805363E-04
-2.449309686E-04
-2.443628327E-04
-2.437751682E-04
-2.431668399E-04
-2.425366110E-04
-2.418830845E-04
-2.412045869E-04
-2.404992410E-04
-2.397648350E-04
-2.389986912E-04
-2.381975937E-04
-2.373575844E-04
-2.364735992E-04
-2.355390170E-04
-2.345447574E-04
-2.334777237E-04
-2.323167137E-04
-2.310239215E-04
-2.294893638E-04
-2.584948961E-04
-2.584895410E-04
-2.584771137E-04
-2.584576723E-04
-2.584311878E-04
-2.583976311E-04
-2.583569731E-04
-2.583092428E-04
-2.582543821E-04
-2.581923909E-04
-2.581232111E-04
-2.580468426E-04
-2.579632273E-04
-2.578723361E-04
-2.577741398E-04
-2.576685511E-04
-2.575555700E-04
-2.574351092E-04
-2.573071397E-04
-2.571715740E-04
-2.570283832E-04
-2.568774507E-04
-2.567187184E-04
-2.565521281E-04
-2.563775633E-04
-2.561949659E-04
-2.560042194E-04
-2.558052365E-04
-2.555979008E-04
-2.553820959E-04
-2.551577345E-04
-2.549246419E-04
-2.546827018E-04
-2.544317686E-04
-2.541717258E-04
-2.539023699E-04
-2.536235261E-04
-2.533350780E-04
-2.530367638E-04
-2.527284087E-04
-2.524098090E-04
-2.520807320E-04
-2.517409157E-04
-2.513901272E-04
-2.510280465E-04
-2.506544115E-04
-2.502689022E-04
-2.498711401E-04
-2.494608052E-04
-2.490374900E-04
-2.486007579E-04
-2.481501142E-04
-2.476851223E-04
-2.472052001E-04
-2.467097656E-04
-2.461981494E-04
-2.456696529E-04
-2.451234614E-04
-2.445587015E-04
-2.439743985E-04
-2.433694463E-04
-2.427426080E-04
-2.420924429E-04
-2.414173359E-04
-2.407153806E-04
-2.399843506E-04
-2.392215974E-04
-2.384239051E-04
-2.375872718E-04
-2.367066772E-04
-2.357754856E-04
-2.347846312E-04
-2.337209880E-04
-2.325633686E-04
-2.312739816E-04
-2.297428437E-04
