-2.996383409E-04
-2.696464944E-04
-2.699016186E-04
-2.714767761E-04
-2.728646505E-04
-2.740844502E-04
-2.751934517E-04
-2.762208751E-04
-2.771826985E-04
-2.780898358E-04
-2.789499413E-04
-2.797688358E-04
-2.805509139E-04
-2.812997845E-04
-2.820183290E-04
-2.827090211E-04
-2.833738690E-04
-2.840146772E-04
-2.846329007E-04
-2.852299076E-04
-2.858068910E-04
-2.863648406E-04
-2.869047166E-04
-2.874273341E-04
-2.879334788E-04
-2.884237911E-04
-2.888989402E-04
-2.893594501E-04
-2.898058738E-04
-2.902386477E-04
-2.906582959E-04
-2.910651383E-04
-2.914596407E-04
-2.918420651E-04
-2.922128187E-04
-2.925721928E-04
-2.929204493E-04
-2.932578500E-04
-2.935846569E-04
-2.939011320E-04
-2.942074789E-04
-2.945039305E-04
-2.947906032E-04
-2.950677881E-04
-2.953355724E-04
-2.955941600E-04
-2.958436962E-04
-2.960843558E-04
-2.963162260E-04
-2.965394815E-04
-2.967542096E-04
-2.969605557E-04
-2.971586073E-04
-2.973484807E-04
-2.975302632E-04
-2.977040713E-04
-2.978699631E-04
-2.980280260E-04
-2.981783182E-04
-2.983209561E-04
-2.984559687E-04
-2.985834726E-04
-2.987034386E-04
-2.988160122E-04
-2.989211644E-04
-2.990190114E-04
-2.991095535E-04
-2.991928486E-04
-2.992688969E-04
-2.993378148E-04
-2.993995440E-04
-2.994541428E-04
-2.995016403E-04
-2.995420655E-04
-2.995754185E-04
-2.996016992E-04
-2.996209660E-04
-2.996331605E-04
-2.996365074E-04
-2.996276307E-04
-2.996117109E-04
-2.995887480E-04
-2.995587420E-04
-2.995216637E-04
-2.994774841E-04
-2.994262031E-04
-2.993678208E-04
-2.993022790E-04
-2.992295194E-04
-2.991495712E-04
-2.990623761E-04
-2.989678760E-04
-2.988660417E-04
-2.987568150E-04
-2.986401669E-04
-2.985160390E-04
-2.983843442E-04
-2.982450533E-04
-2.980980789E-04
-2.979433630E-04
-2.977808181E-04
-2.976103569E-04
-2.974319214E-04
-2.972453949E-04
-2.970506612E-04
-2.968476620E-04
-2.966362808E-04
-2.964163723E-04
-2.961878490E-04
-2.959505364E-04
-2.957043471E-04
-2.954491065E-04
-2.951846691E-04
-2.949108311E-04
-2.946275054E-04
-2.943344298E-04
-2.940314298E-04
-2.937183017E-04
-2.933948417E-04
-2.930607588E-04
-2.927158785E-04
-2.923598804E-04
-2.919924736E-04
-2.916133963E-04
-2.912222699E-04
-2.908187744E-04
-2.904025023E-04
-2.899730753E-04
-2.895299986E-04
-2.890728647E-04
-2.886010916E-04
-2.881141263E-04
-2.876113867E-04
-2.870921162E-04
-2.865556162E-04
-2.860010427E-04
-2.854274353E-04
-2.848338045E-04
-2.842189278E-04
-2.835815249E-04
-2.829200530E-04
-2.822327369E-04
-2.815175685E-04
-2.807720739E-04
-2.799933718E-04
-2.791779116E-04
-2.783211530E-04
-2.774174209E-04
-2.764590026E-04
-2.754349553E-04
-2.743293589E-04
-2.731129644E-04
-2.717285242E-04
-2.996366529E-04
-2.996279509E-04
-2.996122057E-04
-2.995894465E-04
-2.995596151E-04
-2.995227405E-04
-2.994787937E-04
-2.994277165E-04
-2.993695671E-04
-2.993042581E-04
-2.992317895E-04
-2.991521033E-04
-2.990651992E-04
-2.989710192E-04
-2.988695051E-04
-2.987606567E-04
-2.986443869E-04
-2.985206665E-04
-2.983894083E-04
-2.982505830E-04
-2.981041325E-04
-2.979499695E-04
-2.977879776E-04
-2.976181568E-04
-2.974403906E-04
-2.972545626E-04
-2.970606147E-04
-2.968584304E-04
-2.966478933E-04
-2.964289160E-04
-2.962013823E-04
-2.959651465E-04
-2.957200631E-04
-2.954660158E-04
-2.952028299E-04
-2.949303889E-04
-2.946484601E-04
-2.943569270E-04
-2.940555569E-04
-2.937441750E-04
-2.934225777E-04
-2.930904739E-04
-2.927476889E-04
-2.923939028E-04
-2.920288825E-04
-2.916523372E-04
-2.912639175E-04
-2.908633032E-04
-2.904500870E-04
-2.900239197E-04
-2.895843936E-04
-2.891309850E-04
-2.886632283E-04
-2.881805704E-04
-2.876824292E-04
-2.871681354E-04
-2.866369905E-04
-2.860881796E-04
-2.855208586E-04
-2.849339799E-04
-2.843264956E-04
-2.836971835E-04
-2.830445592E-04
-2.823670220E-04
-2.816626802E-04
-2.809292928E-04
-2.801642404E-04
-2.793642343E-04
-2.785253746E-04
-2.776425681E-04
-2.767092083E-04
-2.757162147E-04
-2.746504906E-04
-2.734908194E-04
-2.721994242E-04
-2.706663217E-04
-2.996383118E-04
-2.996329567E-04
-2.996205585E-04
-2.996011171E-04
-2.995746327E-04
-2.995410759E-04
-2.995004470E-04
-2.994527458E-04
-2.993979142E-04
-2.993359521E-04
-2.992668014E-04
-2.991904621E-04
-2.991068759E-04
-2.990160428E-04
-2.989178756E-04
-2.988123451E-04
-2.986994223E-04
-2.985790488E-04
-2.984511375E-04
-2.983156592E-04
-2.981725265E-04
-2.980216814E-04
-2.978630655E-04
-2.976965916E-04
-2.975221432E-04
-2.973396622E-04
-2.971490612E-04
-2.969502239E-04
-2.967430337E-04
-2.965274034E-04
-2.963031875E-04
-2.960702986E-04
-2.958285622E-04
-2.955778618E-04
-2.953180519E-04
-2.950489288E-04
-2.947703761E-04
-2.944821899E-04
-2.941841667E-04
-2.938761318E-04
-2.935578814E-04
-2.932291245E-04
-2.928896865E-04
-2.925392764E-04
-2.921776322E-04
-2.918044047E-04
-2.914193610E-04
-2.910220937E-04
-2.906122536E-04
-2.901894622E-04
-2.897532831E-04
-2.893032215E-04
-2.888388408E-04
-2.883595589E-04
-2.878647647E-04
-2.873538469E-04
-2.868260781E-04
-2.862806432E-04
-2.857166692E-04
-2.851331956E-04
-2.845290874E-04
-2.839031513E-04
-2.832539030E-04
-2.825797419E-04
-2.818787761E-04
-2.811487939E-04
-2.803870884E-04
-2.795904875E-04
-2.787550038E-04
-2.778756025E-04
-2.769456478E-04
-2.759560302E-04
-2.748937113E-04
-2.737374452E-04
-2.724494552E-04
-2.709197288E-04
