-2.647073416E-04
-2.346835681E-04
-2.349386050E-04
-2.365151158E-04
-2.379042271E-04
-2.391252201E-04
-2.402353857E-04
-2.412639442E-04
-2.422268590E-04
-2.431350586E-04
-2.439962118E-04
-2.448160958E-04
-2.455991344E-04
-2.463489363E-04
-2.470684121E-04
-2.477599774E-04
-2.484256693E-04
-2.490672632E-04
-2.496863017E-04
-2.502840653E-04
-2.508617763E-04
-2.514204534E-04
-2.519609989E-04
-2.524842566E-04
-2.529910416E-04
-2.534819650E-04
-2.539576672E-04
-2.544187591E-04
-2.548657067E-04
-2.552990045E-04
-2.557191183E-04
-2.561264555E-04
-2.565213945E-04
-2.569042554E-04
-2.572754165E-04
-2.576351690E-04
-2.579838037E-04
-2.583215537E-04
-2.586487390E-04
-2.589655342E-04
-2.592721721E-04
-2.595689148E-04
-2.598558785E-04
-2.601332963E-04
-2.604013425E-04
-2.606601920E-04
-2.609099320E-04
-2.611507953E-04
-2.613828692E-04
-2.616063284E-04
-2.618212311E-04
-2.620277519E-04
-2.622259490E-04
-2.624159679E-04
-2.625978959E-04
-2.627718204E-04
-2.629378287E-04
-2.630960080E-04
-2.632464166E-04
-2.633891418E-04
-2.635242708E-04
-2.636518329E-04
-2.637718862E-04
-2.638845181E-04
-2.639897575E-04
-2.640876628E-04
-2.641782630E-04
-2.642615873E-04
-2.643376938E-04
-2.644066408E-04
-2.644683991E-04
-2.645230561E-04
-2.645705827E-04
-2.646110079E-04
-2.646443900E-04
-2.646706707E-04
-2.646899375E-04
-2.647021611E-04
-2.647055080E-04
-2.646966022E-04
-2.646806824E-04
-2.646577195E-04
-2.646276844E-04
-2.645905770E-04
-2.645463683E-04
-2.644950873E-04
-2.644366468E-04
-2.643710468E-04
-2.642982581E-04
-2.642182517E-04
-2.641309984E-04
-2.640364401E-04
-2.639345475E-04
-2.638252336E-04
-2.637085272E-04
-2.635842829E-04
-2.634525008E-04
-2.633131226E-04
-2.631660318E-04
-2.630111994E-04
-2.628485381E-04
-2.626779606E-04
-2.624993795E-04
-2.623126784E-04
-2.621178282E-04
-2.619146544E-04
-2.617030696E-04
-2.614829864E-04
-2.612542594E-04
-2.610167430E-04
-2.607703209E-04
-2.605148475E-04
-2.602501481E-04
-2.599760483E-04
-2.596924314E-04
-2.593990648E-04
-2.590957447E-04
-2.587822964E-04
-2.584584872E-04
-2.581240842E-04
-2.577788255E-04
-2.574224200E-04
-2.570546058E-04
-2.566750918E-04
-2.562835289E-04
-2.558795386E-04
-2.554628009E-04
-2.550328500E-04
-2.545892494E-04
-2.541315334E-04
-2.536592074E-04
-2.531716309E-04
-2.526682511E-04
-2.521483402E-04
-2.516111417E-04
-2.510558406E-04
-2.504815347E-04
-2.498871181E-04
-2.492714848E-04
-2.486332378E-04
-2.479709219E-04
-2.472827327E-04
-2.465666621E-04
-2.458202362E-04
-2.450405736E-04
-2.442240948E-04
-2.433663176E-04
-2.424615086E-04
-2.415019844E-04
-2.404768165E-04
-2.393700561E-04
-2.381524537E-04
-2.367667621E-04
-2.647056244E-04
-2.646969224E-04
-2.646812063E-04
-2.646584180E-04
-2.646285866E-04
-2.645916829E-04
-2.645477070E-04
-2.644966007E-04
-2.644384222E-04
-2.643730550E-04
-2.643005573E-04
-2.642208128E-04
-2.641338506E-04
-2.640396124E-04
-2.639380691E-04
-2.638291335E-04
-2.637128055E-04
-2.635889978E-04
-2.634576522E-04
-2.633187396E-04
-2.631721727E-04
-2.630178933E-04
-2.628558141E-04
-2.626858477E-04
-2.625079360E-04
-2.623219916E-04
-2.621278691E-04
-2.619255392E-04
-2.617148275E-04
-2.614956757E-04
-2.612679382E-04
-2.610314696E-04
-2.607861825E-04
-2.605319023E-04
-2.602684835E-04
-2.599957807E-04
-2.597135899E-04
-2.594217658E-04
-2.591201046E-04
-2.588084026E-04
-2.584864560E-04
-2.581540321E-04
-2.578108688E-04
-2.574567043E-04
-2.570913057E-04
-2.567143238E-04
-2.563254384E-04
-2.559243585E-04
-2.555106767E-04
-2.550840145E-04
-2.546439646E-04
-2.541900030E-04
-2.537216933E-04
-2.532384242E-04
-2.527396719E-04
-2.522247378E-04
-2.516929235E-04
-2.511434141E-04
-2.505753655E-04
-2.499877592E-04
-2.493795182E-04
-2.487493912E-04
-2.480959520E-04
-2.474175417E-04
-2.467122977E-04
-2.459780080E-04
-2.452119661E-04
-2.444109996E-04
-2.435711067E-04
-2.426872670E-04
-2.417528303E-04
-2.407587162E-04
-2.396918571E-04
-2.385310072E-04
-2.372383751E-04
-2.357040066E-04
-2.647073125E-04
-2.647019282E-04
-2.646895300E-04
-2.646700887E-04
-2.646435751E-04
-2.646100183E-04
-2.645693603E-04
-2.645216300E-04
-2.644667402E-04
-2.644047490E-04
-2.643355692E-04
-2.642591717E-04
-2.641755273E-04
-2.640846360E-04
-2.639864106E-04
-2.638808219E-04
-2.637678117E-04
-2.636473509E-04
-2.635193523E-04
-2.633837867E-04
-2.632405376E-04
-2.630896051E-04
-2.629308437E-04
-2.627642243E-04
-2.625896595E-04
-2.624070330E-04
-2.622162865E-04
-2.620172745E-04
-2.618099097E-04
-2.615941048E-04
-2.613697143E-04
-2.611365926E-04
-2.608946525E-04
-2.606437192E-04
-2.603836474E-04
-2.601142915E-04
-2.598354477E-04
-2.595469705E-04
-2.592486562E-04
-2.589403302E-04
-2.586217015E-04
-2.582926245E-04
-2.579528373E-04
-2.576020197E-04
-2.572399681E-04
-2.568663331E-04
-2.564808237E-04
-2.560831199E-04
-2.556727850E-04
-2.552494989E-04
-2.548127668E-04
-2.543621813E-04
-2.538972476E-04
-2.534173545E-04
-2.529219491E-04
-2.524103911E-04
-2.518819529E-04
-2.513358195E-04
-2.507711179E-04
-2.501869167E-04
-2.495820227E-04
-2.489552717E-04
-2.483052085E-04
-2.476301743E-04
-2.469283354E-04
-2.461974218E-04
-2.454347559E-04
-2.446371946E-04
-2.438006777E-04
-2.429202286E-04
-2.419891825E-04
-2.409984736E-04
-2.399349905E-04
-2.387775312E-04
-2.374883188E-04
-2.359573555E-04
