-2.623288601E-04
-2.323040098E-04
-2.325590758E-04
-2.341356303E-04
-2.355248143E-04
-2.367458655E-04
-2.378561039E-04
-2.388847206E-04
-2.398476936E-04
-2.407559659E-04
-2.416171628E-04
-2.424370905E-04
-2.432201873E-04
-2.439700474E-04
-2.446895523E-04
-2.453811467E-04
-2.460468968E-04
-2.466885489E-04
-2.473075874E-04
-2.479054092E-04
-2.484831493E-04
-2.490418265E-04
-2.495824010E-04
-2.501057170E-04
-2.506125020E-04
-2.511034545E-04
-2.515791857E-04
-2.520402777E-04
-2.524872252E-04
-2.529205522E-04
-2.533406951E-04
-2.537480323E-04
-2.541429712E-04
-2.545258612E-04
-2.548970224E-04
-2.552567748E-04
-2.556054096E-04
-2.559431887E-04
-2.562703448E-04
-2.565871691E-04
-2.568938071E-04
-2.571905206E-04
-2.574775135E-04
-2.577549312E-04
-2.580229775E-04
-2.582817979E-04
-2.585315669E-04
-2.587724302E-04
-2.590045042E-04
-2.592279343E-04
-2.594428370E-04
-2.596493578E-04
-2.598475548E-04
-2.600375738E-04
-2.602195018E-04
-2.603934263E-04
-2.605594054E-04
-2.607175848E-04
-2.608679933E-04
-2.610107185E-04
-2.611458476E-04
-2.612733806E-04
-2.613934630E-04
-2.615060657E-04
-2.616113052E-04
-2.617092105E-04
-2.617998107E-04
-2.618831350E-04
-2.619592415E-04
-2.620281593E-04
-2.620899468E-04
-2.621445747E-04
-2.621921012E-04
-2.622325264E-04
-2.622659085E-04
-2.622922184E-04
-2.623114560E-04
-2.623236796E-04
-2.623270266E-04
-2.623181499E-04
-2.623022010E-04
-2.622792381E-04
-2.622492029E-04
-2.622120955E-04
-2.621679159E-04
-2.621166059E-04
-2.620581945E-04
-2.619925945E-04
-2.619198058E-04
-2.618397994E-04
-2.617525461E-04
-2.616579877E-04
-2.615560952E-04
-2.614468103E-04
-2.613301040E-04
-2.612058597E-04
-2.610741067E-04
-2.609346993E-04
-2.607876377E-04
-2.606328053E-04
-2.604701440E-04
-2.602995664E-04
-2.601209853E-04
-2.599343134E-04
-2.597394341E-04
-2.595362894E-04
-2.593247045E-04
-2.591046214E-04
-2.588758944E-04
-2.586383780E-04
-2.583919559E-04
-2.581364824E-04
-2.578717831E-04
-2.575977123E-04
-2.573140664E-04
-2.570206998E-04
-2.567174088E-04
-2.564039605E-04
-2.560801222E-04
-2.557457192E-04
-2.554004313E-04
-2.550440258E-04
-2.546762407E-04
-2.542966977E-04
-2.539051056E-04
-2.535011154E-04
-2.530843485E-04
-2.526543976E-04
-2.522107970E-04
-2.517530520E-04
-2.512806968E-04
-2.507931204E-04
-2.502897114E-04
-2.497697715E-04
-2.492325439E-04
-2.486772428E-04
-2.481028787E-04
-2.475084329E-04
-2.468927414E-04
-2.462544944E-04
-2.455921203E-04
-2.449039021E-04
-2.441877732E-04
-2.434413182E-04
-2.426615974E-04
-2.418450604E-04
-2.409872395E-04
-2.400823723E-04
-2.391227899E-04
-2.380975639E-04
-2.369907306E-04
-2.357730700E-04
-2.343873057E-04
-2.623271721E-04
-2.623184700E-04
-2.623027249E-04
-2.622799366E-04
-2.622501052E-04
-2.622132015E-04
-2.621692256E-04
-2.621181484E-04
-2.620599407E-04
-2.619946026E-04
-2.619220759E-04
-2.618423605E-04
-2.617553982E-04
-2.616611600E-04
-2.615596168E-04
-2.614506811E-04
-2.613343531E-04
-2.612105454E-04
-2.610792289E-04
-2.609403164E-04
-2.607937495E-04
-2.606394701E-04
-2.604773908E-04
-2.603074536E-04
-2.601295419E-04
-2.599435975E-04
-2.597494749E-04
-2.595471451E-04
-2.593364625E-04
-2.591172815E-04
-2.588895441E-04
-2.586531045E-04
-2.584078175E-04
-2.581535373E-04
-2.578901185E-04
-2.576174156E-04
-2.573352249E-04
-2.570434008E-04
-2.567417396E-04
-2.564300376E-04
-2.561080910E-04
-2.557756379E-04
-2.554324747E-04
-2.550783101E-04
-2.547128825E-04
-2.543359005E-04
-2.539470443E-04
-2.535459353E-04
-2.531322534E-04
-2.527055622E-04
-2.522654831E-04
-2.518115216E-04
-2.513431828E-04
-2.508599136E-04
-2.503611322E-04
-2.498461690E-04
-2.493143256E-04
-2.487648162E-04
-2.481967094E-04
-2.476090740E-04
-2.470008039E-04
-2.463706187E-04
-2.457171504E-04
-2.450387110E-04
-2.443334088E-04
-2.435990755E-04
-2.428330044E-04
-2.420319797E-04
-2.411920432E-04
-2.403081307E-04
-2.393736504E-04
-2.383794781E-04
-2.373125462E-04
-2.361516235E-04
-2.348589333E-04
-2.333244920E-04
-2.623288310E-04
-2.623234468E-04
-2.623110486E-04
-2.622916072E-04
-2.622650936E-04
-2.622315369E-04
-2.621909080E-04
-2.621431486E-04
-2.620882879E-04
-2.620262676E-04
-2.619570878E-04
-2.618807193E-04
-2.617971040E-04
-2.617061837E-04
-2.616079582E-04
-2.615023695E-04
-2.613893885E-04
-2.612689277E-04
-2.611409291E-04
-2.610053634E-04
-2.608621435E-04
-2.607111819E-04
-2.605524496E-04
-2.603858302E-04
-2.602112654E-04
-2.600286680E-04
-2.598378924E-04
-2.596389095E-04
-2.594315447E-04
-2.592157398E-04
-2.589913493E-04
-2.587582276E-04
-2.585162874E-04
-2.582653542E-04
-2.580052824E-04
-2.577359264E-04
-2.574570826E-04
-2.571686346E-04
-2.568703203E-04
-2.565619652E-04
-2.562433656E-04
-2.559142595E-04
-2.555744431E-04
-2.552236547E-04
-2.548615739E-04
-2.544879389E-04
-2.541024296E-04
-2.537046967E-04
-2.532943618E-04
-2.528710465E-04
-2.524343145E-04
-2.519837290E-04
-2.515187371E-04
-2.510388440E-04
-2.505434386E-04
-2.500318515E-04
-2.495033550E-04
-2.489572216E-04
-2.483924909E-04
-2.478082315E-04
-2.472033375E-04
-2.465765283E-04
-2.459264360E-04
-2.452513727E-04
-2.445494756E-04
-2.438185038E-04
-2.430558088E-04
-2.422581892E-04
-2.414216287E-04
-2.405411215E-04
-2.396100172E-04
-2.386192500E-04
-2.375557087E-04
-2.363981766E-04
-2.351088915E-04
-2.335778554E-04
