-2.539271081E-04
-2.239005698E-04
-2.241558686E-04
-2.257324231E-04
-2.271218254E-04
-2.283430804E-04
-2.294535079E-04
-2.304823138E-04
-2.314454614E-04
-2.323538938E-04
-2.332152508E-04
-2.340353240E-04
-2.348185517E-04
-2.355685283E-04
-2.362881496E-04
-2.369798749E-04
-2.376457123E-04
-2.382874372E-04
-2.389065776E-04
-2.395044721E-04
-2.400822705E-04
-2.406410204E-04
-2.411816531E-04
-2.417050127E-04
-2.422118414E-04
-2.427028230E-04
-2.431785833E-04
-2.436396899E-04
-2.440866811E-04
-2.445200225E-04
-2.449401654E-04
-2.453475026E-04
-2.457424416E-04
-2.461253316E-04
-2.464964928E-04
-2.468562161E-04
-2.472048509E-04
-2.475426008E-04
-2.478697279E-04
-2.481865231E-04
-2.484931319E-04
-2.487898455E-04
-2.490767802E-04
-2.493541688E-04
-2.496221859E-04
-2.498809772E-04
-2.501306881E-04
-2.503715223E-04
-2.506035380E-04
-2.508269390E-04
-2.510418126E-04
-2.512482752E-04
-2.514464431E-04
-2.516364038E-04
-2.518183028E-04
-2.519921691E-04
-2.521581482E-04
-2.523162693E-04
-2.524666488E-04
-2.526093449E-04
-2.527444158E-04
-2.528719197E-04
-2.529919730E-04
-2.531045466E-04
-2.532097569E-04
-2.533076040E-04
-2.533981751E-04
-2.534814994E-04
-2.535575768E-04
-2.536264947E-04
-2.536882530E-04
-2.537428518E-04
-2.537903783E-04
-2.538308036E-04
-2.538641565E-04
-2.538904664E-04
-2.539097040E-04
-2.539219277E-04
-2.539252746E-04
-2.539163979E-04
-2.539004781E-04
-2.538775152E-04
-2.538474801E-04
-2.538104018E-04
-2.537662222E-04
-2.537149412E-04
-2.536565298E-04
-2.535909589E-04
-2.535181993E-04
-2.534382220E-04
-2.533509978E-04
-2.532564977E-04
-2.531546343E-04
-2.530453785E-04
-2.529286721E-04
-2.528044861E-04
-2.526727621E-04
-2.525334130E-04
-2.523863805E-04
-2.522316063E-04
-2.520689741E-04
-2.518984256E-04
-2.517199027E-04
-2.515332599E-04
-2.513384388E-04
-2.511353232E-04
-2.509237966E-04
-2.507037716E-04
-2.504750737E-04
-2.502376155E-04
-2.499912225E-04
-2.497357782E-04
-2.494711371E-04
-2.491970954E-04
-2.489134786E-04
-2.486201411E-04
-2.483168792E-04
-2.480034600E-04
-2.476796799E-04
-2.473452769E-04
-2.470000181E-04
-2.466436417E-04
-2.462758275E-04
-2.458963136E-04
-2.455047215E-04
-2.451007313E-04
-2.446839644E-04
-2.442539844E-04
-2.438103838E-04
-2.433526388E-04
-2.428802400E-04
-2.423926198E-04
-2.418891672E-04
-2.413691982E-04
-2.408319269E-04
-2.402765531E-04
-2.397021308E-04
-2.391076268E-04
-2.384918625E-04
-2.378534991E-04
-2.371910377E-04
-2.365027176E-04
-2.357864723E-04
-2.350398863E-04
-2.342600492E-04
-2.334433666E-04
-2.325854002E-04
-2.316803730E-04
-2.307206159E-04
-2.296952007E-04
-2.285881783E-04
-2.273703140E-04
-2.259843313E-04
-2.539253910E-04
-2.539166890E-04
-2.539009729E-04
-2.538781846E-04
-2.538483532E-04
-2.538114786E-04
-2.537675027E-04
-2.537164546E-04
-2.536582469E-04
-2.535929380E-04
-2.535204403E-04
-2.534407540E-04
-2.533538209E-04
-2.532596118E-04
-2.531580685E-04
-2.530491911E-04
-2.529328922E-04
-2.528091136E-04
-2.526778262E-04
-2.525389427E-04
-2.523924340E-04
-2.522381837E-04
-2.520761336E-04
-2.519062255E-04
-2.517283719E-04
-2.515424567E-04
-2.513483923E-04
-2.511460916E-04
-2.509354381E-04
-2.507163153E-04
-2.504886070E-04
-2.502521966E-04
-2.500069677E-04
-2.497527166E-04
-2.494893270E-04
-2.492166532E-04
-2.489345206E-04
-2.486427256E-04
-2.483410935E-04
-2.480294206E-04
-2.477074740E-04
-2.473750501E-04
-2.470319159E-04
-2.466777514E-04
-2.463123528E-04
-2.459353709E-04
-2.455464855E-04
-2.451454056E-04
-2.447316947E-04
-2.443050325E-04
-2.438649244E-04
-2.434109338E-04
-2.429425658E-04
-2.424592676E-04
-2.419604425E-04
-2.414454502E-04
-2.409135486E-04
-2.403639664E-04
-2.397958160E-04
-2.392081078E-04
-2.385997504E-04
-2.379694924E-04
-2.373159077E-04
-2.366373665E-04
-2.359319624E-04
-2.351974981E-04
-2.344313107E-04
-2.336301404E-04
-2.327900438E-04
-2.319059859E-04
-2.309713309E-04
-2.299769694E-04
-2.289098484E-04
-2.277487365E-04
-2.264558279E-04
-2.249211830E-04
-2.539270790E-04
-2.539216948E-04
-2.539092966E-04
-2.538898552E-04
-2.538633707E-04
-2.538298140E-04
-2.537891851E-04
-2.537414839E-04
-2.536866232E-04
-2.536246320E-04
-2.535554813E-04
-2.534791420E-04
-2.533955267E-04
-2.533046645E-04
-2.532064682E-04
-2.531009086E-04
-2.529879566E-04
-2.528675250E-04
-2.527395845E-04
-2.526040480E-04
-2.524608572E-04
-2.523099538E-04
-2.521512797E-04
-2.519846894E-04
-2.518101828E-04
-2.516276145E-04
-2.514368971E-04
-2.512379433E-04
-2.510306367E-04
-2.508148609E-04
-2.505904995E-04
-2.503574360E-04
-2.501155250E-04
-2.498646500E-04
-2.496046072E-04
-2.493352804E-04
-2.490564948E-04
-2.487680467E-04
-2.484697616E-04
-2.481614647E-04
-2.478428651E-04
-2.475138172E-04
-2.471740299E-04
-2.468232415E-04
-2.464611898E-04
-2.460875548E-04
-2.457020455E-04
-2.453043126E-04
-2.448939777E-04
-2.444706624E-04
-2.440339158E-04
-2.435833012E-04
-2.431183093E-04
-2.426383726E-04
-2.421429235E-04
-2.416312927E-04
-2.411027672E-04
-2.405565610E-04
-2.399917867E-04
-2.394074545E-04
-2.388024732E-04
-2.381755912E-04
-2.375253825E-04
-2.368502319E-04
-2.361482329E-04
-2.354171447E-04
-2.346543333E-04
-2.338565682E-04
-2.330198622E-04
-2.321391948E-04
-2.312079159E-04
-2.302169742E-04
-2.291532437E-04
-2.279955224E-04
-2.267060336E-04
-2.251747937E-04
