-2.558562264E-04
-2.260849433E-04
-2.258296736E-04
-2.558543638E-04
-2.558454871E-04
-2.558295673E-04
-2.558066044E-04
-2.557765984E-04
-2.557394910E-04
-2.556953114E-04
-2.556440304E-04
-2.555856190E-04
-2.555200190E-04
-2.554472594E-04
-2.553672821E-04
-2.552800579E-04
-2.551855287E-04
-2.550836361E-04
-2.549743804E-04
-2.548576740E-04
-2.547334880E-04
-2.546017349E-04
-2.544623858E-04
-2.543153241E-04
-2.541605500E-04
-2.539978886E-04
-2.538273402E-04
-2.536487882E-04
-2.534621453E-04
-2.532673243E-04
-2.530641796E-04
-2.528526529E-04
-2.526325989E-04
-2.524038719E-04
-2.521664137E-04
-2.519200207E-04
-2.516645472E-04
-2.513998770E-04
-2.511258353E-04
-2.508422185E-04
-2.505488519E-04
-2.502455900E-04
-2.499321417E-04
-2.496083325E-04
-2.492739295E-04
-2.489286708E-04
-2.485722653E-04
-2.482044511E-04
-2.478249371E-04
-2.474333451E-04
-2.470293548E-04
-2.466125879E-04
-2.461826080E-04
-2.457389783E-04
-2.452812332E-04
-2.448088198E-04
-2.443212143E-04
-2.438177617E-04
-2.432977926E-04
-2.427605359E-04
-2.422051621E-04
-2.416307543E-04
-2.410362504E-04
-2.404205006E-04
-2.397821518E-04
-2.391197195E-04
-2.384313993E-04
-2.377151832E-04
-2.369686117E-04
-2.361887891E-04
-2.353721502E-04
-2.345141984E-04
-2.336092002E-04
-2.326494869E-04
-2.316241007E-04
-2.305171220E-04
-2.292993013E-04
-2.279133623E-04
-2.276614687E-04
-2.290508273E-04
-2.302720532E-04
-2.313824371E-04
-2.324111992E-04
-2.333743178E-04
-2.342827211E-04
-2.351440489E-04
-2.359640930E-04
-2.367473062E-04
-2.374972537E-04
-2.382168605E-04
-2.389085566E-04
-2.395743795E-04
-2.402161044E-04
-2.408352302E-04
-2.414331102E-04
-2.420108940E-04
-2.425696439E-04
-2.431102766E-04
-2.436336217E-04
-2.441404504E-04
-2.446314320E-04
-2.451071923E-04
-2.455683134E-04
-2.460152900E-04
-2.464486461E-04
-2.468687890E-04
-2.472761262E-04
-2.476710943E-04
-2.480539843E-04
-2.484251454E-04
-2.487848978E-04
-2.491335035E-04
-2.494712826E-04
-2.497984387E-04
-2.501152339E-04
-2.504218719E-04
-2.507185563E-04
-2.510055201E-04
-2.512829378E-04
-2.515509550E-04
-2.518097754E-04
-2.520595153E-04
-2.523003204E-04
-2.525323944E-04
-2.527557954E-04
-2.529706690E-04
-2.531771606E-04
-2.533753286E-04
-2.535653184E-04
-2.537472174E-04
-2.539211127E-04
-2.540870919E-04
-2.542452421E-04
-2.543956216E-04
-2.545383177E-04
-2.546734177E-04
-2.548009506E-04
-2.549209748E-04
-2.550335776E-04
-2.551387879E-04
-2.552366641E-04
-2.553272352E-04
-2.554105595E-04
-2.554866660E-04
-2.555555839E-04
-2.556173131E-04
-2.556719410E-04
-2.557194675E-04
-2.557598928E-04
-2.557932457E-04
-2.558195556E-04
-2.558388223E-04
-2.558510459E-04
-2.558561682E-04
-2.558508131E-04
-2.558384149E-04
-2.558189735E-04
-2.557924890E-04
-2.557589323E-04
-2.557183034E-04
-2.556705440E-04
-2.556157124E-04
-2.555537212E-04
-2.554845414E-04
-2.554081730E-04
-2.553245868E-04
-2.552336955E-04
-2.551354992E-04
-2.550299396E-04
-2.549169585E-04
-2.547965269E-04
-2.546685573E-04
-2.545330208E-04
-2.543898299E-04
-2.542389266E-04
-2.540801943E-04
-2.539136331E-04
-2.537390683E-04
-2.535565000E-04
-2.533657535E-04
-2.531667997E-04
-2.529594640E-04
-2.527436882E-04
-2.525193268E-04
-2.522862633E-04
-2.520443231E-04
-2.517934190E-04
-2.515333763E-04
-2.512640494E-04
-2.509852347E-04
-2.506967576E-04
-2.503984724E-04
-2.500901464E-04
-2.497715468E-04
-2.494424698E-04
-2.491026826E-04
-2.487518650E-04
-2.483898134E-04
-2.480161784E-04
-2.476306690E-04
-2.472329361E-04
-2.468226012E-04
-2.463992569E-04
-2.459625248E-04
-2.455119102E-04
-2.450468892E-04
-2.445669670E-04
-2.440715180E-04
-2.435598872E-04
-2.430313762E-04
-2.424851700E-04
-2.419203956E-04
-2.413360780E-04
-2.407311113E-04
-2.401042439E-04
-2.394540497E-04
-2.387789136E-04
-2.380769292E-04
-2.373458701E-04
-2.365830733E-04
-2.357853373E-04
-2.349486604E-04
-2.340680221E-04
-2.331367723E-04
-2.321458596E-04
-2.310821728E-04
-2.299244807E-04
-2.286350500E-04
-2.271037956E-04
-2.558545093E-04
-2.558458073E-04
-2.558300621E-04
-2.558073029E-04
-2.557774715E-04
-2.557405678E-04
-2.556965919E-04
-2.556455438E-04
-2.555873361E-04
-2.555220271E-04
-2.554495004E-04
-2.553698141E-04
-2.552828519E-04
-2.551886428E-04
-2.550870995E-04
-2.549781930E-04
-2.548618941E-04
-2.547381155E-04
-2.546067990E-04
-2.544679155E-04
-2.543213777E-04
-2.541671274E-04
-2.540050773E-04
-2.538351691E-04
-2.536572865E-04
-2.534713421E-04
-2.532772778E-04
-2.530749480E-04
-2.528642945E-04
-2.526451717E-04
-2.524174342E-04
-2.521810238E-04
-2.519357658E-04
-2.516814857E-04
-2.514180960E-04
-2.511454222E-04
-2.508632606E-04
-2.505714365E-04
-2.502698044E-04
-2.499581024E-04
-2.496361558E-04
-2.493037318E-04
-2.489605686E-04
-2.486064332E-04
-2.482410055E-04
-2.478639944E-04
-2.474751382E-04
-2.470740292E-04
-2.466603182E-04
-2.462336270E-04
-2.457935479E-04
-2.453395573E-04
-2.448711894E-04
-2.443878620E-04
-2.438890515E-04
-2.433740592E-04
-2.428421722E-04
-2.422925900E-04
-2.417244541E-04
-2.411367459E-04
-2.405284031E-04
-2.398981596E-04
-2.392445895E-04
-2.385660628E-04
-2.378606878E-04
-2.371262381E-04
-2.363600652E-04
-2.355589240E-04
-2.347188565E-04
-2.338348277E-04
-2.329002018E-04
-2.319058840E-04
-2.308387920E-04
-2.296777238E-04
-2.283848589E-04
-2.268502139E-04
