-2.932464704E-04
-2.632475516E-04
-2.635025303E-04
-2.650780661E-04
-2.664661733E-04
-2.676862059E-04
-2.687954111E-04
-2.698230674E-04
-2.707850945E-04
-2.716924355E-04
-2.725527738E-04
-2.733718429E-04
-2.741541248E-04
-2.749031701E-04
-2.756219183E-04
-2.763127850E-04
-2.769778075E-04
-2.776187612E-04
-2.782371594E-04
-2.788343409E-04
-2.794114698E-04
-2.799695649E-04
-2.805095864E-04
-2.810323494E-04
-2.815386397E-04
-2.820290974E-04
-2.825043630E-04
-2.829649893E-04
-2.834115294E-04
-2.838444489E-04
-2.842641843E-04
-2.846711432E-04
-2.850657329E-04
-2.854483027E-04
-2.858191438E-04
-2.861786052E-04
-2.865269489E-04
-2.868644369E-04
-2.871913603E-04
-2.875078935E-04
-2.878143277E-04
-2.881108376E-04
-2.883975976E-04
-2.886748407E-04
-2.889427124E-04
-2.892013581E-04
-2.894509817E-04
-2.896916703E-04
-2.899235988E-04
-2.901469124E-04
-2.903616987E-04
-2.905681031E-04
-2.907661838E-04
-2.909561154E-04
-2.911379270E-04
-2.913117642E-04
-2.914776851E-04
-2.916358062E-04
-2.917861566E-04
-2.919287945E-04
-2.920638653E-04
-2.921913692E-04
-2.923113934E-04
-2.924239670E-04
-2.925291483E-04
-2.926270245E-04
-2.927175665E-04
-2.928008907E-04
-2.928769682E-04
-2.929458860E-04
-2.930076153E-04
-2.930622431E-04
-2.931097406E-04
-2.931501658E-04
-2.931835188E-04
-2.932098287E-04
-2.932290954E-04
-2.932412899E-04
-2.932446369E-04
-2.932357602E-04
-2.932198404E-04
-2.931968775E-04
-2.931668423E-04
-2.931297640E-04
-2.930855844E-04
-2.930343035E-04
-2.929758630E-04
-2.929103211E-04
-2.928375616E-04
-2.927575842E-04
-2.926703601E-04
-2.925758308E-04
-2.924739674E-04
-2.923647407E-04
-2.922480635E-04
-2.921238774E-04
-2.919921535E-04
-2.918528335E-04
-2.917058300E-04
-2.915510559E-04
-2.913884819E-04
-2.912179916E-04
-2.910394978E-04
-2.908529132E-04
-2.906581503E-04
-2.904551220E-04
-2.902436536E-04
-2.900237159E-04
-2.897951053E-04
-2.895577636E-04
-2.893114870E-04
-2.890561882E-04
-2.887916635E-04
-2.885177673E-04
-2.882343542E-04
-2.879411913E-04
-2.876381041E-04
-2.873249177E-04
-2.870013413E-04
-2.866672003E-04
-2.863222035E-04
-2.859661181E-04
-2.855986240E-04
-2.852194302E-04
-2.848281874E-04
-2.844245755E-04
-2.840082161E-04
-2.835786436E-04
-2.831354795E-04
-2.826782002E-04
-2.822063107E-04
-2.817191998E-04
-2.812163148E-04
-2.806968987E-04
-2.801602532E-04
-2.796055051E-04
-2.790317521E-04
-2.784379758E-04
-2.778229245E-04
-2.771853469E-04
-2.765237004E-04
-2.758362098E-04
-2.751208667E-04
-2.743751975E-04
-2.735962917E-04
-2.727805986E-04
-2.719236654E-04
-2.710197004E-04
-2.700610785E-04
-2.690368274E-04
-2.679309982E-04
-2.667143708E-04
-2.653296688E-04
-2.932447824E-04
-2.932360803E-04
-2.932203352E-04
-2.931975760E-04
-2.931677445E-04
-2.931308409E-04
-2.930868941E-04
-2.930358169E-04
-2.929776383E-04
-2.929123293E-04
-2.928398317E-04
-2.927601454E-04
-2.926732122E-04
-2.925790031E-04
-2.924774890E-04
-2.923686116E-04
-2.922523126E-04
-2.921285632E-04
-2.919972758E-04
-2.918584214E-04
-2.917119418E-04
-2.915577206E-04
-2.913957287E-04
-2.912258497E-04
-2.910480252E-04
-2.908621682E-04
-2.906681621E-04
-2.904659486E-04
-2.902553533E-04
-2.900363179E-04
-2.898087259E-04
-2.895724319E-04
-2.893272904E-04
-2.890731848E-04
-2.888099407E-04
-2.885374124E-04
-2.882554254E-04
-2.879638050E-04
-2.876623766E-04
-2.873509075E-04
-2.870291937E-04
-2.866970317E-04
-2.863541304E-04
-2.860002860E-04
-2.856351784E-04
-2.852584876E-04
-2.848699805E-04
-2.844692499E-04
-2.840559464E-04
-2.836296626E-04
-2.831899910E-04
-2.827364660E-04
-2.822685929E-04
-2.817857894E-04
-2.812875027E-04
-2.807730925E-04
-2.802418021E-04
-2.796928457E-04
-2.791253501E-04
-2.785383258E-04
-2.779306960E-04
-2.773012093E-04
-2.766484104E-04
-2.759706986E-04
-2.752661530E-04
-2.745325910E-04
-2.737673349E-04
-2.729671542E-04
-2.721280907E-04
-2.712450805E-04
-2.703115169E-04
-2.693182905E-04
-2.682523627E-04
-2.670924587E-04
-2.658008307E-04
-2.642674372E-04
-2.932464413E-04
-2.932410862E-04
-2.932286588E-04
-2.932092175E-04
-2.931827330E-04
-2.931491763E-04
-2.931085473E-04
-2.930608171E-04
-2.930059854E-04
-2.929439943E-04
-2.928748436E-04
-2.927984751E-04
-2.927148889E-04
-2.926239977E-04
-2.925258304E-04
-2.924202709E-04
-2.923073189E-04
-2.921869163E-04
-2.920589759E-04
-2.919234685E-04
-2.917803067E-04
-2.916294325E-04
-2.914707584E-04
-2.913042263E-04
-2.911297488E-04
-2.909472387E-04
-2.907565795E-04
-2.905576839E-04
-2.903504355E-04
-2.901347470E-04
-2.899105020E-04
-2.896775259E-04
-2.894357312E-04
-2.891849726E-04
-2.889250754E-04
-2.886558941E-04
-2.883772540E-04
-2.880890097E-04
-2.877908992E-04
-2.874828060E-04
-2.871644392E-04
-2.868356241E-04
-2.864960697E-04
-2.861455723E-04
-2.857838117E-04
-2.854104969E-04
-2.850253368E-04
-2.846279531E-04
-2.842180256E-04
-2.837950888E-04
-2.833587932E-04
-2.829086152E-04
-2.824441181E-04
-2.819646907E-04
-2.814697800E-04
-2.809587168E-04
-2.804307733E-04
-2.798851929E-04
-2.793210733E-04
-2.787374542E-04
-2.781331714E-04
-2.775070607E-04
-2.768576378E-04
-2.761833020E-04
-2.754821617E-04
-2.747519757E-04
-2.739900956E-04
-2.731933200E-04
-2.723576035E-04
-2.714779985E-04
-2.705478109E-04
-2.695580188E-04
-2.684954670E-04
-2.673389390E-04
-2.660507162E-04
-2.645207569E-04
