-3.068237856E-04
-2.768391569E-04
-2.770963183E-04
-2.786691766E-04
-2.800568182E-04
-2.812763560E-04
-2.823851246E-04
-2.834123152E-04
-2.843739057E-04
-2.852808102E-04
-2.861407120E-04
-2.869594027E-04
-2.877412771E-04
-2.884899441E-04
-2.892082848E-04
-2.898988023E-04
-2.905634756E-04
-2.912040800E-04
-2.918221289E-04
-2.924189903E-04
-2.929957991E-04
-2.935536031E-04
-2.940933045E-04
-2.946157765E-04
-2.951217757E-04
-2.956119424E-04
-2.960869460E-04
-2.965473104E-04
-2.969936177E-04
-2.974262752E-04
-2.978458069E-04
-2.982525330E-04
-2.986469190E-04
-2.990292560E-04
-2.993998933E-04
-2.997591509E-04
-3.001073201E-04
-3.004446335E-04
-3.007713531E-04
-3.010877408E-04
-3.013940004E-04
-3.016903647E-04
-3.019769792E-04
-3.022540768E-04
-3.025218030E-04
-3.027803323E-04
-3.030298103E-04
-3.032703826E-04
-3.035022237E-04
-3.037253919E-04
-3.039400908E-04
-3.041463788E-04
-3.043444012E-04
-3.045342164E-04
-3.047159698E-04
-3.048897197E-04
-3.050555824E-04
-3.052136162E-04
-3.053638793E-04
-3.055064881E-04
-3.056415007E-04
-3.057689464E-04
-3.058889124E-04
-3.060014569E-04
-3.061066091E-04
-3.062044270E-04
-3.062949399E-04
-3.063782351E-04
-3.064542834E-04
-3.065231722E-04
-3.065849014E-04
-3.066395293E-04
-3.066870268E-04
-3.067274520E-04
-3.067608050E-04
-3.067870857E-04
-3.068063525E-04
-3.068185761E-04
-3.068219521E-04
-3.068130754E-04
-3.067971847E-04
-3.067742509E-04
-3.067442449E-04
-3.067071957E-04
-3.066630452E-04
-3.066117933E-04
-3.065534402E-04
-3.064879274E-04
-3.064152261E-04
-3.063353070E-04
-3.062481410E-04
-3.061536700E-04
-3.060518939E-04
-3.059427254E-04
-3.058261063E-04
-3.057020076E-04
-3.055704001E-04
-3.054311383E-04
-3.052842221E-04
-3.051295644E-04
-3.049670777E-04
-3.047967039E-04
-3.046183265E-04
-3.044318582E-04
-3.042372118E-04
-3.040342999E-04
-3.038229770E-04
-3.036031558E-04
-3.033747198E-04
-3.031374945E-04
-3.028913925E-04
-3.026362392E-04
-3.023718891E-04
-3.020981676E-04
-3.018149291E-04
-3.015219409E-04
-3.012190573E-04
-3.009060456E-04
-3.005827020E-04
-3.002487647E-04
-2.999040007E-04
-2.995481191E-04
-2.991808578E-04
-2.988018969E-04
-2.984109160E-04
-2.980075660E-04
-2.975914394E-04
-2.971621579E-04
-2.967192559E-04
-2.962622675E-04
-2.957906690E-04
-2.953038784E-04
-2.948012843E-04
-2.942822175E-04
-2.937458921E-04
-2.931914933E-04
-2.926180896E-04
-2.920246334E-04
-2.914099896E-04
-2.907727612E-04
-2.901114931E-04
-2.894244099E-04
-2.887094743E-04
-2.879642125E-04
-2.871857432E-04
-2.863704867E-04
-2.855139901E-04
-2.846104908E-04
-2.836523345E-04
-2.826285490E-04
-2.815232147E-04
-2.803071111E-04
-2.789229038E-04
-3.068220394E-04
-3.068133374E-04
-3.067975922E-04
-3.067748330E-04
-3.067450016E-04
-3.067080979E-04
-3.066641511E-04
-3.066131030E-04
-3.065549245E-04
-3.064896446E-04
-3.064171760E-04
-3.063374897E-04
-3.062505857E-04
-3.061564348E-04
-3.060549498E-04
-3.059461014E-04
-3.058298607E-04
-3.057061695E-04
-3.055749403E-04
-3.054361441E-04
-3.052896936E-04
-3.051355598E-04
-3.049736260E-04
-3.048038343E-04
-3.046260972E-04
-3.044403275E-04
-3.042464086E-04
-3.040442825E-04
-3.038338036E-04
-3.036148846E-04
-3.033873800E-04
-3.031512024E-04
-3.029061772E-04
-3.026521881E-04
-3.023890895E-04
-3.021167067E-04
-3.018348652E-04
-3.015434195E-04
-3.012421366E-04
-3.009308421E-04
-3.006093029E-04
-3.002772864E-04
-2.999345888E-04
-2.995809191E-04
-2.992160153E-04
-2.988395572E-04
-2.984512539E-04
-2.980507561E-04
-2.976376563E-04
-2.972116345E-04
-2.967721957E-04
-2.963189327E-04
-2.958513214E-04
-2.953687799E-04
-2.948707843E-04
-2.943566651E-04
-2.938256366E-04
-2.932770003E-04
-2.927098249E-04
-2.921231498E-04
-2.915158402E-04
-2.908866736E-04
-2.902342530E-04
-2.895568905E-04
-2.888527233E-04
-2.881195687E-04
-2.873546910E-04
-2.865549177E-04
-2.857162326E-04
-2.848336590E-04
-2.839005319E-04
-2.829077712E-04
-2.818422799E-04
-2.806828707E-04
-2.793917083E-04
-2.778588387E-04
-3.068237274E-04
-3.068183723E-04
-3.068060032E-04
-3.067865910E-04
-3.067601356E-04
-3.067266080E-04
-3.066860081E-04
-3.066383069E-04
-3.065835044E-04
-3.065215715E-04
-3.064524790E-04
-3.063761687E-04
-3.062926116E-04
-3.062018077E-04
-3.061036987E-04
-3.059982264E-04
-3.058853326E-04
-3.057650174E-04
-3.056371643E-04
-3.055017150E-04
-3.053586406E-04
-3.052078828E-04
-3.050493251E-04
-3.048828803E-04
-3.047085193E-04
-3.045260964E-04
-3.043355828E-04
-3.041368036E-04
-3.039297007E-04
-3.037141578E-04
-3.034900292E-04
-3.032571985E-04
-3.030155785E-04
-3.027649655E-04
-3.025052138E-04
-3.022362071E-04
-3.019577416E-04
-3.016696719E-04
-3.013717651E-04
-3.010638466E-04
-3.007456835E-04
-3.004170721E-04
-3.000777506E-04
-2.997274569E-04
-2.993659291E-04
-2.989928471E-04
-2.986079489E-04
-2.982107981E-04
-2.978011325E-04
-2.973784576E-04
-2.969424531E-04
-2.964925661E-04
-2.960283309E-04
-2.955491946E-04
-2.950546041E-04
-2.945438609E-04
-2.940162376E-04
-2.934710064E-04
-2.929072070E-04
-2.923239372E-04
-2.917200327E-04
-2.910942712E-04
-2.904452558E-04
-2.897712984E-04
-2.890705655E-04
-2.883407869E-04
-2.875793143E-04
-2.867829753E-04
-2.859477245E-04
-2.850685560E-04
-2.841388341E-04
-2.831495076E-04
-2.820874506E-04
-2.809314174E-04
-2.796437184E-04
-2.781142830E-04
