-2.674528223E-04
-2.374305768E-04
-2.376855409E-04
-2.392620372E-04
-2.406510612E-04
-2.418719669E-04
-2.429820452E-04
-2.440105309E-04
-2.449733729E-04
-2.458814997E-04
-2.467425948E-04
-2.475624206E-04
-2.483454009E-04
-2.490951447E-04
-2.498145332E-04
-2.505060693E-04
-2.511717030E-04
-2.518132678E-04
-2.524322481E-04
-2.530299826E-04
-2.536076354E-04
-2.541662834E-04
-2.547067998E-04
-2.552300284E-04
-2.557367552E-04
-2.562276495E-04
-2.567033516E-04
-2.571643854E-04
-2.576113329E-04
-2.580446017E-04
-2.584647154E-04
-2.588720236E-04
-2.592669334E-04
-2.596497943E-04
-2.600209264E-04
-2.603806788E-04
-2.607292845E-04
-2.610670344E-04
-2.613941906E-04
-2.617109858E-04
-2.620176238E-04
-2.623143373E-04
-2.626013302E-04
-2.628787479E-04
-2.631467651E-04
-2.634056145E-04
-2.636553836E-04
-2.638962178E-04
-2.641282917E-04
-2.643517510E-04
-2.645666536E-04
-2.647731744E-04
-2.649713715E-04
-2.651613904E-04
-2.653433185E-04
-2.655172430E-04
-2.656832512E-04
-2.658414305E-04
-2.659918682E-04
-2.661345934E-04
-2.662696934E-04
-2.663972555E-04
-2.665173379E-04
-2.666299697E-04
-2.667352092E-04
-2.668331144E-04
-2.669237147E-04
-2.670070389E-04
-2.670831745E-04
-2.671520924E-04
-2.672138799E-04
-2.672685077E-04
-2.673160343E-04
-2.673564886E-04
-2.673898416E-04
-2.674161515E-04
-2.674354182E-04
-2.674476418E-04
-2.674509597E-04
-2.674420830E-04
-2.674261632E-04
-2.674031712E-04
-2.673731360E-04
-2.673360286E-04
-2.672918490E-04
-2.672405390E-04
-2.671820985E-04
-2.671164984E-04
-2.670437098E-04
-2.669637033E-04
-2.668764500E-04
-2.667818626E-04
-2.666799701E-04
-2.665706852E-04
-2.664539497E-04
-2.663297055E-04
-2.661979233E-04
-2.660585451E-04
-2.659114543E-04
-2.657566220E-04
-2.655939315E-04
-2.654233540E-04
-2.652447729E-04
-2.650581009E-04
-2.648632217E-04
-2.646600478E-04
-2.644484630E-04
-2.642283798E-04
-2.639996528E-04
-2.637621365E-04
-2.635157143E-04
-2.632602409E-04
-2.629955416E-04
-2.627214708E-04
-2.624378540E-04
-2.621444874E-04
-2.618411672E-04
-2.615277481E-04
-2.612039389E-04
-2.608695359E-04
-2.605242771E-04
-2.601679007E-04
-2.598000865E-04
-2.594206017E-04
-2.590290387E-04
-2.586250775E-04
-2.582083398E-04
-2.577784180E-04
-2.573348465E-04
-2.568771597E-04
-2.564048336E-04
-2.559173154E-04
-2.554139355E-04
-2.548940829E-04
-2.543569135E-04
-2.538016706E-04
-2.532273647E-04
-2.526330063E-04
-2.520174021E-04
-2.513792424E-04
-2.507169556E-04
-2.500288247E-04
-2.493127831E-04
-2.485664445E-04
-2.477868402E-04
-2.469704195E-04
-2.461127006E-04
-2.452079789E-04
-2.442485129E-04
-2.432234178E-04
-2.421167446E-04
-2.408992295E-04
-2.395136107E-04
-2.674511052E-04
-2.674424031E-04
-2.674266580E-04
-2.674038697E-04
-2.673740382E-04
-2.673371346E-04
-2.672931587E-04
-2.672420815E-04
-2.671838738E-04
-2.671185357E-04
-2.670460090E-04
-2.669662645E-04
-2.668793022E-04
-2.667850640E-04
-2.666835207E-04
-2.665745851E-04
-2.664582280E-04
-2.663344203E-04
-2.662031038E-04
-2.660641621E-04
-2.659175952E-04
-2.657633158E-04
-2.656012366E-04
-2.654312702E-04
-2.652533585E-04
-2.650674141E-04
-2.648732916E-04
-2.646709618E-04
-2.644602500E-04
-2.642410982E-04
-2.640133607E-04
-2.637768921E-04
-2.635316050E-04
-2.632773248E-04
-2.630139061E-04
-2.627412032E-04
-2.624590416E-04
-2.621672174E-04
-2.618655562E-04
-2.615538833E-04
-2.612319367E-04
-2.608995128E-04
-2.605563495E-04
-2.602022141E-04
-2.598368155E-04
-2.594598336E-04
-2.590710064E-04
-2.586699266E-04
-2.582562738E-04
-2.578296408E-04
-2.573895908E-04
-2.569356584E-04
-2.564673778E-04
-2.559841378E-04
-2.554854145E-04
-2.549705096E-04
-2.544387244E-04
-2.538892732E-04
-2.533212537E-04
-2.527337056E-04
-2.521254937E-04
-2.514953958E-04
-2.508420148E-04
-2.501636627E-04
-2.494584769E-04
-2.487242164E-04
-2.479582618E-04
-2.471573534E-04
-2.463175333E-04
-2.454337664E-04
-2.444993879E-04
-2.435053466E-04
-2.424385602E-04
-2.412777976E-04
-2.399852528E-04
-2.384509426E-04
-2.674527641E-04
-2.674474090E-04
-2.674349817E-04
-2.674155403E-04
-2.673890267E-04
-2.673554700E-04
-2.673148119E-04
-2.672670817E-04
-2.672121918E-04
-2.671502007E-04
-2.670809918E-04
-2.670046233E-04
-2.669209789E-04
-2.668300585E-04
-2.667318331E-04
-2.666262444E-04
-2.665132342E-04
-2.663927735E-04
-2.662647748E-04
-2.661291801E-04
-2.659859601E-04
-2.658349986E-04
-2.656762663E-04
-2.655096469E-04
-2.653350821E-04
-2.651524555E-04
-2.649616799E-04
-2.647626679E-04
-2.645553323E-04
-2.643394982E-04
-2.641151077E-04
-2.638819860E-04
-2.636400459E-04
-2.633891127E-04
-2.631290408E-04
-2.628596849E-04
-2.625808702E-04
-2.622923930E-04
-2.619940788E-04
-2.616857528E-04
-2.613671531E-04
-2.610380761E-04
-2.606982889E-04
-2.603475004E-04
-2.599854488E-04
-2.596118429E-04
-2.592263336E-04
-2.588286297E-04
-2.584183239E-04
-2.579950669E-04
-2.575583640E-04
-2.571078076E-04
-2.566428739E-04
-2.561630099E-04
-2.556676627E-04
-2.551561338E-04
-2.546276955E-04
-2.540816204E-04
-2.535169479E-04
-2.529327758E-04
-2.523279400E-04
-2.517012472E-04
-2.510512131E-04
-2.503762371E-04
-2.496744273E-04
-2.489435719E-04
-2.481809934E-04
-2.473834902E-04
-2.465470461E-04
-2.456666552E-04
-2.447356819E-04
-2.437450312E-04
-2.426816354E-04
-2.415242488E-04
-2.402351383E-04
-2.387042186E-04
