-2.741059579E-04
-2.440878307E-04
-2.443439153E-04
-2.459190728E-04
-2.473078785E-04
-2.485285804E-04
-2.496384550E-04
-2.506667515E-04
-2.516294189E-04
-2.525373711E-04
-2.533982915E-04
-2.542179427E-04
-2.550007775E-04
-2.557503758E-04
-2.564696188E-04
-2.571610094E-04
-2.578265266E-04
-2.584679460E-04
-2.590868098E-04
-2.596844279E-04
-2.602619934E-04
-2.608205250E-04
-2.613609249E-04
-2.618840954E-04
-2.623907349E-04
-2.628815419E-04
-2.633571567E-04
-2.638181322E-04
-2.642649924E-04
-2.646982030E-04
-2.651182585E-04
-2.655255084E-04
-2.659203601E-04
-2.663031628E-04
-2.666742657E-04
-2.670339600E-04
-2.673825365E-04
-2.677202574E-04
-2.680473845E-04
-2.683641505E-04
-2.686707594E-04
-2.689674729E-04
-2.692544076E-04
-2.695318253E-04
-2.697998425E-04
-2.700586629E-04
-2.703084028E-04
-2.705492370E-04
-2.707813110E-04
-2.710047411E-04
-2.712196438E-04
-2.714261645E-04
-2.716243616E-04
-2.718143805E-04
-2.719963086E-04
-2.721702331E-04
-2.723362413E-04
-2.724944206E-04
-2.726448583E-04
-2.727875835E-04
-2.729227126E-04
-2.730502747E-04
-2.731703571E-04
-2.732829889E-04
-2.733882284E-04
-2.734861337E-04
-2.735767630E-04
-2.736600873E-04
-2.737362229E-04
-2.738051699E-04
-2.738669573E-04
-2.739215852E-04
-2.739691408E-04
-2.740095661E-04
-2.740429481E-04
-2.740692580E-04
-2.740885247E-04
-2.741007484E-04
-2.741041244E-04
-2.740952186E-04
-2.740792988E-04
-2.740563359E-04
-2.740263008E-04
-2.739892225E-04
-2.739450138E-04
-2.738937328E-04
-2.738352923E-04
-2.737696923E-04
-2.736969327E-04
-2.736169263E-04
-2.735296730E-04
-2.734351147E-04
-2.733332221E-04
-2.732239373E-04
-2.731072018E-04
-2.729829866E-04
-2.728512045E-04
-2.727118263E-04
-2.725647646E-04
-2.724099322E-04
-2.722472709E-04
-2.720766934E-04
-2.718981123E-04
-2.717114694E-04
-2.715166193E-04
-2.713134454E-04
-2.711019188E-04
-2.708818356E-04
-2.706531086E-04
-2.704156504E-04
-2.701692283E-04
-2.699137840E-04
-2.696491138E-04
-2.693750721E-04
-2.690914844E-04
-2.687981760E-04
-2.684949141E-04
-2.681815240E-04
-2.678577730E-04
-2.675233991E-04
-2.671781986E-04
-2.668218804E-04
-2.664541535E-04
-2.660746977E-04
-2.656831930E-04
-2.652793191E-04
-2.648626687E-04
-2.644328051E-04
-2.639893210E-04
-2.635317214E-04
-2.630595118E-04
-2.625720517E-04
-2.620687883E-04
-2.615490230E-04
-2.610119991E-04
-2.604568435E-04
-2.598826832E-04
-2.592884703E-04
-2.586729825E-04
-2.580349392E-04
-2.573728270E-04
-2.566848416E-04
-2.559689747E-04
-2.552227816E-04
-2.544433228E-04
-2.536271058E-04
-2.527695906E-04
-2.518650144E-04
-2.509057813E-04
-2.498808899E-04
-2.487744205E-04
-2.475571237E-04
-2.461717522E-04
-2.741042408E-04
-2.740955388E-04
-2.740797936E-04
-2.740570053E-04
-2.740271448E-04
-2.739902411E-04
-2.739462361E-04
-2.738951589E-04
-2.738369512E-04
-2.737715840E-04
-2.736990573E-04
-2.736193419E-04
-2.735323505E-04
-2.734381123E-04
-2.733365400E-04
-2.732276043E-04
-2.731112472E-04
-2.729874395E-04
-2.728560939E-04
-2.727171814E-04
-2.725706145E-04
-2.724163060E-04
-2.722542267E-04
-2.720842604E-04
-2.719063486E-04
-2.717204043E-04
-2.715262817E-04
-2.713239519E-04
-2.711132693E-04
-2.708940883E-04
-2.706663799E-04
-2.704299404E-04
-2.701846533E-04
-2.699303732E-04
-2.696669835E-04
-2.693942806E-04
-2.691121481E-04
-2.688203531E-04
-2.685187210E-04
-2.682070481E-04
-2.678851306E-04
-2.675527357E-04
-2.672096307E-04
-2.668555244E-04
-2.664901840E-04
-2.661132603E-04
-2.657244622E-04
-2.653234405E-04
-2.649098460E-04
-2.644832712E-04
-2.640432795E-04
-2.635894343E-04
-2.631212119E-04
-2.626380592E-04
-2.621394233E-04
-2.616246056E-04
-2.610929369E-04
-2.605435729E-04
-2.599756699E-04
-2.593882091E-04
-2.587801137E-04
-2.581501612E-04
-2.574968676E-04
-2.568186610E-04
-2.561136207E-04
-2.553795348E-04
-2.546137257E-04
-2.538129629E-04
-2.529733174E-04
-2.520896960E-04
-2.511555213E-04
-2.501616837E-04
-2.490950865E-04
-2.479345130E-04
-2.466421865E-04
-2.451081236E-04
-2.741058997E-04
-2.741005446E-04
-2.740881464E-04
-2.740687050E-04
-2.740422206E-04
-2.740086347E-04
-2.739680058E-04
-2.739202755E-04
-2.738654148E-04
-2.738033945E-04
-2.737342147E-04
-2.736578172E-04
-2.735742019E-04
-2.734833106E-04
-2.733850852E-04
-2.732794965E-04
-2.731665154E-04
-2.730460255E-04
-2.729180560E-04
-2.727824904E-04
-2.726392704E-04
-2.724883088E-04
-2.723295765E-04
-2.721629862E-04
-2.719884214E-04
-2.718058240E-04
-2.716150775E-04
-2.714160655E-04
-2.712087298E-04
-2.709929540E-04
-2.707685635E-04
-2.705355000E-04
-2.702935599E-04
-2.700426558E-04
-2.697826130E-04
-2.695132862E-04
-2.692345006E-04
-2.689460525E-04
-2.686477965E-04
-2.683394996E-04
-2.680209582E-04
-2.676919103E-04
-2.673521813E-04
-2.670014510E-04
-2.666394575E-04
-2.662659099E-04
-2.658804879E-04
-2.654828422E-04
-2.650726237E-04
-2.646493958E-04
-2.642128093E-04
-2.637623111E-04
-2.632974938E-04
-2.628177172E-04
-2.623224573E-04
-2.618110157E-04
-2.612827229E-04
-2.607367351E-04
-2.601722081E-04
-2.595881524E-04
-2.589834621E-04
-2.583568858E-04
-2.577069972E-04
-2.570321958E-04
-2.563305316E-04
-2.555998217E-04
-2.548374177E-04
-2.540400892E-04
-2.532038197E-04
-2.523236035E-04
-2.513928339E-04
-2.504024014E-04
-2.493392094E-04
-2.481820411E-04
-2.468931489E-04
-2.453624911E-04
