-2.602529421E-04
-2.302273206E-04
-2.304824447E-04
-2.320590138E-04
-2.334482560E-04
-2.346693655E-04
-2.357796475E-04
-2.368083224E-04
-2.377713390E-04
-2.386796550E-04
-2.395408956E-04
-2.403608669E-04
-2.411440073E-04
-2.418938966E-04
-2.426134306E-04
-2.433050831E-04
-2.439708478E-04
-2.446125145E-04
-2.452316112E-04
-2.458294330E-04
-2.464072022E-04
-2.469659084E-04
-2.475065121E-04
-2.480298281E-04
-2.485366422E-04
-2.490275947E-04
-2.495033550E-04
-2.499644470E-04
-2.504114236E-04
-2.508447506E-04
-2.512648934E-04
-2.516722307E-04
-2.520671987E-04
-2.524500887E-04
-2.528212499E-04
-2.531810023E-04
-2.535296371E-04
-2.538674162E-04
-2.541946014E-04
-2.545113966E-04
-2.548180346E-04
-2.551147481E-04
-2.554017410E-04
-2.556791587E-04
-2.559472050E-04
-2.562060254E-04
-2.564557944E-04
-2.566966286E-04
-2.569287026E-04
-2.571521327E-04
-2.573670354E-04
-2.575735271E-04
-2.577717241E-04
-2.579617430E-04
-2.581436711E-04
-2.583175665E-04
-2.584835747E-04
-2.586417249E-04
-2.587921335E-04
-2.589348587E-04
-2.590699587E-04
-2.591975208E-04
-2.593175741E-04
-2.594302059E-04
-2.595354163E-04
-2.596333215E-04
-2.597238927E-04
-2.598072169E-04
-2.598833526E-04
-2.599522704E-04
-2.600140288E-04
-2.600686566E-04
-2.601161832E-04
-2.601566084E-04
-2.601899905E-04
-2.602163004E-04
-2.602355380E-04
-2.602477616E-04
-2.602511086E-04
-2.602422028E-04
-2.602262830E-04
-2.602033201E-04
-2.601732849E-04
-2.601361775E-04
-2.600919979E-04
-2.600407170E-04
-2.599822765E-04
-2.599166764E-04
-2.598439169E-04
-2.597639104E-04
-2.596766572E-04
-2.595821279E-04
-2.594802354E-04
-2.593709505E-04
-2.592542151E-04
-2.591299999E-04
-2.589982469E-04
-2.588588686E-04
-2.587118070E-04
-2.585569746E-04
-2.583943133E-04
-2.582237357E-04
-2.580451837E-04
-2.578585118E-04
-2.576636325E-04
-2.574604878E-04
-2.572489320E-04
-2.570288489E-04
-2.568001219E-04
-2.565626055E-04
-2.563162125E-04
-2.560607099E-04
-2.557960397E-04
-2.555219689E-04
-2.552383230E-04
-2.549449564E-04
-2.546416654E-04
-2.543282171E-04
-2.540044079E-04
-2.536699758E-04
-2.533246879E-04
-2.529682824E-04
-2.526004682E-04
-2.522209543E-04
-2.518293622E-04
-2.514253720E-04
-2.510085760E-04
-2.505786251E-04
-2.501349954E-04
-2.496772504E-04
-2.492048952E-04
-2.487172897E-04
-2.482138516E-04
-2.476939117E-04
-2.471566841E-04
-2.466013248E-04
-2.460269607E-04
-2.454324858E-04
-2.448167943E-04
-2.441784891E-04
-2.435161005E-04
-2.428278385E-04
-2.421116806E-04
-2.413651819E-04
-2.405854320E-04
-2.397688513E-04
-2.389109868E-04
-2.380060760E-04
-2.370464499E-04
-2.360211656E-04
-2.349142887E-04
-2.336965554E-04
-2.323107328E-04
-2.602512250E-04
-2.602425229E-04
-2.602268069E-04
-2.602040186E-04
-2.601741871E-04
-2.601372835E-04
-2.600933076E-04
-2.600422304E-04
-2.599840227E-04
-2.599186846E-04
-2.598461870E-04
-2.597664716E-04
-2.596795093E-04
-2.595852711E-04
-2.594837279E-04
-2.593748213E-04
-2.592584933E-04
-2.591346856E-04
-2.590033691E-04
-2.588644566E-04
-2.587178897E-04
-2.585636394E-04
-2.584015601E-04
-2.582316229E-04
-2.580537111E-04
-2.578677668E-04
-2.576736733E-04
-2.574713435E-04
-2.572606318E-04
-2.570414799E-04
-2.568137425E-04
-2.565773029E-04
-2.563320159E-04
-2.560777648E-04
-2.558143460E-04
-2.555416431E-04
-2.552594524E-04
-2.549676283E-04
-2.546659671E-04
-2.543542651E-04
-2.540323185E-04
-2.536998654E-04
-2.533567022E-04
-2.530025376E-04
-2.526371100E-04
-2.522601280E-04
-2.518712427E-04
-2.514701337E-04
-2.510564518E-04
-2.506297606E-04
-2.501896524E-04
-2.497356909E-04
-2.492673229E-04
-2.487840538E-04
-2.482852433E-04
-2.477702801E-04
-2.472384076E-04
-2.466888691E-04
-2.461207623E-04
-2.455330978E-04
-2.449247986E-04
-2.442945843E-04
-2.436410869E-04
-2.429626038E-04
-2.422572870E-04
-2.415229101E-04
-2.407568099E-04
-2.399557416E-04
-2.391157614E-04
-2.382318053E-04
-2.372972667E-04
-2.363030508E-04
-2.352360607E-04
-2.340750943E-04
-2.327823458E-04
-2.312478027E-04
-2.602529130E-04
-2.602475288E-04
-2.602351306E-04
-2.602156892E-04
-2.601891756E-04
-2.601556189E-04
-2.601149899E-04
-2.600672306E-04
-2.600123698E-04
-2.599503787E-04
-2.598811989E-04
-2.598048304E-04
-2.597212151E-04
-2.596302947E-04
-2.595320984E-04
-2.594265097E-04
-2.593135287E-04
-2.591930679E-04
-2.590650693E-04
-2.589295036E-04
-2.587862837E-04
-2.586353512E-04
-2.584766189E-04
-2.583100286E-04
-2.581354638E-04
-2.579528664E-04
-2.577620908E-04
-2.575631079E-04
-2.573557722E-04
-2.571399673E-04
-2.569155768E-04
-2.566824842E-04
-2.564405149E-04
-2.561896108E-04
-2.559295390E-04
-2.556601830E-04
-2.553813392E-04
-2.550928621E-04
-2.547945769E-04
-2.544862218E-04
-2.541676222E-04
-2.538385161E-04
-2.534986997E-04
-2.531479113E-04
-2.527858305E-04
-2.524121956E-04
-2.520266862E-04
-2.516289242E-04
-2.512185893E-04
-2.507952740E-04
-2.503585420E-04
-2.499079274E-04
-2.494429355E-04
-2.489630133E-04
-2.484676079E-04
-2.479559917E-04
-2.474274952E-04
-2.468813327E-04
-2.463165729E-04
-2.457323135E-04
-2.451273613E-04
-2.445005521E-04
-2.438504016E-04
-2.431753237E-04
-2.424733830E-04
-2.417423966E-04
-2.409796580E-04
-2.401819947E-04
-2.393454051E-04
-2.384648396E-04
-2.375336917E-04
-2.365428663E-04
-2.354792814E-04
-2.343216911E-04
-2.330323623E-04
-2.315012389E-04
