-2.549487399E-04
-2.251773403E-04
-2.249222016E-04
-2.549468772E-04
-2.549380006E-04
-2.549220808E-04
-2.548991179E-04
-2.548690827E-04
-2.548320044E-04
-2.547878248E-04
-2.547365439E-04
-2.546781325E-04
-2.546125615E-04
-2.545398020E-04
-2.544598246E-04
-2.543725714E-04
-2.542780421E-04
-2.541761787E-04
-2.540669229E-04
-2.539502166E-04
-2.538260305E-04
-2.536943066E-04
-2.535549283E-04
-2.534078958E-04
-2.532530925E-04
-2.530904603E-04
-2.529199119E-04
-2.527413599E-04
-2.525547461E-04
-2.523598960E-04
-2.521567803E-04
-2.519452537E-04
-2.517251996E-04
-2.514965017E-04
-2.512590145E-04
-2.510126214E-04
-2.507571771E-04
-2.504925069E-04
-2.502184652E-04
-2.499348484E-04
-2.496415109E-04
-2.493382199E-04
-2.490248007E-04
-2.487009915E-04
-2.483665885E-04
-2.480213298E-04
-2.476649242E-04
-2.472971391E-04
-2.469175961E-04
-2.465260040E-04
-2.461220138E-04
-2.457052469E-04
-2.452752669E-04
-2.448316372E-04
-2.443738922E-04
-2.439015079E-04
-2.434138878E-04
-2.429104352E-04
-2.423904516E-04
-2.418531949E-04
-2.412978210E-04
-2.407233987E-04
-2.401288948E-04
-2.395131305E-04
-2.388747816E-04
-2.382123348E-04
-2.375240147E-04
-2.368077694E-04
-2.360611979E-04
-2.352813608E-04
-2.344646928E-04
-2.336067409E-04
-2.327017282E-04
-2.317419858E-04
-2.307165996E-04
-2.296095918E-04
-2.283917420E-04
-2.270057885E-04
-2.267540403E-04
-2.281434136E-04
-2.293646539E-04
-2.304750524E-04
-2.315038437E-04
-2.324669767E-04
-2.333753800E-04
-2.342367225E-04
-2.350567811E-04
-2.358400088E-04
-2.365899709E-04
-2.373095776E-04
-2.380012884E-04
-2.386671113E-04
-2.393088507E-04
-2.399279765E-04
-2.405258710E-04
-2.411036548E-04
-2.416624047E-04
-2.422030375E-04
-2.427263826E-04
-2.432332112E-04
-2.437241928E-04
-2.441999677E-04
-2.446610597E-04
-2.451080654E-04
-2.455413924E-04
-2.459615353E-04
-2.463689016E-04
-2.467638406E-04
-2.471467305E-04
-2.475178917E-04
-2.478776441E-04
-2.482262498E-04
-2.485639998E-04
-2.488911559E-04
-2.492079511E-04
-2.495145891E-04
-2.498112735E-04
-2.500982373E-04
-2.503756259E-04
-2.506436431E-04
-2.509024343E-04
-2.511521743E-04
-2.513930085E-04
-2.516250534E-04
-2.518484544E-04
-2.520633279E-04
-2.522697905E-04
-2.524679585E-04
-2.526579483E-04
-2.528398181E-04
-2.530137135E-04
-2.531796927E-04
-2.533378138E-04
-2.534881933E-04
-2.536308893E-04
-2.537659893E-04
-2.538935223E-04
-2.540135465E-04
-2.541261492E-04
-2.542313596E-04
-2.543292067E-04
-2.544197778E-04
-2.545031020E-04
-2.545792086E-04
-2.546480973E-04
-2.547098557E-04
-2.547644835E-04
-2.548119810E-04
-2.548524062E-04
-2.548857883E-04
-2.549120691E-04
-2.549313358E-04
-2.549435594E-04
-2.549486817E-04
-2.549433266E-04
-2.549309283E-04
-2.549114870E-04
-2.548849734E-04
-2.548514458E-04
-2.548107877E-04
-2.547630575E-04
-2.547082258E-04
-2.546462347E-04
-2.545770840E-04
-2.545007155E-04
-2.544171002E-04
-2.543262381E-04
-2.542280417E-04
-2.541224821E-04
-2.540095011E-04
-2.538890694E-04
-2.537610999E-04
-2.536255633E-04
-2.534823725E-04
-2.533314691E-04
-2.531727660E-04
-2.530061756E-04
-2.528316400E-04
-2.526490716E-04
-2.524583542E-04
-2.522593713E-04
-2.520520648E-04
-2.518362890E-04
-2.516119275E-04
-2.513788640E-04
-2.511369530E-04
-2.508860489E-04
-2.506260062E-04
-2.503566793E-04
-2.500778646E-04
-2.497894166E-04
-2.494911314E-04
-2.491828054E-04
-2.488642058E-04
-2.485351288E-04
-2.481953416E-04
-2.478445531E-04
-2.474824723E-04
-2.471088374E-04
-2.467233280E-04
-2.463255951E-04
-2.459152602E-04
-2.454919450E-04
-2.450551838E-04
-2.446045692E-04
-2.441395627E-04
-2.436596260E-04
-2.431641769E-04
-2.426525607E-04
-2.421240351E-04
-2.415778290E-04
-2.410130401E-04
-2.404287225E-04
-2.398237411E-04
-2.391968737E-04
-2.385466651E-04
-2.378715290E-04
-2.371695155E-04
-2.364384563E-04
-2.356756449E-04
-2.348778944E-04
-2.340412029E-04
-2.331605501E-04
-2.322292858E-04
-2.312383585E-04
-2.301746426E-04
-2.290169359E-04
-2.277274762E-04
-2.261962363E-04
-2.549470228E-04
-2.549383207E-04
-2.549225756E-04
-2.548998164E-04
-2.548699849E-04
-2.548330813E-04
-2.547891345E-04
-2.547380573E-04
-2.546798787E-04
-2.546145406E-04
-2.545420430E-04
-2.544623567E-04
-2.543754235E-04
-2.542811853E-04
-2.541796712E-04
-2.540707646E-04
-2.539544657E-04
-2.538306871E-04
-2.536993998E-04
-2.535605163E-04
-2.534139785E-04
-2.532597282E-04
-2.530976781E-04
-2.529277699E-04
-2.527498873E-04
-2.525639720E-04
-2.523699077E-04
-2.521676070E-04
-2.519569243E-04
-2.517378016E-04
-2.515100932E-04
-2.512736828E-04
-2.510284248E-04
-2.507741738E-04
-2.505107841E-04
-2.502381103E-04
-2.499559487E-04
-2.496641537E-04
-2.493625216E-04
-2.490508195E-04
-2.487289021E-04
-2.483964781E-04
-2.480533149E-04
-2.476991795E-04
-2.473337518E-04
-2.469567698E-04
-2.465678845E-04
-2.461668046E-04
-2.457530936E-04
-2.453264024E-04
-2.448862942E-04
-2.444323036E-04
-2.439639356E-04
-2.434806374E-04
-2.429818269E-04
-2.424668346E-04
-2.419349330E-04
-2.413853508E-04
-2.408172149E-04
-2.402295067E-04
-2.396211494E-04
-2.389908914E-04
-2.383373212E-04
-2.376587945E-04
-2.369534050E-04
-2.362189553E-04
-2.354527678E-04
-2.346516121E-04
-2.338115301E-04
-2.329274866E-04
-2.319928462E-04
-2.309985139E-04
-2.299314074E-04
-2.287703101E-04
-2.274774306E-04
-2.259427856E-04
