-2.570458164E-04
-2.272746351E-04
-2.270194382E-04
-2.570439829E-04
-2.570351062E-04
-2.570191573E-04
-2.569961944E-04
-2.569661883E-04
-2.569290809E-04
-2.568849013E-04
-2.568336204E-04
-2.567751799E-04
-2.567096089E-04
-2.566368494E-04
-2.565568720E-04
-2.564696188E-04
-2.563750895E-04
-2.562731970E-04
-2.561639412E-04
-2.560472349E-04
-2.559230197E-04
-2.557912667E-04
-2.556519175E-04
-2.555048559E-04
-2.553500526E-04
-2.551873913E-04
-2.550168429E-04
-2.548382909E-04
-2.546516189E-04
-2.544567978E-04
-2.542536531E-04
-2.540420974E-04
-2.538220433E-04
-2.535933163E-04
-2.533558290E-04
-2.531094360E-04
-2.528539626E-04
-2.525892924E-04
-2.523152216E-04
-2.520316048E-04
-2.517382673E-04
-2.514349762E-04
-2.511215280E-04
-2.507977188E-04
-2.504633158E-04
-2.501180279E-04
-2.497616224E-04
-2.493938082E-04
-2.490142942E-04
-2.486227022E-04
-2.482187119E-04
-2.478019160E-04
-2.473719360E-04
-2.469283063E-04
-2.464705613E-04
-2.459981770E-04
-2.455105714E-04
-2.450071333E-04
-2.444871643E-04
-2.439498930E-04
-2.433945338E-04
-2.428201260E-04
-2.422256366E-04
-2.416098869E-04
-2.409715671E-04
-2.403091348E-04
-2.396208292E-04
-2.389046276E-04
-2.381580853E-04
-2.373782772E-04
-2.365616383E-04
-2.357037156E-04
-2.347987320E-04
-2.338390477E-04
-2.328136907E-04
-2.317067410E-04
-2.304889349E-04
-2.291030250E-04
-2.288512042E-04
-2.302405337E-04
-2.314617304E-04
-2.325720852E-04
-2.336008329E-04
-2.345639223E-04
-2.354722965E-04
-2.363336098E-04
-2.371536393E-04
-2.379368234E-04
-2.386867709E-04
-2.394063486E-04
-2.400980302E-04
-2.407638385E-04
-2.414055634E-04
-2.420246747E-04
-2.426225401E-04
-2.432003239E-04
-2.437590592E-04
-2.442996774E-04
-2.448230225E-04
-2.453298657E-04
-2.458208182E-04
-2.462965786E-04
-2.467576996E-04
-2.472046763E-04
-2.476380323E-04
-2.480581752E-04
-2.484655124E-04
-2.488604805E-04
-2.492433705E-04
-2.496145316E-04
-2.499742841E-04
-2.503229189E-04
-2.506606979E-04
-2.509878541E-04
-2.513046493E-04
-2.516112872E-04
-2.519080008E-04
-2.521949646E-04
-2.524723823E-04
-2.527403994E-04
-2.529992198E-04
-2.532489598E-04
-2.534897940E-04
-2.537218679E-04
-2.539452689E-04
-2.541601716E-04
-2.543666342E-04
-2.545648313E-04
-2.547548211E-04
-2.549367200E-04
-2.551106154E-04
-2.552766236E-04
-2.554347739E-04
-2.555851534E-04
-2.557278785E-04
-2.558629494E-04
-2.559905115E-04
-2.561105357E-04
-2.562231384E-04
-2.563283779E-04
-2.564262541E-04
-2.565168252E-04
-2.566001494E-04
-2.566762560E-04
-2.567451738E-04
-2.568069322E-04
-2.568615600E-04
-2.569090575E-04
-2.569495118E-04
-2.569828648E-04
-2.570091747E-04
-2.570284123E-04
-2.570406359E-04
-2.570457873E-04
-2.570404031E-04
-2.570280049E-04
-2.570085635E-04
-2.569820790E-04
-2.569485223E-04
-2.569078933E-04
-2.568601340E-04
-2.568053023E-04
-2.567433112E-04
-2.566741314E-04
-2.565977629E-04
-2.565141476E-04
-2.564232564E-04
-2.563250600E-04
-2.562195004E-04
-2.561065194E-04
-2.559860586E-04
-2.558580891E-04
-2.557225525E-04
-2.555793326E-04
-2.554284292E-04
-2.552696969E-04
-2.551031066E-04
-2.549285709E-04
-2.547459735E-04
-2.545552270E-04
-2.543562732E-04
-2.541489375E-04
-2.539331326E-04
-2.537087712E-04
-2.534756786E-04
-2.532337676E-04
-2.529828344E-04
-2.527227916E-04
-2.524534357E-04
-2.521746210E-04
-2.518861729E-04
-2.515878587E-04
-2.512795327E-04
-2.509609330E-04
-2.506318560E-04
-2.502920397E-04
-2.499412512E-04
-2.495791705E-04
-2.492055355E-04
-2.488200262E-04
-2.484222641E-04
-2.480119292E-04
-2.475886140E-04
-2.471518819E-04
-2.467012382E-04
-2.462362463E-04
-2.457563241E-04
-2.452608605E-04
-2.447492443E-04
-2.442207478E-04
-2.436745417E-04
-2.431097673E-04
-2.425254643E-04
-2.419204975E-04
-2.412936446E-04
-2.406434651E-04
-2.399683435E-04
-2.392663591E-04
-2.385353146E-04
-2.377725323E-04
-2.369748108E-04
-2.361381630E-04
-2.352575393E-04
-2.343263186E-04
-2.333354350E-04
-2.322717628E-04
-2.311140997E-04
-2.298246836E-04
-2.282935020E-04
-2.570440993E-04
-2.570353972E-04
-2.570196812E-04
-2.569968929E-04
-2.569670614E-04
-2.569301578E-04
-2.568861819E-04
-2.568351338E-04
-2.567769261E-04
-2.567116171E-04
-2.566390904E-04
-2.565593750E-04
-2.564724418E-04
-2.563782327E-04
-2.562766895E-04
-2.561677829E-04
-2.560514549E-04
-2.559276763E-04
-2.557963599E-04
-2.556574764E-04
-2.555109386E-04
-2.553566592E-04
-2.551946091E-04
-2.550246718E-04
-2.548467892E-04
-2.546608448E-04
-2.544667805E-04
-2.542644506E-04
-2.540537680E-04
-2.538346453E-04
-2.536069078E-04
-2.533704974E-04
-2.531252103E-04
-2.528709592E-04
-2.526075405E-04
-2.523348667E-04
-2.520526759E-04
-2.517608809E-04
-2.514592197E-04
-2.511475177E-04
-2.508255711E-04
-2.504931472E-04
-2.501499839E-04
-2.497958194E-04
-2.494303917E-04
-2.490534098E-04
-2.486645244E-04
-2.482634154E-04
-2.478497336E-04
-2.474230423E-04
-2.469829342E-04
-2.465289435E-04
-2.460605756E-04
-2.455772774E-04
-2.450784668E-04
-2.445634746E-04
-2.440315875E-04
-2.434820199E-04
-2.429138840E-04
-2.423261903E-04
-2.417178475E-04
-2.410876186E-04
-2.404340630E-04
-2.397555509E-04
-2.390501904E-04
-2.383157553E-04
-2.375495969E-04
-2.367484849E-04
-2.359084319E-04
-2.350244176E-04
-2.340898209E-04
-2.330955176E-04
-2.320284548E-04
-2.308674157E-04
-2.295745799E-04
-2.280399931E-04
