-2.705858496E-04
-2.405656705E-04
-2.408205764E-04
-2.423970145E-04
-2.437859366E-04
-2.450067550E-04
-2.461167460E-04
-2.471451298E-04
-2.481078845E-04
-2.490159241E-04
-2.498769318E-04
-2.506966703E-04
-2.514795633E-04
-2.522292489E-04
-2.529485791E-04
-2.536400279E-04
-2.543056326E-04
-2.549471392E-04
-2.555660321E-04
-2.561637375E-04
-2.567413321E-04
-2.572999219E-04
-2.578403801E-04
-2.583635796E-04
-2.588702773E-04
-2.593611425E-04
-2.598367864E-04
-2.602977911E-04
-2.607446804E-04
-2.611779491E-04
-2.615980047E-04
-2.620052837E-04
-2.624001936E-04
-2.627830254E-04
-2.631541574E-04
-2.635138517E-04
-2.638624574E-04
-2.642002073E-04
-2.645273344E-04
-2.648441005E-04
-2.651507384E-04
-2.654474520E-04
-2.657344157E-04
-2.660118043E-04
-2.662798506E-04
-2.665386710E-04
-2.667884110E-04
-2.670292743E-04
-2.672613482E-04
-2.674847783E-04
-2.676996810E-04
-2.679062018E-04
-2.681043989E-04
-2.682944178E-04
-2.684763458E-04
-2.686502703E-04
-2.688162785E-04
-2.689744579E-04
-2.691248665E-04
-2.692675916E-04
-2.694027207E-04
-2.695302828E-04
-2.696503652E-04
-2.697629970E-04
-2.698682365E-04
-2.699661127E-04
-2.700567129E-04
-2.701400663E-04
-2.702161728E-04
-2.702851198E-04
-2.703468781E-04
-2.704015351E-04
-2.704490616E-04
-2.704894869E-04
-2.705228690E-04
-2.705491788E-04
-2.705684456E-04
-2.705806692E-04
-2.705839870E-04
-2.705751103E-04
-2.705591614E-04
-2.705361985E-04
-2.705061634E-04
-2.704690560E-04
-2.704248473E-04
-2.703735372E-04
-2.703150967E-04
-2.702495258E-04
-2.701767371E-04
-2.700967307E-04
-2.700094483E-04
-2.699148899E-04
-2.698129683E-04
-2.697036834E-04
-2.695869480E-04
-2.694627328E-04
-2.693309507E-04
-2.691915433E-04
-2.690444526E-04
-2.688896202E-04
-2.687269589E-04
-2.685563522E-04
-2.683777711E-04
-2.681910992E-04
-2.679962199E-04
-2.677930752E-04
-2.675814903E-04
-2.673614072E-04
-2.671326802E-04
-2.668951638E-04
-2.666487417E-04
-2.663932682E-04
-2.661285980E-04
-2.658545272E-04
-2.655709104E-04
-2.652775729E-04
-2.649742819E-04
-2.646608627E-04
-2.643370535E-04
-2.640026796E-04
-2.636574500E-04
-2.633010736E-04
-2.629333176E-04
-2.625538327E-04
-2.621622989E-04
-2.617583668E-04
-2.613416582E-04
-2.609117655E-04
-2.604682231E-04
-2.600105654E-04
-2.595382975E-04
-2.590507793E-04
-2.585474576E-04
-2.580276341E-04
-2.574905229E-04
-2.569353383E-04
-2.563610906E-04
-2.557667904E-04
-2.551512443E-04
-2.545131138E-04
-2.538508852E-04
-2.531628415E-04
-2.524468873E-04
-2.517005778E-04
-2.509210608E-04
-2.501046984E-04
-2.492470958E-04
-2.483424323E-04
-2.473830828E-04
-2.463580749E-04
-2.452514891E-04
-2.440340613E-04
-2.426485444E-04
-2.705841325E-04
-2.705754305E-04
-2.705596853E-04
-2.705368970E-04
-2.705070656E-04
-2.704701619E-04
-2.704261860E-04
-2.703751088E-04
-2.703169012E-04
-2.702515631E-04
-2.701790363E-04
-2.700992918E-04
-2.700123296E-04
-2.699180914E-04
-2.698165190E-04
-2.697075834E-04
-2.695912553E-04
-2.694674477E-04
-2.693361021E-04
-2.691971895E-04
-2.690506226E-04
-2.688963432E-04
-2.687342640E-04
-2.685642976E-04
-2.683863859E-04
-2.682004124E-04
-2.680063189E-04
-2.678039891E-04
-2.675932774E-04
-2.673741255E-04
-2.671463881E-04
-2.669099486E-04
-2.666646615E-04
-2.664104104E-04
-2.661469916E-04
-2.658742887E-04
-2.655921271E-04
-2.653003321E-04
-2.649986709E-04
-2.646869980E-04
-2.643650805E-04
-2.640326566E-04
-2.636895224E-04
-2.633354161E-04
-2.629700175E-04
-2.625930938E-04
-2.622042666E-04
-2.618032158E-04
-2.613895922E-04
-2.609629882E-04
-2.605229674E-04
-2.600690932E-04
-2.596008126E-04
-2.591176308E-04
-2.586189366E-04
-2.581040899E-04
-2.575723629E-04
-2.570229408E-04
-2.564549795E-04
-2.558674605E-04
-2.552593069E-04
-2.546292963E-04
-2.539759444E-04
-2.532976796E-04
-2.525925520E-04
-2.518583788E-04
-2.510924824E-04
-2.502916614E-04
-2.494518994E-04
-2.485682198E-04
-2.476339287E-04
-2.466400038E-04
-2.455732902E-04
-2.444126294E-04
-2.431201865E-04
-2.415860072E-04
-2.705857914E-04
-2.705804363E-04
-2.705680090E-04
-2.705485676E-04
-2.705220541E-04
-2.704884973E-04
-2.704478393E-04
-2.704000799E-04
-2.703452192E-04
-2.702831989E-04
-2.702140191E-04
-2.701376216E-04
-2.700540063E-04
-2.699630859E-04
-2.698648605E-04
-2.697592718E-04
-2.696462616E-04
-2.695257717E-04
-2.693977731E-04
-2.692622074E-04
-2.691189584E-04
-2.689680259E-04
-2.688092645E-04
-2.686426451E-04
-2.684680803E-04
-2.682854538E-04
-2.680947073E-04
-2.678956953E-04
-2.676883305E-04
-2.674725256E-04
-2.672481351E-04
-2.670150425E-04
-2.667730732E-04
-2.665221691E-04
-2.662620973E-04
-2.659927413E-04
-2.657139266E-04
-2.654254786E-04
-2.651271643E-04
-2.648188383E-04
-2.645002678E-04
-2.641712199E-04
-2.638314327E-04
-2.634806733E-04
-2.631186217E-04
-2.627450449E-04
-2.623595938E-04
-2.619618899E-04
-2.615516423E-04
-2.611283853E-04
-2.606917114E-04
-2.602411842E-04
-2.597762796E-04
-2.592964738E-04
-2.588011557E-04
-2.582896559E-04
-2.577613050E-04
-2.572152589E-04
-2.566506446E-04
-2.560665307E-04
-2.554617240E-04
-2.548350894E-04
-2.541851136E-04
-2.535102249E-04
-2.528084733E-04
-2.520777052E-04
-2.513151849E-04
-2.505177399E-04
-2.496813831E-04
-2.488010796E-04
-2.478701645E-04
-2.468796447E-04
-2.458163362E-04
-2.446590515E-04
-2.433700138E-04
-2.418392396E-04
