-2.825724659E-04
-2.525624877E-04
-2.528173791E-04
-2.543934097E-04
-2.557818952E-04
-2.570023062E-04
-2.581118897E-04
-2.591398952E-04
-2.601023007E-04
-2.610099909E-04
-2.618706494E-04
-2.626900387E-04
-2.634726116E-04
-2.642219770E-04
-2.649410162E-04
-2.656321740E-04
-2.662974875E-04
-2.669387322E-04
-2.675573924E-04
-2.681548067E-04
-2.687321976E-04
-2.692905255E-04
-2.698307799E-04
-2.703537757E-04
-2.708602697E-04
-2.713509311E-04
-2.718264004E-04
-2.722872305E-04
-2.727339452E-04
-2.731670393E-04
-2.735869493E-04
-2.739941119E-04
-2.743888472E-04
-2.747715625E-04
-2.751425491E-04
-2.755021560E-04
-2.758506453E-04
-2.761882497E-04
-2.765152894E-04
-2.768319682E-04
-2.771385189E-04
-2.774351451E-04
-2.777220216E-04
-2.779993520E-04
-2.782673109E-04
-2.785260731E-04
-2.787757549E-04
-2.790165599E-04
-2.792485757E-04
-2.794719476E-04
-2.796868212E-04
-2.798932546E-04
-2.800914226E-04
-2.802814124E-04
-2.804633114E-04
-2.806372067E-04
-2.808031859E-04
-2.809613070E-04
-2.811117156E-04
-2.812544117E-04
-2.813895117E-04
-2.815170737E-04
-2.816371270E-04
-2.817497298E-04
-2.818549401E-04
-2.819528454E-04
-2.820434165E-04
-2.821267408E-04
-2.822028764E-04
-2.822717943E-04
-2.823335526E-04
-2.823881805E-04
-2.824357070E-04
-2.824761323E-04
-2.825095144E-04
-2.825358242E-04
-2.825550619E-04
-2.825672855E-04
-2.825706324E-04
-2.825617266E-04
-2.825458068E-04
-2.825228439E-04
-2.824928088E-04
-2.824557014E-04
-2.824115218E-04
-2.823602117E-04
-2.823017712E-04
-2.822362003E-04
-2.821634116E-04
-2.820834052E-04
-2.819961519E-04
-2.819016227E-04
-2.817997301E-04
-2.816904453E-04
-2.815737389E-04
-2.814495238E-04
-2.813177707E-04
-2.811783925E-04
-2.810313308E-04
-2.808765275E-04
-2.807138662E-04
-2.805433178E-04
-2.803647658E-04
-2.801781229E-04
-2.799833019E-04
-2.797801862E-04
-2.795686596E-04
-2.793486346E-04
-2.791199367E-04
-2.788825077E-04
-2.786361438E-04
-2.783807286E-04
-2.781161165E-04
-2.778421331E-04
-2.775586036E-04
-2.772653243E-04
-2.769621497E-04
-2.766488178E-04
-2.763251250E-04
-2.759908384E-04
-2.756457252E-04
-2.752894652E-04
-2.749218256E-04
-2.745424863E-04
-2.741510689E-04
-2.737473114E-04
-2.733307483E-04
-2.729010012E-04
-2.724576334E-04
-2.720001794E-04
-2.715280571E-04
-2.710407716E-04
-2.705376537E-04
-2.700180339E-04
-2.694811265E-04
-2.689261746E-04
-2.683521598E-04
-2.677580924E-04
-2.671428083E-04
-2.665049687E-04
-2.658430312E-04
-2.651552495E-04
-2.644395863E-04
-2.636935969E-04
-2.629144001E-04
-2.620983869E-04
-2.612411045E-04
-2.603368193E-04
-2.593778190E-04
-2.583532187E-04
-2.572470112E-04
-2.560300054E-04
-2.546448959E-04
-2.825707488E-04
-2.825620759E-04
-2.825463307E-04
-2.825235424E-04
-2.824937110E-04
-2.824568073E-04
-2.824128314E-04
-2.823617542E-04
-2.823035757E-04
-2.822382085E-04
-2.821657108E-04
-2.820859954E-04
-2.819990332E-04
-2.819048241E-04
-2.818032517E-04
-2.816943452E-04
-2.815780172E-04
-2.814542386E-04
-2.813229221E-04
-2.811840386E-04
-2.810374717E-04
-2.808832214E-04
-2.807211713E-04
-2.805512340E-04
-2.803733514E-04
-2.801874361E-04
-2.799933718E-04
-2.797910711E-04
-2.795804467E-04
-2.793613239E-04
-2.791336447E-04
-2.788972633E-04
-2.786520345E-04
-2.783978416E-04
-2.781344811E-04
-2.778618655E-04
-2.775797911E-04
-2.772880543E-04
-2.769865096E-04
-2.766749240E-04
-2.763530938E-04
-2.760207863E-04
-2.756777685E-04
-2.753237495E-04
-2.749584964E-04
-2.745816892E-04
-2.741930075E-04
-2.737921022E-04
-2.733786241E-04
-2.729521657E-04
-2.725123195E-04
-2.720586199E-04
-2.715905139E-04
-2.711075358E-04
-2.706090454E-04
-2.700944024E-04
-2.695628500E-04
-2.690136898E-04
-2.684459614E-04
-2.678586752E-04
-2.672507835E-04
-2.666210057E-04
-2.659679449E-04
-2.652899420E-04
-2.645851346E-04
-2.638512524E-04
-2.630857052E-04
-2.622852044E-04
-2.614457917E-04
-2.605624322E-04
-2.596285194E-04
-2.586349729E-04
-2.575686376E-04
-2.564083843E-04
-2.551163489E-04
-2.535826061E-04
-2.825724368E-04
-2.825670526E-04
-2.825546544E-04
-2.825352130E-04
-2.825086995E-04
-2.824751427E-04
-2.824344847E-04
-2.823867544E-04
-2.823318937E-04
-2.822698734E-04
-2.822006936E-04
-2.821243252E-04
-2.820407099E-04
-2.819497895E-04
-2.818515932E-04
-2.817460045E-04
-2.816330234E-04
-2.815125627E-04
-2.813845931E-04
-2.812490275E-04
-2.811058075E-04
-2.809549042E-04
-2.807961719E-04
-2.806295815E-04
-2.804550459E-04
-2.802724775E-04
-2.800817310E-04
-2.798827772E-04
-2.796754707E-04
-2.794597240E-04
-2.792353625E-04
-2.790023282E-04
-2.787604462E-04
-2.785096003E-04
-2.782495867E-04
-2.779803181E-04
-2.777015616E-04
-2.774132008E-04
-2.771150030E-04
-2.768067643E-04
-2.764882811E-04
-2.761593205E-04
-2.758196497E-04
-2.754690067E-04
-2.751071006E-04
-2.747336403E-04
-2.743483055E-04
-2.739507472E-04
-2.735406451E-04
-2.731175337E-04
-2.726810635E-04
-2.722307108E-04
-2.717659809E-04
-2.712863497E-04
-2.707912354E-04
-2.702799393E-04
-2.697517921E-04
-2.692059788E-04
-2.686415974E-04
-2.680577163E-04
-2.674532006E-04
-2.668267989E-04
-2.661771141E-04
-2.655024873E-04
-2.648010559E-04
-2.640705497E-04
-2.633083495E-04
-2.625112538E-04
-2.616752463E-04
-2.607952920E-04
-2.598647552E-04
-2.588745847E-04
-2.578116546E-04
-2.566547773E-04
-2.553661470E-04
-2.538358094E-04
