-2.875952632E-04
-2.575896215E-04
-2.578458807E-04
-2.594203688E-04
-2.608087088E-04
-2.620289451E-04
-2.631383541E-04
-2.641662140E-04
-2.651284449E-04
-2.660359896E-04
-2.668964735E-04
-2.677157463E-04
-2.684982028E-04
-2.692474227E-04
-2.699663455E-04
-2.706573578E-04
-2.713225549E-04
-2.719636832E-04
-2.725822269E-04
-2.731795539E-04
-2.737567993E-04
-2.743150690E-04
-2.748552070E-04
-2.753781155E-04
-2.758844930E-04
-2.763750672E-04
-2.768504492E-04
-2.773112210E-04
-2.777578775E-04
-2.781908843E-04
-2.786107361E-04
-2.790178114E-04
-2.794124885E-04
-2.797951456E-04
-2.801660739E-04
-2.805256227E-04
-2.808740537E-04
-2.812116290E-04
-2.815386106E-04
-2.818552603E-04
-2.821617527E-04
-2.824583207E-04
-2.827451681E-04
-2.830224694E-04
-2.832903992E-04
-2.835491032E-04
-2.837987849E-04
-2.840395318E-04
-2.842715185E-04
-2.844948904E-04
-2.847097057E-04
-2.849161683E-04
-2.851143072E-04
-2.853042679E-04
-2.854861377E-04
-2.856600040E-04
-2.858259832E-04
-2.859841043E-04
-2.861344838E-04
-2.862772089E-04
-2.864122798E-04
-2.865398128E-04
-2.866598661E-04
-2.867724688E-04
-2.868776792E-04
-2.869755845E-04
-2.870661556E-04
-2.871494798E-04
-2.872255864E-04
-2.872945333E-04
-2.873562917E-04
-2.874109196E-04
-2.874584461E-04
-2.874989004E-04
-2.875322534E-04
-2.875585633E-04
-2.875778300E-04
-2.875900536E-04
-2.875934006E-04
-2.875845239E-04
-2.875686332E-04
-2.875456703E-04
-2.875156351E-04
-2.874785569E-04
-2.874343772E-04
-2.873830963E-04
-2.873246849E-04
-2.872591140E-04
-2.871863544E-04
-2.871063771E-04
-2.870191238E-04
-2.869245945E-04
-2.868227311E-04
-2.867134754E-04
-2.865967981E-04
-2.864726121E-04
-2.863408590E-04
-2.862015099E-04
-2.860545064E-04
-2.858997032E-04
-2.857371001E-04
-2.855665807E-04
-2.853880578E-04
-2.852014732E-04
-2.850066812E-04
-2.848035947E-04
-2.845921263E-04
-2.843721304E-04
-2.841434907E-04
-2.839060908E-04
-2.836597851E-04
-2.834044280E-04
-2.831398742E-04
-2.828659199E-04
-2.825824486E-04
-2.822892566E-04
-2.819861111E-04
-2.816728374E-04
-2.813492320E-04
-2.810150036E-04
-2.806699486E-04
-2.803137759E-04
-2.799462236E-04
-2.795669425E-04
-2.791756415E-04
-2.787719422E-04
-2.783554664E-04
-2.779258066E-04
-2.774825552E-04
-2.770251594E-04
-2.765531826E-04
-2.760659845E-04
-2.755629539E-04
-2.750434505E-04
-2.745066886E-04
-2.739518241E-04
-2.733779547E-04
-2.727840038E-04
-2.721688361E-04
-2.715311421E-04
-2.708693501E-04
-2.701817139E-04
-2.694661962E-04
-2.687203523E-04
-2.679413010E-04
-2.671254624E-04
-2.662683546E-04
-2.653642150E-04
-2.644053893E-04
-2.633809636E-04
-2.622749598E-04
-2.610581287E-04
-2.596732229E-04
-2.875935461E-04
-2.875848440E-04
-2.875690989E-04
-2.875463106E-04
-2.875164500E-04
-2.874795464E-04
-2.874355705E-04
-2.873844933E-04
-2.873262856E-04
-2.872609475E-04
-2.871884499E-04
-2.871087345E-04
-2.870217722E-04
-2.869275340E-04
-2.868259908E-04
-2.867170842E-04
-2.866007853E-04
-2.864770067E-04
-2.863456903E-04
-2.862068068E-04
-2.860602690E-04
-2.859060187E-04
-2.857439686E-04
-2.855740604E-04
-2.853962069E-04
-2.852102916E-04
-2.850162564E-04
-2.848139848E-04
-2.846033603E-04
-2.843842667E-04
-2.841566165E-04
-2.839202643E-04
-2.836750646E-04
-2.834209008E-04
-2.831575694E-04
-2.828849829E-04
-2.826029377E-04
-2.823112591E-04
-2.820097434E-04
-2.816982160E-04
-2.813764440E-04
-2.810441656E-04
-2.807012061E-04
-2.803472453E-04
-2.799820504E-04
-2.796053013E-04
-2.792166779E-04
-2.788158308E-04
-2.784024400E-04
-2.779760398E-04
-2.775362809E-04
-2.770826395E-04
-2.766146208E-04
-2.761317301E-04
-2.756333270E-04
-2.751187712E-04
-2.745873353E-04
-2.740382333E-04
-2.734706213E-04
-2.728834515E-04
-2.722756763E-04
-2.716460149E-04
-2.709930704E-04
-2.703152131E-04
-2.696104930E-04
-2.688767563E-04
-2.681113256E-04
-2.673109702E-04
-2.664717031E-04
-2.655885182E-04
-2.646547509E-04
-2.636613499E-04
-2.625951893E-04
-2.614351106E-04
-2.601432498E-04
-2.586096525E-04
-2.875952050E-04
-2.875898499E-04
-2.875774517E-04
-2.875580103E-04
-2.875315258E-04
-2.874979691E-04
-2.874573402E-04
-2.874096099E-04
-2.873547783E-04
-2.872927871E-04
-2.872236364E-04
-2.871472680E-04
-2.870636526E-04
-2.869727905E-04
-2.868745942E-04
-2.867690346E-04
-2.866560535E-04
-2.865356219E-04
-2.864076814E-04
-2.862721449E-04
-2.861289831E-04
-2.859780798E-04
-2.858194057E-04
-2.856528445E-04
-2.854783379E-04
-2.852957987E-04
-2.851051104E-04
-2.849061857E-04
-2.846989082E-04
-2.844831906E-04
-2.842588874E-04
-2.840258821E-04
-2.837840584E-04
-2.835332416E-04
-2.832733153E-04
-2.830040758E-04
-2.827254066E-04
-2.824370749E-04
-2.821389353E-04
-2.818307548E-04
-2.815123298E-04
-2.811834565E-04
-2.808438439E-04
-2.804932592E-04
-2.801314404E-04
-2.797580673E-04
-2.793728199E-04
-2.789753489E-04
-2.785653342E-04
-2.781423100E-04
-2.777059271E-04
-2.772556618E-04
-2.767910482E-04
-2.763115044E-04
-2.758164774E-04
-2.753053268E-04
-2.747772669E-04
-2.742315701E-04
-2.736673341E-04
-2.730835695E-04
-2.724791702E-04
-2.718529140E-04
-2.712033456E-04
-2.705288643E-04
-2.698275784E-04
-2.690972469E-04
-2.683351922E-04
-2.675382420E-04
-2.667023800E-04
-2.658226003E-04
-2.648922382E-04
-2.639022423E-04
-2.628395159E-04
-2.616828133E-04
-2.603943867E-04
-2.588641946E-04
