-2.780818613E-04
-2.480676922E-04
-2.483225544E-04
-2.498987888E-04
-2.512874489E-04
-2.525080054E-04
-2.536177344E-04
-2.546458854E-04
-2.556084364E-04
-2.565162722E-04
-2.573770471E-04
-2.581965819E-04
-2.589793003E-04
-2.597287821E-04
-2.604479378E-04
-2.611392119E-04
-2.618046128E-04
-2.624459739E-04
-2.630647214E-04
-2.636622521E-04
-2.642397303E-04
-2.647981746E-04
-2.653385163E-04
-2.658615704E-04
-2.663681516E-04
-2.668589004E-04
-2.673344279E-04
-2.677953453E-04
-2.682421473E-04
-2.686752996E-04
-2.690952679E-04
-2.695024887E-04
-2.698972821E-04
-2.702800557E-04
-2.706511004E-04
-2.710107365E-04
-2.713592839E-04
-2.716969466E-04
-2.720240445E-04
-2.723407524E-04
-2.726473322E-04
-2.729439875E-04
-2.732309222E-04
-2.735082817E-04
-2.737762698E-04
-2.740350610E-04
-2.742847719E-04
-2.745256061E-04
-2.747576509E-04
-2.749810519E-04
-2.751959255E-04
-2.754024172E-04
-2.756005852E-04
-2.757906041E-04
-2.759725030E-04
-2.761463984E-04
-2.763124066E-04
-2.764705569E-04
-2.766209655E-04
-2.767636906E-04
-2.768988197E-04
-2.770263527E-04
-2.771464351E-04
-2.772590378E-04
-2.773642773E-04
-2.774621826E-04
-2.775527537E-04
-2.776361071E-04
-2.777122136E-04
-2.777811314E-04
-2.778429189E-04
-2.778975468E-04
-2.779450733E-04
-2.779855276E-04
-2.780188806E-04
-2.780451905E-04
-2.780644572E-04
-2.780766808E-04
-2.780799987E-04
-2.780711220E-04
-2.780551731E-04
-2.780322102E-04
-2.780021750E-04
-2.779650677E-04
-2.779208880E-04
-2.778695780E-04
-2.778111375E-04
-2.777455375E-04
-2.776727488E-04
-2.775927423E-04
-2.775054891E-04
-2.774109307E-04
-2.773090382E-04
-2.771997533E-04
-2.770830179E-04
-2.769588027E-04
-2.768270206E-04
-2.766876423E-04
-2.765405807E-04
-2.763857483E-04
-2.762230870E-04
-2.760525094E-04
-2.758739574E-04
-2.756872855E-04
-2.754924353E-04
-2.752892906E-04
-2.750777639E-04
-2.748576808E-04
-2.746289829E-04
-2.743915247E-04
-2.741451317E-04
-2.738896874E-04
-2.736250462E-04
-2.733510046E-04
-2.730674460E-04
-2.727741376E-04
-2.724709047E-04
-2.721575438E-04
-2.718337928E-04
-2.714994771E-04
-2.711543057E-04
-2.707980166E-04
-2.704303188E-04
-2.700508921E-04
-2.696594456E-04
-2.692556009E-04
-2.688389795E-04
-2.684091742E-04
-2.679657482E-04
-2.675082069E-04
-2.670360263E-04
-2.665486245E-04
-2.660454193E-04
-2.655257122E-04
-2.649887465E-04
-2.644336782E-04
-2.638595761E-04
-2.632654214E-04
-2.626500209E-04
-2.620120649E-04
-2.613500401E-04
-2.606621420E-04
-2.599463623E-04
-2.592002566E-04
-2.584209142E-04
-2.576047846E-04
-2.567473857E-04
-2.558429260E-04
-2.548838092E-04
-2.538590343E-04
-2.527526813E-04
-2.515355300E-04
-2.501502750E-04
-2.780801442E-04
-2.780714422E-04
-2.780556970E-04
-2.780329087E-04
-2.780030773E-04
-2.779661736E-04
-2.779221977E-04
-2.778711205E-04
-2.778129128E-04
-2.777475747E-04
-2.776750480E-04
-2.775953326E-04
-2.775083703E-04
-2.774141321E-04
-2.773125889E-04
-2.772036532E-04
-2.770873252E-04
-2.769635175E-04
-2.768322011E-04
-2.766932885E-04
-2.765467507E-04
-2.763924713E-04
-2.762303920E-04
-2.760604548E-04
-2.758825431E-04
-2.756966278E-04
-2.755025344E-04
-2.753002045E-04
-2.750895510E-04
-2.748704283E-04
-2.746426908E-04
-2.744062804E-04
-2.741610515E-04
-2.739068004E-04
-2.736434399E-04
-2.733707661E-04
-2.730886627E-04
-2.727968968E-04
-2.724952938E-04
-2.721836790E-04
-2.718618198E-04
-2.715294540E-04
-2.711863781E-04
-2.708323300E-04
-2.704670187E-04
-2.700901532E-04
-2.697014133E-04
-2.693004499E-04
-2.688869135E-04
-2.684603969E-04
-2.680204634E-04
-2.675666765E-04
-2.670985123E-04
-2.666154469E-04
-2.661168692E-04
-2.656021388E-04
-2.650705283E-04
-2.645212517E-04
-2.639534359E-04
-2.633660624E-04
-2.627580834E-04
-2.621281892E-04
-2.614750410E-04
-2.607969218E-04
-2.600919688E-04
-2.593579993E-04
-2.585923066E-04
-2.577916603E-04
-2.569521312E-04
-2.560686553E-04
-2.551345970E-04
-2.541408758E-04
-2.530744241E-04
-2.519139962E-04
-2.506218152E-04
-2.490878687E-04
-2.780818031E-04
-2.780764480E-04
-2.780640207E-04
-2.780445793E-04
-2.780180657E-04
-2.779845090E-04
-2.779438510E-04
-2.778961207E-04
-2.778412309E-04
-2.777792397E-04
-2.777100599E-04
-2.776336623E-04
-2.775500179E-04
-2.774591267E-04
-2.773609012E-04
-2.772553125E-04
-2.771423024E-04
-2.770218416E-04
-2.768938721E-04
-2.767582773E-04
-2.766150574E-04
-2.764641249E-04
-2.763053926E-04
-2.761388023E-04
-2.759642375E-04
-2.757816401E-04
-2.755908936E-04
-2.753919107E-04
-2.751845750E-04
-2.749687992E-04
-2.747444378E-04
-2.745113452E-04
-2.742694342E-04
-2.740185591E-04
-2.737585164E-04
-2.734892187E-04
-2.732104331E-04
-2.729220141E-04
-2.726237872E-04
-2.723154903E-04
-2.719969780E-04
-2.716679883E-04
-2.713282593E-04
-2.709775581E-04
-2.706155938E-04
-2.702420752E-04
-2.698567114E-04
-2.694590949E-04
-2.690489055E-04
-2.686257358E-04
-2.681891783E-04
-2.677387674E-04
-2.672739793E-04
-2.667942608E-04
-2.662990591E-04
-2.657876757E-04
-2.652594412E-04
-2.647135407E-04
-2.641490719E-04
-2.635650744E-04
-2.629604714E-04
-2.623339533E-04
-2.616841521E-04
-2.610094380E-04
-2.603078901E-04
-2.595772676E-04
-2.588149509E-04
-2.580177097E-04
-2.571815567E-04
-2.563014568E-04
-2.553708036E-04
-2.543804876E-04
-2.533174120E-04
-2.521603601E-04
-2.508716134E-04
-2.493410429E-04
