-2.543134324E-04
-2.242868359E-04
-2.245421201E-04
-2.261186892E-04
-2.275080769E-04
-2.287293319E-04
-2.298397449E-04
-2.308685507E-04
-2.318316838E-04
-2.327401162E-04
-2.336014586E-04
-2.344215318E-04
-2.352047595E-04
-2.359547361E-04
-2.366743574E-04
-2.373660682E-04
-2.380319056E-04
-2.386736305E-04
-2.392927709E-04
-2.398906654E-04
-2.404684637E-04
-2.410272136E-04
-2.415678464E-04
-2.420911915E-04
-2.425980201E-04
-2.430890017E-04
-2.435647766E-04
-2.440258831E-04
-2.444728743E-04
-2.449062013E-04
-2.453263442E-04
-2.457337105E-04
-2.461286495E-04
-2.465115103E-04
-2.468827006E-04
-2.472424239E-04
-2.475910587E-04
-2.479288087E-04
-2.482559648E-04
-2.485727309E-04
-2.488793689E-04
-2.491760533E-04
-2.494630171E-04
-2.497404057E-04
-2.500084229E-04
-2.502672141E-04
-2.505169250E-04
-2.507577592E-04
-2.509898040E-04
-2.512132050E-04
-2.514280786E-04
-2.516345412E-04
-2.518327092E-04
-2.520226699E-04
-2.522045688E-04
-2.523784351E-04
-2.525444143E-04
-2.527025354E-04
-2.528529149E-04
-2.529956109E-04
-2.531306818E-04
-2.532582148E-04
-2.533782390E-04
-2.534908417E-04
-2.535960521E-04
-2.536939282E-04
-2.537844703E-04
-2.538677945E-04
-2.539439010E-04
-2.540127898E-04
-2.540745481E-04
-2.541291760E-04
-2.541766735E-04
-2.542170987E-04
-2.542504517E-04
-2.542767616E-04
-2.542960283E-04
-2.543082519E-04
-2.543115697E-04
-2.543026931E-04
-2.542867733E-04
-2.542638103E-04
-2.542338043E-04
-2.541966969E-04
-2.541525173E-04
-2.541012364E-04
-2.540428250E-04
-2.539772540E-04
-2.539044945E-04
-2.538245462E-04
-2.537372930E-04
-2.536427637E-04
-2.535409003E-04
-2.534316445E-04
-2.533149673E-04
-2.531907812E-04
-2.530590573E-04
-2.529196790E-04
-2.527726465E-04
-2.526178723E-04
-2.524552401E-04
-2.522846917E-04
-2.521061688E-04
-2.519195259E-04
-2.517247049E-04
-2.515215892E-04
-2.513100626E-04
-2.510900085E-04
-2.508613106E-04
-2.506238525E-04
-2.503774595E-04
-2.501220151E-04
-2.498573449E-04
-2.495833032E-04
-2.492997155E-04
-2.490063780E-04
-2.487030870E-04
-2.483896678E-04
-2.480658586E-04
-2.477314847E-04
-2.473862260E-04
-2.470298205E-04
-2.466620354E-04
-2.462824923E-04
-2.458909294E-04
-2.454869391E-04
-2.450701431E-04
-2.446401631E-04
-2.441965626E-04
-2.437388175E-04
-2.432664187E-04
-2.427787986E-04
-2.422753460E-04
-2.417553624E-04
-2.412181057E-04
-2.406627318E-04
-2.400883095E-04
-2.394938056E-04
-2.388780413E-04
-2.382396779E-04
-2.375772310E-04
-2.368889109E-04
-2.361726656E-04
-2.354260796E-04
-2.346462425E-04
-2.338295599E-04
-2.329715935E-04
-2.320665808E-04
-2.311068238E-04
-2.300814231E-04
-2.289744152E-04
-2.277565509E-04
-2.263705683E-04
-2.543117153E-04
-2.543030132E-04
-2.542872680E-04
-2.542645088E-04
-2.542346774E-04
-2.541977738E-04
-2.541538270E-04
-2.541027498E-04
-2.540445712E-04
-2.539792331E-04
-2.539067355E-04
-2.538270492E-04
-2.537401160E-04
-2.536459069E-04
-2.535443637E-04
-2.534354862E-04
-2.533191582E-04
-2.531954087E-04
-2.530640922E-04
-2.529252379E-04
-2.527787001E-04
-2.526244498E-04
-2.524623997E-04
-2.522924915E-04
-2.521146380E-04
-2.519287227E-04
-2.517346584E-04
-2.515323285E-04
-2.513216750E-04
-2.511025814E-04
-2.508748730E-04
-2.506384626E-04
-2.503932046E-04
-2.501389536E-04
-2.498755639E-04
-2.496028901E-04
-2.493207285E-04
-2.490289335E-04
-2.487273014E-04
-2.484156284E-04
-2.480936819E-04
-2.477612579E-04
-2.474181238E-04
-2.470639593E-04
-2.466985607E-04
-2.463215787E-04
-2.459326934E-04
-2.455316135E-04
-2.451179025E-04
-2.446912113E-04
-2.442511031E-04
-2.437971270E-04
-2.433287591E-04
-2.428454463E-04
-2.423466358E-04
-2.418316290E-04
-2.412997419E-04
-2.407501597E-04
-2.401820093E-04
-2.395943011E-04
-2.389859437E-04
-2.383556857E-04
-2.377021010E-04
-2.370235597E-04
-2.363181702E-04
-2.355837059E-04
-2.348175185E-04
-2.340163628E-04
-2.331762662E-04
-2.322922082E-04
-2.313575533E-04
-2.303632064E-04
-2.292960853E-04
-2.281349880E-04
-2.268420794E-04
-2.253074344E-04
-2.543133742E-04
-2.543080191E-04
-2.542956208E-04
-2.542761795E-04
-2.542496950E-04
-2.542161383E-04
-2.541755093E-04
-2.541277790E-04
-2.540729183E-04
-2.540109563E-04
-2.539417765E-04
-2.538654371E-04
-2.537818218E-04
-2.536909597E-04
-2.535927633E-04
-2.534872037E-04
-2.533742518E-04
-2.532538201E-04
-2.531258506E-04
-2.529903140E-04
-2.528471523E-04
-2.526962489E-04
-2.525375457E-04
-2.523709554E-04
-2.521964489E-04
-2.520138514E-04
-2.518231340E-04
-2.516241802E-04
-2.514168737E-04
-2.512010979E-04
-2.509767364E-04
-2.507436730E-04
-2.505017619E-04
-2.502508869E-04
-2.499908442E-04
-2.497215173E-04
-2.494427026E-04
-2.491542546E-04
-2.488559694E-04
-2.485476725E-04
-2.482290729E-04
-2.479000250E-04
-2.475602087E-04
-2.472094202E-04
-2.468473685E-04
-2.464737336E-04
-2.460882242E-04
-2.456904913E-04
-2.452801564E-04
-2.448568412E-04
-2.444201091E-04
-2.439694799E-04
-2.435044735E-04
-2.430245513E-04
-2.425291023E-04
-2.420174715E-04
-2.414889459E-04
-2.409427398E-04
-2.403779508E-04
-2.397936332E-04
-2.391886519E-04
-2.385617699E-04
-2.379115758E-04
-2.372364252E-04
-2.365344117E-04
-2.358033380E-04
-2.350405266E-04
-2.342427615E-04
-2.334060700E-04
-2.325254027E-04
-2.315941383E-04
-2.306031965E-04
-2.295394806E-04
-2.283817594E-04
-2.270922705E-04
-2.255610307E-04
