-5.751905264E-04
-5.151792429E-04
-5.156917614E-04
-5.188407376E-04
-5.216174177E-04
-5.240578903E-04
-5.262767081E-04
-5.283324281E-04
-5.302568898E-04
-5.320719793E-04
-5.337929470E-04
-5.354314926E-04
-5.369964056E-04
-5.384948454E-04
-5.399326910E-04
-5.413147155E-04
-5.426451098E-04
-5.439273664E-04
-5.451644538E-04
-5.463591078E-04
-5.475135986E-04
-5.486301379E-04
-5.497104139E-04
-5.507562310E-04
-5.517689860E-04
-5.527501344E-04
-5.537008983E-04
-5.546224420E-04
-5.555157550E-04
-5.563817685E-04
-5.572214723E-04
-5.580356228E-04
-5.588249769E-04
-5.595902912E-04
-5.603321479E-04
-5.610512453E-04
-5.617481074E-04
-5.624232581E-04
-5.630772212E-04
-5.637105205E-04
-5.643235054E-04
-5.649166415E-04
-5.654903362E-04
-5.660449388E-04
-5.665807985E-04
-5.670982064E-04
-5.675975699E-04
-5.680790637E-04
-5.685430369E-04
-5.689897807E-04
-5.694194115E-04
-5.698323366E-04
-5.702286144E-04
-5.706085358E-04
-5.709722755E-04
-5.713200080E-04
-5.716519663E-04
-5.719682085E-04
-5.722689675E-04
-5.725544179E-04
-5.728245596E-04
-5.730796256E-04
-5.733197322E-04
-5.735449377E-04
-5.737553583E-04
-5.739511689E-04
-5.741323112E-04
-5.742989597E-04
-5.744511727E-04
-5.745890667E-04
-5.747125833E-04
-5.748218391E-04
-5.749168922E-04
-5.749978009E-04
-5.750645068E-04
-5.751171266E-04
-5.751556600E-04
-5.751801073E-04
-5.751868011E-04
-5.751690478E-04
-5.751372664E-04
-5.750913406E-04
-5.750312703E-04
-5.749571137E-04
-5.748687545E-04
-5.747661926E-04
-5.746493698E-04
-5.745182279E-04
-5.743727088E-04
-5.742127541E-04
-5.740382476E-04
-5.738491891E-04
-5.736454623E-04
-5.734269507E-04
-5.731935962E-04
-5.729452241E-04
-5.726817180E-04
-5.724030198E-04
-5.721090129E-04
-5.717994063E-04
-5.714742001E-04
-5.711331614E-04
-5.707761156E-04
-5.704029463E-04
-5.700133624E-04
-5.696071894E-04
-5.691842525E-04
-5.687442608E-04
-5.682869814E-04
-5.678121815E-04
-5.673195701E-04
-5.668088561E-04
-5.662797485E-04
-5.657318397E-04
-5.651648971E-04
-5.645785131E-04
-5.639722222E-04
-5.633456749E-04
-5.626984639E-04
-5.620300071E-04
-5.613398971E-04
-5.606275517E-04
-5.598924472E-04
-5.591338850E-04
-5.583512830E-04
-5.575438845E-04
-5.567109329E-04
-5.558516132E-04
-5.549651105E-04
-5.540503189E-04
-5.531063653E-04
-5.521319690E-04
-5.511259078E-04
-5.500869011E-04
-5.490133772E-04
-5.479036481E-04
-5.467559095E-04
-5.455680075E-04
-5.443376722E-04
-5.430622841E-04
-5.417387001E-04
-5.403634277E-04
-5.389323924E-04
-5.374407046E-04
-5.358826020E-04
-5.342509248E-04
-5.325367092E-04
-5.307284300E-04
-5.288107786E-04
-5.267619272E-04
-5.245499196E-04
-5.221162573E-04
-5.193464458E-04
-5.751870922E-04
-5.751696881E-04
-5.751381977E-04
-5.750926211E-04
-5.750329001E-04
-5.749590928E-04
-5.748711410E-04
-5.747689866E-04
-5.746525712E-04
-5.745218950E-04
-5.743768997E-04
-5.742174690E-04
-5.740435445E-04
-5.738550681E-04
-5.736519815E-04
-5.734341685E-04
-5.732015707E-04
-5.729540135E-04
-5.726913805E-04
-5.724136136E-04
-5.721205380E-04
-5.718120374E-04
-5.714879371E-04
-5.711481208E-04
-5.707924138E-04
-5.704205832E-04
-5.700325128E-04
-5.696279695E-04
-5.692067207E-04
-5.687685334E-04
-5.683132331E-04
-5.678405287E-04
-5.673501291E-04
-5.668418016E-04
-5.663151387E-04
-5.657699658E-04
-5.652058753E-04
-5.646225181E-04
-5.640194868E-04
-5.633964320E-04
-5.627528881E-04
-5.620883312E-04
-5.614024121E-04
-5.606944906E-04
-5.599641008E-04
-5.592106027E-04
-5.584333558E-04
-5.576316616E-04
-5.568048800E-04
-5.559520796E-04
-5.550725618E-04
-5.541652790E-04
-5.532292416E-04
-5.522634601E-04
-5.512666539E-04
-5.502375425E-04
-5.491746706E-04
-5.480764667E-04
-5.469412426E-04
-5.457669031E-04
-5.445513525E-04
-5.432920298E-04
-5.419861409E-04
-5.406304263E-04
-5.392209860E-04
-5.377535126E-04
-5.362226511E-04
-5.346219405E-04
-5.329434061E-04
-5.311770365E-04
-5.293095019E-04
-5.273226998E-04
-5.251903785E-04
-5.228702212E-04
-5.202864995E-04
-5.172193050E-04
-5.751904100E-04
-5.751796998E-04
-5.751549033E-04
-5.751160206E-04
-5.750630517E-04
-5.749959382E-04
-5.749146803E-04
-5.748192198E-04
-5.747095565E-04
-5.745855742E-04
-5.744472728E-04
-5.742945359E-04
-5.741273053E-04
-5.739455810E-04
-5.737491883E-04
-5.735380691E-04
-5.733121070E-04
-5.730712437E-04
-5.728153628E-04
-5.725442898E-04
-5.722579663E-04
-5.719561595E-04
-5.716388114E-04
-5.713056889E-04
-5.709566758E-04
-5.705915974E-04
-5.702102208E-04
-5.698123714E-04
-5.693978164E-04
-5.689663813E-04
-5.685177748E-04
-5.680517643E-04
-5.675681168E-04
-5.670664832E-04
-5.665466306E-04
-5.660081515E-04
-5.654508132E-04
-5.648741499E-04
-5.642778706E-04
-5.636615097E-04
-5.630246596E-04
-5.623669131E-04
-5.616876879E-04
-5.609865184E-04
-5.602628808E-04
-5.595161347E-04
-5.587456399E-04
-5.579506978E-04
-5.571306683E-04
-5.562846200E-04
-5.554118543E-04
-5.545113236E-04
-5.535820965E-04
-5.526230088E-04
-5.516329547E-04
-5.506106536E-04
-5.495545338E-04
-5.484631401E-04
-5.473346682E-04
-5.461671390E-04
-5.449583405E-04
-5.437058280E-04
-5.424066912E-04
-5.410577287E-04
-5.396551569E-04
-5.381944939E-04
-5.366703845E-04
-5.350764841E-04
-5.334047601E-04
-5.316452007E-04
-5.297844764E-04
-5.278044846E-04
-5.256790319E-04
-5.233656266E-04
-5.207887734E-04
-5.177283892E-04
