-5.992766819E-04
-5.392929888E-04
-5.398032372E-04
-5.429535522E-04
-5.457293009E-04
-5.481689004E-04
-5.503869033E-04
-5.524417502E-04
-5.543653970E-04
-5.561796715E-04
-5.578998826E-04
-5.595376715E-04
-5.611018278E-04
-5.625995691E-04
-5.640366580E-04
-5.654180422E-04
-5.667477380E-04
-5.680293543E-04
-5.692658015E-04
-5.704598152E-04
-5.716137821E-04
-5.727296812E-04
-5.738094333E-04
-5.748546682E-04
-5.758669577E-04
-5.768475821E-04
-5.777978804E-04
-5.787189002E-04
-5.796117475E-04
-5.804772954E-04
-5.813165917E-04
-5.821302766E-04
-5.829192814E-04
-5.836841301E-04
-5.844256375E-04
-5.851443857E-04
-5.858408986E-04
-5.865157000E-04
-5.871693138E-04
-5.878022639E-04
-5.884149577E-04
-5.890078610E-04
-5.895812064E-04
-5.901355762E-04
-5.906711449E-04
-5.911883200E-04
-5.916873924E-04
-5.921687116E-04
-5.926324520E-04
-5.930789630E-04
-5.935084191E-04
-5.939211114E-04
-5.943172146E-04
-5.946969613E-04
-5.950605264E-04
-5.954081425E-04
-5.957399262E-04
-5.960560520E-04
-5.963566364E-04
-5.966419121E-04
-5.969119375E-04
-5.971669452E-04
-5.974068772E-04
-5.976320244E-04
-5.978423287E-04
-5.980380229E-04
-5.982191069E-04
-5.983856972E-04
-5.985377938E-04
-5.986756296E-04
-5.987990880E-04
-5.989082856E-04
-5.990032805E-04
-5.990841310E-04
-5.991508369E-04
-5.992033985E-04
-5.992419319E-04
-5.992663209E-04
-5.992730148E-04
-5.992552615E-04
-5.992234219E-04
-5.991774960E-04
-5.991174839E-04
-5.990433274E-04
-5.989549682E-04
-5.988524063E-04
-5.987356417E-04
-5.986045580E-04
-5.984590389E-04
-5.982991424E-04
-5.981247523E-04
-5.979357520E-04
-5.977320834E-04
-5.975136301E-04
-5.972803337E-04
-5.970320781E-04
-5.967686884E-04
-5.964901065E-04
-5.961961579E-04
-5.958867259E-04
-5.955616361E-04
-5.952207139E-04
-5.948638427E-04
-5.944907898E-04
-5.941013223E-04
-5.936953239E-04
-5.932725617E-04
-5.928327446E-04
-5.923756980E-04
-5.919010728E-04
-5.914086942E-04
-5.908982130E-04
-5.903693382E-04
-5.898216623E-04
-5.892550107E-04
-5.886688596E-04
-5.880628596E-04
-5.874366034E-04
-5.867896834E-04
-5.861215177E-04
-5.854317569E-04
-5.847197608E-04
-5.839849473E-04
-5.832267925E-04
-5.824445398E-04
-5.816375487E-04
-5.808050046E-04
-5.799461505E-04
-5.790599971E-04
-5.781457294E-04
-5.772021832E-04
-5.762282526E-04
-5.752227735E-04
-5.741842324E-04
-5.731112324E-04
-5.720020854E-04
-5.708548706E-04
-5.696676089E-04
-5.684378557E-04
-5.671630497E-04
-5.658401060E-04
-5.644654739E-04
-5.630351370E-04
-5.615441478E-04
-5.599867436E-04
-5.583558232E-04
-5.566423060E-04
-5.548348418E-04
-5.529180053E-04
-5.508699105E-04
-5.486587179E-04
-5.462259287E-04
-5.434570485E-04
-5.992733059E-04
-5.992559018E-04
-5.992244114E-04
-5.991788930E-04
-5.991192302E-04
-5.990454811E-04
-5.989575875E-04
-5.988554331E-04
-5.987391341E-04
-5.986085162E-04
-5.984635791E-04
-5.983042065E-04
-5.981303984E-04
-5.979420384E-04
-5.977390101E-04
-5.975213135E-04
-5.972887739E-04
-5.970413331E-04
-5.967788165E-04
-5.965011660E-04
-5.962082651E-04
-5.958999391E-04
-5.955759552E-04
-5.952363135E-04
-5.948807811E-04
-5.945091252E-04
-5.941212294E-04
-5.937168607E-04
-5.932957865E-04
-5.928578321E-04
-5.924027646E-04
-5.919302930E-04
-5.914401263E-04
-5.909320316E-04
-5.904056598E-04
-5.898607778E-04
-5.892969202E-04
-5.887138541E-04
-5.881111138E-04
-5.874883500E-04
-5.868451553E-04
-5.861809477E-04
-5.854953779E-04
-5.847878056E-04
-5.840577651E-04
-5.833046744E-04
-5.825278349E-04
-5.817266065E-04
-5.809001741E-04
-5.800478393E-04
-5.791687872E-04
-5.782619701E-04
-5.773264566E-04
-5.763611407E-04
-5.753648584E-04
-5.743362708E-04
-5.732739810E-04
-5.721763591E-04
-5.710417172E-04
-5.698679597E-04
-5.686529912E-04
-5.673943670E-04
-5.660891184E-04
-5.647340440E-04
-5.633253604E-04
-5.618585856E-04
-5.603284808E-04
-5.587284686E-04
-5.570507492E-04
-5.552851362E-04
-5.534184165E-04
-5.514324293E-04
-5.493009812E-04
-5.469816388E-04
-5.443988484E-04
-5.413326435E-04
-5.992766237E-04
-5.992659135E-04
-5.992411170E-04
-5.992022343E-04
-5.991492653E-04
-5.990821519E-04
-5.990008940E-04
-5.989054916E-04
-5.987958284E-04
-5.986719043E-04
-5.985336029E-04
-5.983809242E-04
-5.982137518E-04
-5.980320857E-04
-5.978357513E-04
-5.976246903E-04
-5.973988445E-04
-5.971580977E-04
-5.969022750E-04
-5.966313183E-04
-5.963450531E-04
-5.960433627E-04
-5.957261310E-04
-5.953931832E-04
-5.950442865E-04
-5.946793244E-04
-5.942981225E-04
-5.939004477E-04
-5.934860674E-04
-5.930548068E-04
-5.926063750E-04
-5.921405973E-04
-5.916571245E-04
-5.911557237E-04
-5.906361039E-04
-5.900978576E-04
-5.895407521E-04
-5.889643799E-04
-5.883683334E-04
-5.877522635E-04
-5.871157628E-04
-5.864582490E-04
-5.857793731E-04
-5.850785528E-04
-5.843552644E-04
-5.836088094E-04
-5.828387220E-04
-5.820441875E-04
-5.812245072E-04
-5.803789245E-04
-5.795065663E-04
-5.786064430E-04
-5.776776816E-04
-5.767191178E-04
-5.757295294E-04
-5.747076939E-04
-5.736521562E-04
-5.725612864E-04
-5.714333383E-04
-5.702663912E-04
-5.690581747E-04
-5.678063026E-04
-5.665078061E-04
-5.651594838E-04
-5.637575523E-04
-5.622975877E-04
-5.607741768E-04
-5.591809750E-04
-5.575100076E-04
-5.557512050E-04
-5.538912956E-04
-5.519120605E-04
-5.497874226E-04
-5.474748905E-04
-5.448989104E-04
-5.418394576E-04
