-5.294146831E-04
-4.693671362E-04
-4.698772100E-04
-4.730302317E-04
-4.758084542E-04
-4.782504402E-04
-4.804707714E-04
-4.825278884E-04
-4.844537179E-04
-4.862701171E-04
-4.879924236E-04
-4.896321916E-04
-4.911982687E-04
-4.926978727E-04
-4.941368243E-04
-4.955199547E-04
-4.968513385E-04
-4.981345264E-04
-4.993726034E-04
-5.005681305E-04
-5.017235526E-04
-5.028409068E-04
-5.039219977E-04
-5.049685133E-04
-5.059820833E-04
-5.069639301E-04
-5.079153343E-04
-5.088375183E-04
-5.097314133E-04
-5.105980090E-04
-5.114382366E-04
-5.122529110E-04
-5.130427890E-04
-5.138085107E-04
-5.145508330E-04
-5.152703379E-04
-5.159676075E-04
-5.166431074E-04
-5.172974779E-04
-5.179310683E-04
-5.185443442E-04
-5.191378295E-04
-5.197117571E-04
-5.202665925E-04
-5.208026851E-04
-5.213203840E-04
-5.218198639E-04
-5.223015905E-04
-5.227657384E-04
-5.232126568E-04
-5.236424622E-04
-5.240555038E-04
-5.244518979E-04
-5.248319358E-04
-5.251957919E-04
-5.255436408E-04
-5.258756573E-04
-5.261920160E-04
-5.264928332E-04
-5.267782835E-04
-5.270485417E-04
-5.273036659E-04
-5.275437725E-04
-5.277690361E-04
-5.279795150E-04
-5.281753256E-04
-5.283565260E-04
-5.285231746E-04
-5.286753876E-04
-5.288132816E-04
-5.289367982E-04
-5.290461122E-04
-5.291411653E-04
-5.292220158E-04
-5.292887799E-04
-5.293413415E-04
-5.293798749E-04
-5.294043222E-04
-5.294110160E-04
-5.293932045E-04
-5.293613649E-04
-5.293154391E-04
-5.292553687E-04
-5.291811540E-04
-5.290927365E-04
-5.289901746E-04
-5.288732937E-04
-5.287420936E-04
-5.285965162E-04
-5.284365034E-04
-5.282619968E-04
-5.280728801E-04
-5.278690951E-04
-5.276504671E-04
-5.274170544E-04
-5.271685659E-04
-5.269050016E-04
-5.266262451E-04
-5.263320636E-04
-5.260223988E-04
-5.256970762E-04
-5.253559211E-04
-5.249987589E-04
-5.246253568E-04
-5.242356565E-04
-5.238293088E-04
-5.234061391E-04
-5.229659728E-04
-5.225085188E-04
-5.220334860E-04
-5.215406418E-04
-5.210296949E-04
-5.205002963E-04
-5.199520965E-04
-5.193848629E-04
-5.187981296E-04
-5.181914894E-04
-5.175645929E-04
-5.169169744E-04
-5.162481684E-04
-5.155576509E-04
-5.148448399E-04
-5.141092115E-04
-5.133501836E-04
-5.125670577E-04
-5.117590772E-04
-5.109256017E-04
-5.100656999E-04
-5.091784988E-04
-5.082630669E-04
-5.073184147E-04
-5.063432618E-04
-5.053365021E-04
-5.042966804E-04
-5.032222834E-04
-5.021116813E-04
-5.009630695E-04
-4.997742362E-04
-4.985429696E-04
-4.972664756E-04
-4.959418438E-04
-4.945654655E-04
-4.931333242E-04
-4.916404723E-04
-4.900811473E-04
-4.884481896E-04
-4.867326352E-04
-4.849230172E-04
-4.830039688E-04
-4.809536331E-04
-4.787401122E-04
-4.763049074E-04
-4.735335242E-04
-5.294112489E-04
-5.293938448E-04
-5.293624126E-04
-5.293168360E-04
-5.292571732E-04
-5.291833659E-04
-5.290954141E-04
-5.289932014E-04
-5.288768443E-04
-5.287461099E-04
-5.286011146E-04
-5.284416256E-04
-5.282677012E-04
-5.280792248E-04
-5.278761382E-04
-5.276582669E-04
-5.274256109E-04
-5.271779955E-04
-5.269153044E-04
-5.266374792E-04
-5.263443454E-04
-5.260357866E-04
-5.257116281E-04
-5.253716954E-04
-5.250158720E-04
-5.246439832E-04
-5.242557381E-04
-5.238510785E-04
-5.234296550E-04
-5.229913513E-04
-5.225358764E-04
-5.220629391E-04
-5.215723650E-04
-5.210638046E-04
-5.205369671E-04
-5.199915613E-04
-5.194271798E-04
-5.188435316E-04
-5.182402092E-04
-5.176168052E-04
-5.169729120E-04
-5.163080641E-04
-5.156217376E-04
-5.149134086E-04
-5.141826114E-04
-5.134286475E-04
-5.126508768E-04
-5.118487170E-04
-5.110213533E-04
-5.101680290E-04
-5.092879292E-04
-5.083800061E-04
-5.074433866E-04
-5.064768484E-04
-5.054793437E-04
-5.044494756E-04
-5.033858470E-04
-5.022868281E-04
-5.011507310E-04
-4.999755183E-04
-4.987590364E-04
-4.974987824E-04
-4.961919039E-04
-4.948350834E-04
-4.934245953E-04
-4.919560160E-04
-4.904239322E-04
-4.888219992E-04
-4.871422134E-04
-4.853745340E-04
-4.835056607E-04
-4.815174325E-04
-4.793837143E-04
-4.770620144E-04
-4.744767502E-04
-4.714080133E-04
-5.294146249E-04
-5.294038565E-04
-5.293790600E-04
-5.293401773E-04
-5.292871501E-04
-5.292200367E-04
-5.291387206E-04
-5.290432600E-04
-5.289334804E-04
-5.288094981E-04
-5.286711385E-04
-5.285183433E-04
-5.283510545E-04
-5.281692720E-04
-5.279728211E-04
-5.277616438E-04
-5.275356234E-04
-5.272947019E-04
-5.270387046E-04
-5.267675733E-04
-5.264810752E-04
-5.261792103E-04
-5.258616875E-04
-5.255284486E-04
-5.251793191E-04
-5.248140660E-04
-5.244325730E-04
-5.240345490E-04
-5.236198194E-04
-5.231882096E-04
-5.227394286E-04
-5.222731852E-04
-5.217893049E-04
-5.212874385E-04
-5.207672948E-04
-5.202285829E-04
-5.196708953E-04
-5.190939410E-04
-5.184973124E-04
-5.178806605E-04
-5.172434030E-04
-5.165852490E-04
-5.159056745E-04
-5.152040394E-04
-5.144799361E-04
-5.137326661E-04
-5.129616475E-04
-5.121662398E-04
-5.113455700E-04
-5.104989978E-04
-5.096255336E-04
-5.087243626E-04
-5.077944952E-04
-5.068347091E-04
-5.058438983E-04
-5.048207822E-04
-5.037639057E-04
-5.026716390E-04
-5.015422357E-04
-5.003738333E-04
-4.991640453E-04
-4.979105433E-04
-4.966104170E-04
-4.952603485E-04
-4.938566708E-04
-4.923948436E-04
-4.908695119E-04
-4.892743891E-04
-4.876013554E-04
-4.858404573E-04
-4.839783651E-04
-4.819969472E-04
-4.798699811E-04
-4.775550624E-04
-4.749766376E-04
-4.719147109E-04
