-5.098974798E-04
-4.503546807E-04
-4.498444032E-04
-5.098937545E-04
-5.098760012E-04
-5.098441616E-04
-5.097982357E-04
-5.097381654E-04
-5.096640089E-04
-5.095756496E-04
-5.094730877E-04
-5.093562650E-04
-5.092251231E-04
-5.090796039E-04
-5.089196493E-04
-5.087451427E-04
-5.085560842E-04
-5.083523574E-04
-5.081338459E-04
-5.079004331E-04
-5.076520611E-04
-5.073886132E-04
-5.071098567E-04
-5.068157916E-04
-5.065061850E-04
-5.061809206E-04
-5.058398237E-04
-5.054827197E-04
-5.051094922E-04
-5.047197919E-04
-5.043135607E-04
-5.038905074E-04
-5.034503993E-04
-5.029930035E-04
-5.025180290E-04
-5.020252429E-04
-5.015143543E-04
-5.009850138E-04
-5.004369305E-04
-4.998696968E-04
-4.992830218E-04
-4.986764397E-04
-4.980496014E-04
-4.974019830E-04
-4.967331770E-04
-4.960426595E-04
-4.953298485E-04
-4.945942783E-04
-4.938351922E-04
-4.930520081E-04
-4.922440276E-04
-4.914104939E-04
-4.905505339E-04
-4.896632745E-04
-4.887477844E-04
-4.878030159E-04
-4.868277756E-04
-4.858208704E-04
-4.847809032E-04
-4.837063898E-04
-4.825956421E-04
-4.814467975E-04
-4.802577896E-04
-4.790262610E-04
-4.777495633E-04
-4.764246696E-04
-4.750480293E-04
-4.736155388E-04
-4.721223959E-04
-4.705627216E-04
-4.689293855E-04
-4.672134819E-04
-4.654034565E-04
-4.634839715E-04
-4.614331992E-04
-4.592191835E-04
-4.567834840E-04
-4.540115769E-04
-4.535080807E-04
-4.562868271E-04
-4.587293079E-04
-4.609501048E-04
-4.630076874E-04
-4.649339535E-04
-4.667507601E-04
-4.684734449E-04
-4.701135622E-04
-4.716800177E-04
-4.731799418E-04
-4.746191553E-04
-4.760025768E-04
-4.773342225E-04
-4.786177014E-04
-4.798559530E-04
-4.810517421E-04
-4.822073097E-04
-4.833248095E-04
-4.844060750E-04
-4.854527651E-04
-4.864664224E-04
-4.874483857E-04
-4.883999354E-04
-4.893221194E-04
-4.902161309E-04
-4.910827847E-04
-4.919230705E-04
-4.927378031E-04
-4.935276811E-04
-4.942934611E-04
-4.950357834E-04
-4.957552883E-04
-4.964524996E-04
-4.971279996E-04
-4.977823119E-04
-4.984159023E-04
-4.990291782E-04
-4.996225471E-04
-5.001964746E-04
-5.007512518E-04
-5.012872862E-04
-5.018048687E-04
-5.023043486E-04
-5.027860170E-04
-5.032501067E-04
-5.036969087E-04
-5.041266559E-04
-5.045395810E-04
-5.049359170E-04
-5.053158966E-04
-5.056796363E-04
-5.060274270E-04
-5.063593853E-04
-5.066756275E-04
-5.069763865E-04
-5.072617787E-04
-5.075319787E-04
-5.077870446E-04
-5.080270930E-04
-5.082522985E-04
-5.084627192E-04
-5.086584133E-04
-5.088395556E-04
-5.090062041E-04
-5.091584171E-04
-5.092961947E-04
-5.094197113E-04
-5.095289671E-04
-5.096239620E-04
-5.097048124E-04
-5.097715766E-04
-5.098241381E-04
-5.098626716E-04
-5.098871188E-04
-5.098973634E-04
-5.098866532E-04
-5.098618567E-04
-5.098229740E-04
-5.097699468E-04
-5.097028916E-04
-5.096215755E-04
-5.095261149E-04
-5.094164517E-04
-5.092924694E-04
-5.091541680E-04
-5.090014311E-04
-5.088342004E-04
-5.086524761E-04
-5.084560835E-04
-5.082449643E-04
-5.080190022E-04
-5.077781389E-04
-5.075221998E-04
-5.072511267E-04
-5.069647450E-04
-5.066629383E-04
-5.063455319E-04
-5.060123513E-04
-5.056632799E-04
-5.052981433E-04
-5.049167085E-04
-5.045187427E-04
-5.041041295E-04
-5.036725779E-04
-5.032238550E-04
-5.027577281E-04
-5.022739060E-04
-5.017720978E-04
-5.012520123E-04
-5.007133586E-04
-5.001557292E-04
-4.995788331E-04
-4.989822628E-04
-4.983656108E-04
-4.977284116E-04
-4.970702576E-04
-4.963906831E-04
-4.956891062E-04
-4.949649447E-04
-4.942176747E-04
-4.934466560E-04
-4.926511901E-04
-4.918305203E-04
-4.909838899E-04
-4.901103675E-04
-4.892091383E-04
-4.882791254E-04
-4.873192520E-04
-4.863283539E-04
-4.853051214E-04
-4.842480703E-04
-4.831556580E-04
-4.820260801E-04
-4.808574449E-04
-4.796474823E-04
-4.783937475E-04
-4.770933301E-04
-4.757430579E-04
-4.743390309E-04
-4.728769127E-04
-4.713512899E-04
-4.697557888E-04
-4.680824059E-04
-4.663211002E-04
-4.644585715E-04
-4.624767171E-04
-4.603492853E-04
-4.580338718E-04
-4.554549523E-04
-4.523924727E-04
-5.098940455E-04
-5.098766414E-04
-5.098451511E-04
-5.097996327E-04
-5.097399699E-04
-5.096661625E-04
-5.095782690E-04
-5.094761145E-04
-5.093597574E-04
-5.092290812E-04
-5.090840859E-04
-5.089247134E-04
-5.087508471E-04
-5.085623707E-04
-5.083593423E-04
-5.081415293E-04
-5.079089315E-04
-5.076613743E-04
-5.073987995E-04
-5.071210326E-04
-5.068279570E-04
-5.065194564E-04
-5.061953561E-04
-5.058555398E-04
-5.054997746E-04
-5.051279441E-04
-5.047398154E-04
-5.043352139E-04
-5.039138487E-04
-5.034756032E-04
-5.030201864E-04
-5.025473656E-04
-5.020568497E-04
-5.015483475E-04
-5.010215682E-04
-5.004762206E-04
-4.999118974E-04
-4.993283073E-04
-4.987250431E-04
-4.981016391E-04
-4.974578042E-04
-4.967929563E-04
-4.961066297E-04
-4.953983589E-04
-4.946675035E-04
-4.939135397E-04
-4.931357689E-04
-4.923336091E-04
-4.915061872E-04
-4.906528047E-04
-4.897725885E-04
-4.888646072E-04
-4.879278713E-04
-4.869612749E-04
-4.859636538E-04
-4.849336692E-04
-4.838698660E-04
-4.827707016E-04
-4.816344299E-04
-4.804590135E-04
-4.792422988E-04
-4.779817828E-04
-4.766746424E-04
-4.753175890E-04
-4.739068099E-04
-4.724379105E-04
-4.709055356E-04
-4.693032242E-04
-4.676230601E-04
-4.658549733E-04
-4.639856925E-04
-4.619970277E-04
-4.598628148E-04
-4.575406201E-04
-4.549548612E-04
-4.518855712E-04
