-5.140916328E-04
-4.545492702E-04
-4.540388763E-04
-5.140879657E-04
-5.140702124E-04
-5.140383146E-04
-5.139923887E-04
-5.139323766E-04
-5.138581619E-04
-5.137698026E-04
-5.136672407E-04
-5.135503598E-04
-5.134192179E-04
-5.132736987E-04
-5.131137441E-04
-5.129392375E-04
-5.127501790E-04
-5.125463940E-04
-5.123278825E-04
-5.120944697E-04
-5.118460394E-04
-5.115825334E-04
-5.113038351E-04
-5.110097118E-04
-5.107001052E-04
-5.103747826E-04
-5.100336857E-04
-5.096765817E-04
-5.093032378E-04
-5.089135957E-04
-5.085073062E-04
-5.080841947E-04
-5.076440866E-04
-5.071866326E-04
-5.067116581E-04
-5.062188720E-04
-5.057079252E-04
-5.051785847E-04
-5.046304432E-04
-5.040632095E-04
-5.034765345E-04
-5.028699525E-04
-5.022430560E-04
-5.015954375E-04
-5.009266315E-04
-5.002360558E-04
-4.995232448E-04
-4.987876164E-04
-4.980285885E-04
-4.972454044E-04
-4.964374239E-04
-4.956038320E-04
-4.947438720E-04
-4.938566126E-04
-4.929411225E-04
-4.919963540E-04
-4.910211428E-04
-4.900142667E-04
-4.889743286E-04
-4.878997861E-04
-4.867890675E-04
-4.856402520E-04
-4.844512732E-04
-4.832197737E-04
-4.819431342E-04
-4.806182696E-04
-4.792416585E-04
-4.778092552E-04
-4.763161705E-04
-4.747565545E-04
-4.731232766E-04
-4.714074312E-04
-4.695974640E-04
-4.676780954E-04
-4.656273813E-04
-4.634134821E-04
-4.609778698E-04
-4.582060501E-04
-4.577024083E-04
-4.604810674E-04
-4.629234609E-04
-4.651441704E-04
-4.672016657E-04
-4.691278446E-04
-4.709445930E-04
-4.726672196E-04
-4.743072786E-04
-4.758736468E-04
-4.773735418E-04
-4.788126971E-04
-4.801960604E-04
-4.815276770E-04
-4.828111269E-04
-4.840493493E-04
-4.852450802E-04
-4.864006478E-04
-4.875181185E-04
-4.885993549E-04
-4.896460450E-04
-4.906597314E-04
-4.916416365E-04
-4.925931571E-04
-4.935153993E-04
-4.944093525E-04
-4.952760646E-04
-4.961163504E-04
-4.969310248E-04
-4.977209610E-04
-4.984867410E-04
-4.992290633E-04
-4.999485682E-04
-5.006458377E-04
-5.013213959E-04
-5.019757082E-04
-5.026092986E-04
-5.032225745E-04
-5.038160016E-04
-5.043899291E-04
-5.049447645E-04
-5.054807989E-04
-5.059984396E-04
-5.064979196E-04
-5.069795880E-04
-5.074437358E-04
-5.078905378E-04
-5.083203432E-04
-5.087332684E-04
-5.091296625E-04
-5.095096421E-04
-5.098734400E-04
-5.102212308E-04
-5.105532473E-04
-5.108695477E-04
-5.111703067E-04
-5.114557571E-04
-5.117258988E-04
-5.119810230E-04
-5.122210714E-04
-5.124462768E-04
-5.126567557E-04
-5.128525081E-04
-5.130336503E-04
-5.132002989E-04
-5.133525119E-04
-5.134903477E-04
-5.136138643E-04
-5.137231201E-04
-5.138181150E-04
-5.138990236E-04
-5.139657296E-04
-5.140183493E-04
-5.140568246E-04
-5.140812718E-04
-5.140915746E-04
-5.140808062E-04
-5.140560097E-04
-5.140171270E-04
-5.139641580E-04
-5.138970446E-04
-5.138157867E-04
-5.137202679E-04
-5.136106047E-04
-5.134866224E-04
-5.133482628E-04
-5.131955259E-04
-5.130282952E-04
-5.128465127E-04
-5.126501201E-04
-5.124390009E-04
-5.122130387E-04
-5.119721172E-04
-5.117161782E-04
-5.114451051E-04
-5.111586652E-04
-5.108568585E-04
-5.105393939E-04
-5.102062132E-04
-5.098571419E-04
-5.094919470E-04
-5.091104540E-04
-5.087125464E-04
-5.082978751E-04
-5.078662653E-04
-5.074175424E-04
-5.069513572E-04
-5.064675352E-04
-5.059656687E-04
-5.054455833E-04
-5.049068714E-04
-5.043492420E-04
-5.037723458E-04
-5.031757173E-04
-5.025590654E-04
-5.019218661E-04
-5.012637121E-04
-5.005840794E-04
-4.998825025E-04
-4.991583410E-04
-4.984110710E-04
-4.976400523E-04
-4.968445282E-04
-4.960238584E-04
-4.951772280E-04
-4.943037638E-04
-4.934024764E-04
-4.924724926E-04
-4.915126483E-04
-4.905217211E-04
-4.894984886E-04
-4.884414957E-04
-4.873490834E-04
-4.862195347E-04
-4.850509285E-04
-4.838409950E-04
-4.825872893E-04
-4.812869302E-04
-4.799366870E-04
-4.785327183E-04
-4.770706291E-04
-4.755450645E-04
-4.739496217E-04
-4.722763260E-04
-4.705150786E-04
-4.686526372E-04
-4.666708701E-04
-4.645435256E-04
-4.622281995E-04
-4.596493673E-04
-4.565870040E-04
-5.140881985E-04
-5.140707945E-04
-5.140393623E-04
-5.139937857E-04
-5.139341229E-04
-5.138603156E-04
-5.137723638E-04
-5.136702675E-04
-5.135538522E-04
-5.134232342E-04
-5.132781807E-04
-5.131187500E-04
-5.129448837E-04
-5.127564655E-04
-5.125533789E-04
-5.123355659E-04
-5.121029099E-04
-5.118553527E-04
-5.115927197E-04
-5.113149527E-04
-5.110218772E-04
-5.107133184E-04
-5.103892181E-04
-5.100493436E-04
-5.096935784E-04
-5.093216896E-04
-5.089335609E-04
-5.085289013E-04
-5.081075360E-04
-5.076692905E-04
-5.072138156E-04
-5.067409948E-04
-5.062504206E-04
-5.057419185E-04
-5.052150809E-04
-5.046697333E-04
-5.041053519E-04
-5.035217619E-04
-5.029184395E-04
-5.022950354E-04
-5.016511423E-04
-5.009862944E-04
-5.002999678E-04
-4.995916388E-04
-4.988607834E-04
-4.981068196E-04
-4.973290488E-04
-4.965268308E-04
-4.956994671E-04
-4.948460846E-04
-4.939658684E-04
-4.930578871E-04
-4.921211512E-04
-4.911545548E-04
-4.901569337E-04
-4.891269491E-04
-4.880631750E-04
-4.869640397E-04
-4.858277680E-04
-4.846523807E-04
-4.834356951E-04
-4.821752373E-04
-4.808681260E-04
-4.795111017E-04
-4.781003809E-04
-4.766315105E-04
-4.750991939E-04
-4.734969698E-04
-4.718168639E-04
-4.700488353E-04
-4.681796418E-04
-4.661910352E-04
-4.640569095E-04
-4.617348313E-04
-4.591491597E-04
-4.560799862E-04
