-6.136475713E-04
-5.536783137E-04
-5.541926366E-04
-5.573383532E-04
-5.601136363E-04
-5.625527119E-04
-5.647702492E-04
-5.668246304E-04
-5.687478115E-04
-5.705616204E-04
-5.722814240E-04
-5.739188055E-04
-5.754825543E-04
-5.769798881E-04
-5.784165696E-04
-5.797976046E-04
-5.811269511E-04
-5.824081600E-04
-5.836442579E-04
-5.848379806E-04
-5.859915982E-04
-5.871072062E-04
-5.881866091E-04
-5.892315530E-04
-5.902435514E-04
-5.912238848E-04
-5.921738921E-04
-5.930946209E-04
-5.939872353E-04
-5.948525504E-04
-5.956916139E-04
-5.965050659E-04
-5.972938379E-04
-5.980585120E-04
-5.987997865E-04
-5.995183019E-04
-6.002146401E-04
-6.008892669E-04
-6.015427061E-04
-6.021754816E-04
-6.027880008E-04
-6.033807294E-04
-6.039539585E-04
-6.045081536E-04
-6.050436059E-04
-6.055606646E-04
-6.060596206E-04
-6.065407651E-04
-6.070044474E-04
-6.074507837E-04
-6.078801816E-04
-6.082927575E-04
-6.086888025E-04
-6.090684328E-04
-6.094319397E-04
-6.097794394E-04
-6.101111649E-04
-6.104272325E-04
-6.107277586E-04
-6.110129762E-04
-6.112830015E-04
-6.115378928E-04
-6.117778248E-04
-6.120029138E-04
-6.122132181E-04
-6.124088541E-04
-6.125898799E-04
-6.127564702E-04
-6.129085668E-04
-6.130463444E-04
-6.131698028E-04
-6.132790586E-04
-6.133740535E-04
-6.134549039E-04
-6.135216099E-04
-6.135741714E-04
-6.136127049E-04
-6.136371521E-04
-6.136439042E-04
-6.136261509E-04
-6.135943695E-04
-6.135485019E-04
-6.134884898E-04
-6.134143914E-04
-6.133260904E-04
-6.132235867E-04
-6.131068803E-04
-6.129758549E-04
-6.128304522E-04
-6.126706139E-04
-6.124962820E-04
-6.123073399E-04
-6.121037877E-04
-6.118854508E-04
-6.116522127E-04
-6.114040152E-04
-6.111408002E-04
-6.108622765E-04
-6.105684442E-04
-6.102591287E-04
-6.099341554E-04
-6.095934077E-04
-6.092366530E-04
-6.088637165E-04
-6.084744236E-04
-6.080685998E-04
-6.076459540E-04
-6.072063115E-04
-6.067494396E-04
-6.062749890E-04
-6.057827850E-04
-6.052724784E-04
-6.047437782E-04
-6.041963352E-04
-6.036298582E-04
-6.030438817E-04
-6.024381146E-04
-6.018120912E-04
-6.011654041E-04
-6.004975294E-04
-5.998080014E-04
-5.990962381E-04
-5.983617157E-04
-5.976037937E-04
-5.968218320E-04
-5.960151320E-04
-5.951828789E-04
-5.943243159E-04
-5.934385117E-04
-5.925245350E-04
-5.915813381E-04
-5.906077567E-04
-5.896025687E-04
-5.885644350E-04
-5.874917842E-04
-5.863829865E-04
-5.852361792E-04
-5.840492668E-04
-5.828199792E-04
-5.815455224E-04
-5.802229862E-04
-5.788488197E-04
-5.774189485E-04
-5.759284250E-04
-5.743714864E-04
-5.727409734E-04
-5.710279802E-04
-5.692209816E-04
-5.673046689E-04
-5.652570981E-04
-5.630464293E-04
-5.606142222E-04
-5.578458076E-04
-6.136440788E-04
-6.136266747E-04
-6.135951844E-04
-6.135496660E-04
-6.134900032E-04
-6.134161958E-04
-6.133283023E-04
-6.132262060E-04
-6.131098489E-04
-6.129792891E-04
-6.128343521E-04
-6.126749795E-04
-6.125011714E-04
-6.123128696E-04
-6.121098995E-04
-6.118922029E-04
-6.116597215E-04
-6.114123389E-04
-6.111498806E-04
-6.108722882E-04
-6.105793873E-04
-6.102711195E-04
-6.099472521E-04
-6.096076686E-04
-6.092521944E-04
-6.088806549E-04
-6.084928173E-04
-6.080885651E-04
-6.076676073E-04
-6.072297692E-04
-6.067747599E-04
-6.063024048E-04
-6.058123545E-04
-6.053043762E-04
-6.047781790E-04
-6.042334135E-04
-6.036697305E-04
-6.030868390E-04
-6.024842733E-04
-6.018616841E-04
-6.012186059E-04
-6.005545729E-04
-5.998691777E-04
-5.991618382E-04
-5.984320305E-04
-5.976791144E-04
-5.969025078E-04
-5.961015122E-04
-5.952753127E-04
-5.944232689E-04
-5.935443914E-04
-5.926378653E-04
-5.917026429E-04
-5.907375598E-04
-5.897415685E-04
-5.887133302E-04
-5.876512732E-04
-5.865540006E-04
-5.854196497E-04
-5.842462997E-04
-5.830316804E-04
-5.817733472E-04
-5.804685061E-04
-5.791137810E-04
-5.777054466E-04
-5.762391374E-04
-5.747093819E-04
-5.731098354E-04
-5.714324652E-04
-5.696673179E-04
-5.678010639E-04
-5.658155424E-04
-5.636845599E-04
-5.613657413E-04
-5.587834166E-04
-5.557176773E-04
-6.136474549E-04
-6.136367447E-04
-6.136120064E-04
-6.135731819E-04
-6.135202711E-04
-6.134532159E-04
-6.133720162E-04
-6.132766139E-04
-6.131670089E-04
-6.130431429E-04
-6.129049580E-04
-6.127523375E-04
-6.125852233E-04
-6.124036154E-04
-6.122073974E-04
-6.119964528E-04
-6.117706653E-04
-6.115300348E-04
-6.112743285E-04
-6.110034301E-04
-6.107172812E-04
-6.104157655E-04
-6.100986502E-04
-6.097657606E-04
-6.094170385E-04
-6.090521929E-04
-6.086711655E-04
-6.082736072E-04
-6.078594015E-04
-6.074283156E-04
-6.069800584E-04
-6.065143971E-04
-6.060311571E-04
-6.055299309E-04
-6.050104275E-04
-6.044724141E-04
-6.039154832E-04
-6.033393438E-04
-6.027435302E-04
-6.021276931E-04
-6.014913670E-04
-6.008341443E-04
-6.001555012E-04
-5.994549138E-04
-5.987318582E-04
-5.979856942E-04
-5.972158979E-04
-5.964215961E-04
-5.956022651E-04
-5.947569152E-04
-5.938849063E-04
-5.929851322E-04
-5.920566618E-04
-5.910983891E-04
-5.901092081E-04
-5.890877219E-04
-5.880324752E-04
-5.869420129E-04
-5.858144141E-04
-5.846478743E-04
-5.834400654E-04
-5.821885425E-04
-5.808905116E-04
-5.795425968E-04
-5.781411310E-04
-5.766815739E-04
-5.751586286E-04
-5.735659506E-04
-5.718954490E-04
-5.701371119E-04
-5.682776682E-04
-5.662990152E-04
-5.641749012E-04
-5.618628347E-04
-5.592874368E-04
-5.562285660E-04
