-5.205058842E-04
-4.604546411E-04
-4.609648895E-04
-4.641180276E-04
-4.668965121E-04
-4.693387309E-04
-4.715592950E-04
-4.736166447E-04
-4.755426780E-04
-4.773593100E-04
-4.790817911E-04
-4.807217338E-04
-4.822880146E-04
-4.837877932E-04
-4.852268612E-04
-4.866101663E-04
-4.879416956E-04
-4.892250290E-04
-4.904632224E-04
-4.916588659E-04
-4.928144044E-04
-4.939318169E-04
-4.950130242E-04
-4.960596561E-04
-4.970732844E-04
-4.980551894E-04
-4.990067100E-04
-4.999288940E-04
-5.008228472E-04
-5.016895011E-04
-5.025297869E-04
-5.033444613E-04
-5.041343975E-04
-5.049001775E-04
-5.056424998E-04
-5.063620047E-04
-5.070592742E-04
-5.077348324E-04
-5.083892029E-04
-5.090227933E-04
-5.096360692E-04
-5.102294963E-04
-5.108034820E-04
-5.113583175E-04
-5.118944100E-04
-5.124120507E-04
-5.129115889E-04
-5.133932573E-04
-5.138574052E-04
-5.143042654E-04
-5.147340707E-04
-5.151470541E-04
-5.155434483E-04
-5.159234861E-04
-5.162873422E-04
-5.166351330E-04
-5.169671495E-04
-5.172834499E-04
-5.175842671E-04
-5.178697174E-04
-5.181399174E-04
-5.183950416E-04
-5.186351482E-04
-5.188604118E-04
-5.190708325E-04
-5.192666431E-04
-5.194477853E-04
-5.196144339E-04
-5.197667051E-04
-5.199045409E-04
-5.200280575E-04
-5.201373133E-04
-5.202323664E-04
-5.203132168E-04
-5.203799810E-04
-5.204326008E-04
-5.204710760E-04
-5.204955232E-04
-5.205022171E-04
-5.204844056E-04
-5.204525660E-04
-5.204066401E-04
-5.203465698E-04
-5.202723551E-04
-5.201839958E-04
-5.200814339E-04
-5.199645530E-04
-5.198333529E-04
-5.196878337E-04
-5.195278209E-04
-5.193533143E-04
-5.191642558E-04
-5.189604708E-04
-5.187419010E-04
-5.185084301E-04
-5.182599998E-04
-5.179964937E-04
-5.177177372E-04
-5.174236139E-04
-5.171139492E-04
-5.167886266E-04
-5.164474715E-04
-5.160903675E-04
-5.157170235E-04
-5.153272650E-04
-5.149209755E-04
-5.144978641E-04
-5.140576977E-04
-5.136002437E-04
-5.131252110E-04
-5.126324249E-04
-5.121214199E-04
-5.115920794E-04
-5.110439379E-04
-5.104766460E-04
-5.098899128E-04
-5.092833308E-04
-5.086564342E-04
-5.080088158E-04
-5.073399516E-04
-5.066493759E-04
-5.059365649E-04
-5.052009365E-04
-5.044419086E-04
-5.036587245E-04
-5.028507439E-04
-5.020171520E-04
-5.011572503E-04
-5.002699909E-04
-4.993545008E-04
-4.984097905E-04
-4.974345793E-04
-4.964277032E-04
-4.953878233E-04
-4.943133681E-04
-4.932026495E-04
-4.920539213E-04
-4.908649717E-04
-4.896335886E-04
-4.883569782E-04
-4.870322009E-04
-4.856556770E-04
-4.842233611E-04
-4.827303637E-04
-4.811708641E-04
-4.795377026E-04
-4.778219736E-04
-4.760121519E-04
-4.740928998E-04
-4.720423312E-04
-4.698285775E-04
-4.673931107E-04
-4.646214657E-04
-5.205024499E-04
-5.204850459E-04
-5.204536137E-04
-5.204080371E-04
-5.203483743E-04
-5.202745670E-04
-5.201866152E-04
-5.200844607E-04
-5.199680454E-04
-5.198373692E-04
-5.196923739E-04
-5.195329431E-04
-5.193590187E-04
-5.191705422E-04
-5.189674557E-04
-5.187496427E-04
-5.185169866E-04
-5.182693712E-04
-5.180067383E-04
-5.177289131E-04
-5.174357793E-04
-5.171272787E-04
-5.168031203E-04
-5.164632457E-04
-5.161074223E-04
-5.157355336E-04
-5.153473467E-04
-5.149426870E-04
-5.145212635E-04
-5.140829599E-04
-5.136274849E-04
-5.131546059E-04
-5.126640317E-04
-5.121555296E-04
-5.116286920E-04
-5.110832863E-04
-5.105189048E-04
-5.099352566E-04
-5.093319342E-04
-5.087085301E-04
-5.080646370E-04
-5.073997309E-04
-5.067134043E-04
-5.060050753E-04
-5.052742199E-04
-5.045202561E-04
-5.037424853E-04
-5.029402673E-04
-5.021129036E-04
-5.012595211E-04
-5.003793049E-04
-4.994713818E-04
-4.985346459E-04
-4.975681077E-04
-4.965704866E-04
-4.955405602E-04
-4.944768152E-04
-4.933777382E-04
-4.922415246E-04
-4.910661955E-04
-4.898495972E-04
-4.885891685E-04
-4.872821737E-04
-4.859252076E-04
-4.845145741E-04
-4.830458201E-04
-4.815136199E-04
-4.799114831E-04
-4.782315227E-04
-4.764636105E-04
-4.745945334E-04
-4.726061015E-04
-4.704721214E-04
-4.681501887E-04
-4.655646917E-04
-4.624956055E-04
-5.205058260E-04
-5.204950576E-04
-5.204702611E-04
-5.204313784E-04
-5.203783512E-04
-5.203112378E-04
-5.202299799E-04
-5.201344611E-04
-5.200247397E-04
-5.199007574E-04
-5.197623977E-04
-5.196096608E-04
-5.194424302E-04
-5.192605895E-04
-5.190641969E-04
-5.188530195E-04
-5.186270573E-04
-5.183861358E-04
-5.181301385E-04
-5.178590072E-04
-5.175725673E-04
-5.172707024E-04
-5.169532378E-04
-5.166200572E-04
-5.162709276E-04
-5.159057328E-04
-5.155241815E-04
-5.151262158E-04
-5.147115444E-04
-5.142799346E-04
-5.138311535E-04
-5.133649684E-04
-5.128810299E-04
-5.123792216E-04
-5.118590780E-04
-5.113203661E-04
-5.107626785E-04
-5.101857241E-04
-5.095891538E-04
-5.089724436E-04
-5.083352444E-04
-5.076770321E-04
-5.069973995E-04
-5.062958226E-04
-5.055716611E-04
-5.048243911E-04
-5.040533724E-04
-5.032578483E-04
-5.024371785E-04
-5.015905481E-04
-5.007170839E-04
-4.998158547E-04
-4.988858709E-04
-4.979260266E-04
-4.969352158E-04
-4.959119833E-04
-4.948549904E-04
-4.937626654E-04
-4.926331458E-04
-4.914646270E-04
-4.902547225E-04
-4.890011041E-04
-4.877008032E-04
-4.863506474E-04
-4.849467659E-04
-4.834847932E-04
-4.819593159E-04
-4.803639895E-04
-4.786908103E-04
-4.769296793E-04
-4.750673834E-04
-4.730857327E-04
-4.709585628E-04
-4.686433822E-04
-4.660647246E-04
-4.630024778E-04
