-5.086268648E-04
-4.485736717E-04
-4.490842402E-04
-4.522373783E-04
-4.550161539E-04
-4.574586637E-04
-4.596794897E-04
-4.617371014E-04
-4.636633676E-04
-4.654802324E-04
-4.672029172E-04
-4.688430636E-04
-4.704095190E-04
-4.719094723E-04
-4.733487149E-04
-4.747321364E-04
-4.760638112E-04
-4.773472610E-04
-4.785855417E-04
-4.797813308E-04
-4.809369275E-04
-4.820544273E-04
-4.831356928E-04
-4.841823829E-04
-4.851960402E-04
-4.861780035E-04
-4.871295532E-04
-4.880517663E-04
-4.889457487E-04
-4.898124025E-04
-4.906526883E-04
-4.914674209E-04
-4.922572989E-04
-4.930230207E-04
-4.937654012E-04
-4.944848479E-04
-4.951821174E-04
-4.958576174E-04
-4.965119297E-04
-4.971454618E-04
-4.977587378E-04
-4.983521067E-04
-4.989260342E-04
-4.994808114E-04
-5.000168458E-04
-5.005344283E-04
-5.010338500E-04
-5.015155184E-04
-5.019796081E-04
-5.024264101E-04
-5.028561573E-04
-5.032690824E-04
-5.036654184E-04
-5.040453398E-04
-5.044091376E-04
-5.047568702E-04
-5.050888285E-04
-5.054050707E-04
-5.057058297E-04
-5.059912219E-04
-5.062613636E-04
-5.065164296E-04
-5.067564780E-04
-5.069816834E-04
-5.071921041E-04
-5.073878565E-04
-5.075689405E-04
-5.077355891E-04
-5.078878021E-04
-5.080255796E-04
-5.081490963E-04
-5.082583521E-04
-5.083533470E-04
-5.084341974E-04
-5.085009034E-04
-5.085535231E-04
-5.085920566E-04
-5.086165038E-04
-5.086231395E-04
-5.086053861E-04
-5.085735465E-04
-5.085276207E-04
-5.084676086E-04
-5.083933938E-04
-5.083050346E-04
-5.082024727E-04
-5.080856499E-04
-5.079545081E-04
-5.078089889E-04
-5.076490925E-04
-5.074745859E-04
-5.072855274E-04
-5.070818006E-04
-5.068632890E-04
-5.066299345E-04
-5.063815624E-04
-5.061181146E-04
-5.058393581E-04
-5.055452930E-04
-5.052357446E-04
-5.049104802E-04
-5.045693833E-04
-5.042123375E-04
-5.038390518E-04
-5.034494097E-04
-5.030431785E-04
-5.026201252E-04
-5.021800171E-04
-5.017226213E-04
-5.012477050E-04
-5.007549189E-04
-5.002440303E-04
-4.997146898E-04
-4.991666065E-04
-4.985994310E-04
-4.980127560E-04
-4.974061740E-04
-4.967793357E-04
-4.961317172E-04
-4.954629694E-04
-4.947724519E-04
-4.940596409E-04
-4.933240707E-04
-4.925649846E-04
-4.917818587E-04
-4.909738782E-04
-4.901402863E-04
-4.892803263E-04
-4.883931251E-04
-4.874776350E-04
-4.865328374E-04
-4.855575971E-04
-4.845506919E-04
-4.835107247E-04
-4.824362113E-04
-4.813254636E-04
-4.801766190E-04
-4.789876111E-04
-4.777560825E-04
-4.764793557E-04
-4.751544620E-04
-4.737778218E-04
-4.723453312E-04
-4.708521592E-04
-4.692924849E-04
-4.676591197E-04
-4.659431870E-04
-4.641331616E-04
-4.622136476E-04
-4.601628461E-04
-4.579488304E-04
-4.555131018E-04
-4.527411365E-04
-5.086234305E-04
-5.086060264E-04
-5.085745361E-04
-5.085290177E-04
-5.084693548E-04
-5.083955475E-04
-5.083076539E-04
-5.082054995E-04
-5.080891424E-04
-5.079584662E-04
-5.078134709E-04
-5.076540983E-04
-5.074802320E-04
-5.072918138E-04
-5.070887273E-04
-5.068709725E-04
-5.066383164E-04
-5.063908175E-04
-5.061281845E-04
-5.058504757E-04
-5.055574002E-04
-5.052488996E-04
-5.049247993E-04
-5.045849830E-04
-5.042292760E-04
-5.038574454E-04
-5.034693168E-04
-5.030646571E-04
-5.026433500E-04
-5.022051628E-04
-5.017497460E-04
-5.012769252E-04
-5.007864092E-04
-5.002779071E-04
-4.997511278E-04
-4.992057802E-04
-4.986414569E-04
-4.980578669E-04
-4.974546027E-04
-4.968312569E-04
-4.961873638E-04
-4.955225158E-04
-4.948362475E-04
-4.941279185E-04
-4.933971213E-04
-4.926431575E-04
-4.918653867E-04
-4.910632269E-04
-4.902358050E-04
-4.893824225E-04
-4.885022063E-04
-4.875942541E-04
-4.866575182E-04
-4.856908927E-04
-4.846932716E-04
-4.836632579E-04
-4.825994838E-04
-4.815003194E-04
-4.803640186E-04
-4.791886022E-04
-4.779718874E-04
-4.767113714E-04
-4.754042020E-04
-4.740471195E-04
-4.726363404E-04
-4.711674119E-04
-4.696350370E-04
-4.680327256E-04
-4.663525324E-04
-4.645844165E-04
-4.627151066E-04
-4.607264127E-04
-4.585921706E-04
-4.562699760E-04
-4.536841589E-04
-4.506148689E-04
-5.086267483E-04
-5.086160381E-04
-5.085912417E-04
-5.085523590E-04
-5.084993900E-04
-5.084322765E-04
-5.083510187E-04
-5.082555581E-04
-5.081458366E-04
-5.080219125E-04
-5.078835529E-04
-5.077308742E-04
-5.075636436E-04
-5.073819193E-04
-5.071855267E-04
-5.069744075E-04
-5.067485035E-04
-5.065076402E-04
-5.062517012E-04
-5.059806281E-04
-5.056943046E-04
-5.053924979E-04
-5.050750915E-04
-5.047419108E-04
-5.043928977E-04
-5.040277028E-04
-5.036462680E-04
-5.032483605E-04
-5.028337473E-04
-5.024021957E-04
-5.019534728E-04
-5.014873459E-04
-5.010035238E-04
-5.005017738E-04
-4.999816883E-04
-4.994430346E-04
-4.988854052E-04
-4.983085091E-04
-4.977119388E-04
-4.970953451E-04
-4.964581458E-04
-4.958000500E-04
-4.951204173E-04
-4.944188404E-04
-4.936947371E-04
-4.929474671E-04
-4.921764485E-04
-4.913809826E-04
-4.905603128E-04
-4.897136823E-04
-4.888402182E-04
-4.879389598E-04
-4.870089469E-04
-4.860491026E-04
-4.850582045E-04
-4.840349429E-04
-4.829778918E-04
-4.818854795E-04
-4.807559017E-04
-4.795872665E-04
-4.783773038E-04
-4.771235399E-04
-4.758231516E-04
-4.744728503E-04
-4.730688233E-04
-4.716066760E-04
-4.700810532E-04
-4.684855230E-04
-4.668121401E-04
-4.650508054E-04
-4.631882766E-04
-4.612063931E-04
-4.590789613E-04
-4.567635187E-04
-4.541845410E-04
-4.511220613E-04
