-5.078542163E-04
-4.478011397E-04
-4.483117373E-04
-4.514648463E-04
-4.542436509E-04
-4.566861608E-04
-4.589070159E-04
-4.609646276E-04
-4.628909228E-04
-4.647077876E-04
-4.664305015E-04
-4.680706479E-04
-4.696371034E-04
-4.711370566E-04
-4.725762992E-04
-4.739597498E-04
-4.752914247E-04
-4.765748745E-04
-4.778131552E-04
-4.790089442E-04
-4.801645409E-04
-4.812820407E-04
-4.823633062E-04
-4.834100255E-04
-4.844236828E-04
-4.854056460E-04
-4.863571667E-04
-4.872793797E-04
-4.881733621E-04
-4.890400451E-04
-4.898803309E-04
-4.906950053E-04
-4.914848832E-04
-4.922506632E-04
-4.929929855E-04
-4.937124322E-04
-4.944097018E-04
-4.950852017E-04
-4.957394558E-04
-4.963730462E-04
-4.969862639E-04
-4.975796910E-04
-4.981535603E-04
-4.987083375E-04
-4.992443719E-04
-4.997619544E-04
-5.002613761E-04
-5.007430445E-04
-5.012070760E-04
-5.016538780E-04
-5.020836252E-04
-5.024965503E-04
-5.028928863E-04
-5.032728077E-04
-5.036366056E-04
-5.039843381E-04
-5.043162964E-04
-5.046325387E-04
-5.049332976E-04
-5.052186898E-04
-5.054888315E-04
-5.057438393E-04
-5.059839459E-04
-5.062090931E-04
-5.064195138E-04
-5.066152080E-04
-5.067963502E-04
-5.069629988E-04
-5.071151536E-04
-5.072529893E-04
-5.073765060E-04
-5.074857036E-04
-5.075807567E-04
-5.076616071E-04
-5.077283131E-04
-5.077809328E-04
-5.078194081E-04
-5.078438553E-04
-5.078505492E-04
-5.078327958E-04
-5.078009563E-04
-5.077550304E-04
-5.076949601E-04
-5.076208035E-04
-5.075324443E-04
-5.074298824E-04
-5.073130596E-04
-5.071819178E-04
-5.070363986E-04
-5.068764440E-04
-5.067019956E-04
-5.065129953E-04
-5.063092685E-04
-5.060907570E-04
-5.058573443E-04
-5.056089722E-04
-5.053455243E-04
-5.050668260E-04
-5.047727609E-04
-5.044632126E-04
-5.041379482E-04
-5.037968513E-04
-5.034398055E-04
-5.030665197E-04
-5.026768777E-04
-5.022706464E-04
-5.018475931E-04
-5.014075432E-04
-5.009501474E-04
-5.004752311E-04
-4.999824450E-04
-4.994715564E-04
-4.989422741E-04
-4.983941908E-04
-4.978269571E-04
-4.972402821E-04
-4.966337583E-04
-4.960069200E-04
-4.953593598E-04
-4.946905538E-04
-4.940000363E-04
-4.932872835E-04
-4.925516550E-04
-4.917926271E-04
-4.910094431E-04
-4.902014625E-04
-4.893679288E-04
-4.885079688E-04
-4.876207677E-04
-4.867052776E-04
-4.857604799E-04
-4.847852397E-04
-4.837783345E-04
-4.827383964E-04
-4.816638539E-04
-4.805531062E-04
-4.794042616E-04
-4.782152537E-04
-4.769837251E-04
-4.757069983E-04
-4.743820755E-04
-4.730054352E-04
-4.715729447E-04
-4.700797726E-04
-4.685200984E-04
-4.668867332E-04
-4.651708005E-04
-4.633607459E-04
-4.614412319E-04
-4.593904014E-04
-4.571763566E-04
-4.547406279E-04
-4.519686627E-04
-5.078507820E-04
-5.078333779E-04
-5.078019458E-04
-5.077563692E-04
-5.076967063E-04
-5.076229572E-04
-5.075350055E-04
-5.074329092E-04
-5.073164939E-04
-5.071858759E-04
-5.070408806E-04
-5.068815080E-04
-5.067076418E-04
-5.065192236E-04
-5.063161370E-04
-5.060983822E-04
-5.058657844E-04
-5.056182272E-04
-5.053556524E-04
-5.050778855E-04
-5.047848681E-04
-5.044763675E-04
-5.041522672E-04
-5.038124509E-04
-5.034567439E-04
-5.030849134E-04
-5.026967847E-04
-5.022921832E-04
-5.018708762E-04
-5.014326307E-04
-5.009772140E-04
-5.005043931E-04
-5.000139354E-04
-4.995054333E-04
-4.989786539E-04
-4.984333063E-04
-4.978690413E-04
-4.972854513E-04
-4.966821871E-04
-4.960588412E-04
-4.954149481E-04
-4.947501002E-04
-4.940638319E-04
-4.933555028E-04
-4.926247057E-04
-4.918707418E-04
-4.910929711E-04
-4.902908113E-04
-4.894633894E-04
-4.886100651E-04
-4.877298488E-04
-4.868218675E-04
-4.858851316E-04
-4.849185352E-04
-4.839208850E-04
-4.828909005E-04
-4.818270972E-04
-4.807279329E-04
-4.795916320E-04
-4.784162156E-04
-4.771995009E-04
-4.759389849E-04
-4.746318155E-04
-4.732747329E-04
-4.718639248E-04
-4.703949962E-04
-4.688626213E-04
-4.672602809E-04
-4.655800876E-04
-4.638119717E-04
-4.619426618E-04
-4.599539388E-04
-4.578196967E-04
-4.554974730E-04
-4.529116559E-04
-4.498423659E-04
-5.078541581E-04
-5.078433896E-04
-5.078185932E-04
-5.077797105E-04
-5.077267415E-04
-5.076596281E-04
-5.075783702E-04
-5.074829678E-04
-5.073732464E-04
-5.072492640E-04
-5.071109626E-04
-5.069582839E-04
-5.067910533E-04
-5.066093290E-04
-5.064129364E-04
-5.062018172E-04
-5.059759133E-04
-5.057350500E-04
-5.054791691E-04
-5.052080960E-04
-5.049217143E-04
-5.046199076E-04
-5.043025594E-04
-5.039693788E-04
-5.036203656E-04
-5.032552290E-04
-5.028737942E-04
-5.024758866E-04
-5.020612734E-04
-5.016297218E-04
-5.011809990E-04
-5.007148720E-04
-5.002310500E-04
-4.997292999E-04
-4.992092145E-04
-4.986705608E-04
-4.981129896E-04
-4.975360935E-04
-4.969395231E-04
-4.963229294E-04
-4.956857301E-04
-4.950276343E-04
-4.943480599E-04
-4.936464829E-04
-4.929223796E-04
-4.921751097E-04
-4.914040910E-04
-4.906086251E-04
-4.897879553E-04
-4.889413249E-04
-4.880678316E-04
-4.871666024E-04
-4.862366186E-04
-4.852767452E-04
-4.842858471E-04
-4.832625855E-04
-4.822055344E-04
-4.811131221E-04
-4.799835733E-04
-4.788149090E-04
-4.776049464E-04
-4.763511824E-04
-4.750507651E-04
-4.737004638E-04
-4.722964659E-04
-4.708342894E-04
-4.693086667E-04
-4.677131365E-04
-4.660397244E-04
-4.642783897E-04
-4.624158319E-04
-4.604339483E-04
-4.583064874E-04
-4.559910449E-04
-4.534120671E-04
-4.503495875E-04
