-5.651449319E-04
-5.051249755E-04
-5.056347582E-04
-5.087868194E-04
-5.115637905E-04
-5.140046123E-04
-5.162237794E-04
-5.182797904E-04
-5.202046013E-04
-5.220199819E-04
-5.237412988E-04
-5.253800773E-04
-5.269452231E-04
-5.284439540E-04
-5.298820324E-04
-5.312643480E-04
-5.325949751E-04
-5.338774645E-04
-5.351147847E-04
-5.363096134E-04
-5.374643952E-04
-5.385810509E-04
-5.396615597E-04
-5.407075514E-04
-5.417205393E-04
-5.427018623E-04
-5.436528008E-04
-5.445744609E-04
-5.454678903E-04
-5.463340785E-04
-5.471738987E-04
-5.479882238E-04
-5.487776943E-04
-5.495431251E-04
-5.502850981E-04
-5.510043120E-04
-5.517012905E-04
-5.523764994E-04
-5.530305789E-04
-5.536639364E-04
-5.542770377E-04
-5.548702902E-04
-5.554440431E-04
-5.559987039E-04
-5.565346219E-04
-5.570521462E-04
-5.575515097E-04
-5.580331199E-04
-5.584971514E-04
-5.589438952E-04
-5.593736423E-04
-5.597865093E-04
-5.601828452E-04
-5.605628248E-04
-5.609266227E-04
-5.612744135E-04
-5.616063718E-04
-5.619226140E-04
-5.622234312E-04
-5.625088234E-04
-5.627790233E-04
-5.630341475E-04
-5.632742541E-04
-5.634994595E-04
-5.637098802E-04
-5.639056908E-04
-5.640868330E-04
-5.642534816E-04
-5.644057528E-04
-5.645435886E-04
-5.646671052E-04
-5.647763610E-04
-5.648714141E-04
-5.649522645E-04
-5.650190287E-04
-5.650716485E-04
-5.651101237E-04
-5.651345709E-04
-5.651412648E-04
-5.651234533E-04
-5.650916137E-04
-5.650456878E-04
-5.649856175E-04
-5.649114028E-04
-5.648230435E-04
-5.647204234E-04
-5.646035424E-04
-5.644724006E-04
-5.643268232E-04
-5.641668104E-04
-5.639923038E-04
-5.638032453E-04
-5.635994603E-04
-5.633808905E-04
-5.631474778E-04
-5.628990475E-04
-5.626355414E-04
-5.623567849E-04
-5.620626616E-04
-5.617530551E-04
-5.614277325E-04
-5.610866356E-04
-5.607295316E-04
-5.603562458E-04
-5.599666038E-04
-5.595603725E-04
-5.591373192E-04
-5.586972693E-04
-5.582398735E-04
-5.577650154E-04
-5.572722876E-04
-5.567614571E-04
-5.562322331E-04
-5.556842661E-04
-5.551172071E-04
-5.545306485E-04
-5.539242993E-04
-5.532976356E-04
-5.526502500E-04
-5.519816768E-04
-5.512914504E-04
-5.505789304E-04
-5.498436512E-04
-5.490849726E-04
-5.483021378E-04
-5.474946229E-04
-5.466614966E-04
-5.458020023E-04
-5.449152668E-04
-5.440003588E-04
-5.430561141E-04
-5.420815432E-04
-5.410753074E-04
-5.400360678E-04
-5.389622529E-04
-5.378523492E-04
-5.367043195E-04
-5.355161848E-04
-5.342856166E-04
-5.330099375E-04
-5.316860625E-04
-5.303104990E-04
-5.288791726E-04
-5.273871939E-04
-5.258288002E-04
-5.241967738E-04
-5.224822089E-04
-5.206736387E-04
-5.187556380E-04
-5.167064373E-04
-5.144940224E-04
-5.120600108E-04
-5.092897918E-04
-5.651414976E-04
-5.651241518E-04
-5.650926614E-04
-5.650470848E-04
-5.649874220E-04
-5.649136147E-04
-5.648256629E-04
-5.647235084E-04
-5.646071513E-04
-5.644764169E-04
-5.643314216E-04
-5.641719908E-04
-5.639980664E-04
-5.638096482E-04
-5.636065034E-04
-5.633886904E-04
-5.631560343E-04
-5.629084771E-04
-5.626458442E-04
-5.623680772E-04
-5.620749434E-04
-5.617664428E-04
-5.614423426E-04
-5.611024681E-04
-5.607467028E-04
-5.603748723E-04
-5.599867436E-04
-5.595821422E-04
-5.591608933E-04
-5.587226478E-04
-5.582672893E-04
-5.577945267E-04
-5.573040689E-04
-5.567956832E-04
-5.562689621E-04
-5.557237309E-04
-5.551595823E-04
-5.545761087E-04
-5.539730191E-04
-5.533498479E-04
-5.527061876E-04
-5.520415725E-04
-5.513555370E-04
-5.506474990E-04
-5.499169929E-04
-5.491633783E-04
-5.483860150E-04
-5.475842045E-04
-5.467572482E-04
-5.459043314E-04
-5.450246390E-04
-5.441172398E-04
-5.431810278E-04
-5.422150716E-04
-5.412180908E-04
-5.401888047E-04
-5.391257000E-04
-5.380273797E-04
-5.368919228E-04
-5.357173504E-04
-5.345015670E-04
-5.332420114E-04
-5.319358897E-04
-5.305798841E-04
-5.291702691E-04
-5.277025048E-04
-5.261714105E-04
-5.245704087E-04
-5.228915834E-04
-5.211248645E-04
-5.192570388E-04
-5.172699457E-04
-5.151372752E-04
-5.128167686E-04
-5.102326977E-04
-5.071652122E-04
-5.651448737E-04
-5.651341053E-04
-5.651093088E-04
-5.650704261E-04
-5.650173989E-04
-5.649502855E-04
-5.648689694E-04
-5.647735088E-04
-5.646637874E-04
-5.645397468E-04
-5.644013872E-04
-5.642486503E-04
-5.640814197E-04
-5.638995790E-04
-5.637031863E-04
-5.634920090E-04
-5.632660468E-04
-5.630251253E-04
-5.627691862E-04
-5.624980549E-04
-5.622116150E-04
-5.619098083E-04
-5.615923437E-04
-5.612591631E-04
-5.609100917E-04
-5.605449551E-04
-5.601634621E-04
-5.597655545E-04
-5.593509413E-04
-5.589194479E-04
-5.584707251E-04
-5.580046563E-04
-5.575208925E-04
-5.570192006E-04
-5.564991734E-04
-5.559606361E-04
-5.554031231E-04
-5.548264016E-04
-5.542300059E-04
-5.536135286E-04
-5.529765622E-04
-5.523186410E-04
-5.516392994E-04
-5.509380135E-04
-5.502142012E-04
-5.494672805E-04
-5.486966111E-04
-5.479014944E-04
-5.470812903E-04
-5.462350673E-04
-5.453621270E-04
-5.444614217E-04
-5.435319617E-04
-5.425726995E-04
-5.415824708E-04
-5.405598786E-04
-5.395035842E-04
-5.384119577E-04
-5.372831947E-04
-5.361154326E-04
-5.349064013E-04
-5.336535978E-04
-5.323542282E-04
-5.310049746E-04
-5.296021118E-04
-5.281410995E-04
-5.266166991E-04
-5.250225076E-04
-5.233504926E-04
-5.215905840E-04
-5.197295104E-04
-5.177491694E-04
-5.156233092E-04
-5.133095547E-04
-5.107322941E-04
-5.076716188E-04
