-5.117124529E-04
-4.521698866E-04
-4.516593472E-04
-5.117087276E-04
-5.116909742E-04
-5.116591346E-04
-5.116132088E-04
-5.115531967E-04
-5.114789819E-04
-5.113906227E-04
-5.112880608E-04
-5.111712380E-04
-5.110400380E-04
-5.108945188E-04
-5.107345642E-04
-5.105601158E-04
-5.103710573E-04
-5.101672723E-04
-5.099487607E-04
-5.097153480E-04
-5.094669759E-04
-5.092034698E-04
-5.089247716E-04
-5.086306483E-04
-5.083210999E-04
-5.079957773E-04
-5.076546804E-04
-5.072975764E-04
-5.069242907E-04
-5.065346486E-04
-5.061283591E-04
-5.057053058E-04
-5.052651977E-04
-5.048077437E-04
-5.043328274E-04
-5.038400413E-04
-5.033290945E-04
-5.027997540E-04
-5.022516707E-04
-5.016844370E-04
-5.010977038E-04
-5.004911800E-04
-4.998642835E-04
-4.992166650E-04
-4.985478590E-04
-4.978573415E-04
-4.971445305E-04
-4.964089021E-04
-4.956498742E-04
-4.948666901E-04
-4.940587096E-04
-4.932251759E-04
-4.923652159E-04
-4.914779565E-04
-4.905624664E-04
-4.896176397E-04
-4.886424285E-04
-4.876355233E-04
-4.865955852E-04
-4.855210718E-04
-4.844103241E-04
-4.832615086E-04
-4.820725007E-04
-4.808410013E-04
-4.795643035E-04
-4.782394390E-04
-4.768627987E-04
-4.754303664E-04
-4.739372234E-04
-4.723775783E-04
-4.707443004E-04
-4.690283968E-04
-4.672184004E-04
-4.652989737E-04
-4.632482014E-04
-4.610342439E-04
-4.585986026E-04
-4.558267246E-04
-4.553229373E-04
-4.581016547E-04
-4.605441063E-04
-4.627648741E-04
-4.648223985E-04
-4.667486355E-04
-4.685654421E-04
-4.702880979E-04
-4.719281860E-04
-4.734946124E-04
-4.749945074E-04
-4.764337209E-04
-4.778171133E-04
-4.791487590E-04
-4.804322089E-04
-4.816704604E-04
-4.828662204E-04
-4.840217880E-04
-4.851392878E-04
-4.862205533E-04
-4.872672434E-04
-4.882809008E-04
-4.892628640E-04
-4.902143846E-04
-4.911366268E-04
-4.920305801E-04
-4.928972921E-04
-4.937375779E-04
-4.945522523E-04
-4.953421885E-04
-4.961079685E-04
-4.968502908E-04
-4.975697957E-04
-4.982670071E-04
-4.989425652E-04
-4.995968775E-04
-5.002304679E-04
-5.008437438E-04
-5.014371127E-04
-5.020110402E-04
-5.025658756E-04
-5.031019100E-04
-5.036195507E-04
-5.041190307E-04
-5.046006409E-04
-5.050647887E-04
-5.055115907E-04
-5.059413379E-04
-5.063543213E-04
-5.067506572E-04
-5.071306368E-04
-5.074944347E-04
-5.078422255E-04
-5.081741838E-04
-5.084904842E-04
-5.087912432E-04
-5.090766354E-04
-5.093468353E-04
-5.096019013E-04
-5.098419497E-04
-5.100671551E-04
-5.102775758E-04
-5.104733282E-04
-5.106544704E-04
-5.108211190E-04
-5.109733320E-04
-5.111111677E-04
-5.112346262E-04
-5.113438820E-04
-5.114389351E-04
-5.115197855E-04
-5.115864915E-04
-5.116391112E-04
-5.116776447E-04
-5.117020919E-04
-5.117123364E-04
-5.117016262E-04
-5.116768298E-04
-5.116379471E-04
-5.115849781E-04
-5.115178647E-04
-5.114366068E-04
-5.113410880E-04
-5.112314248E-04
-5.111074424E-04
-5.109690828E-04
-5.108163459E-04
-5.106491735E-04
-5.104673910E-04
-5.102709983E-04
-5.100598792E-04
-5.098339170E-04
-5.095930537E-04
-5.093371146E-04
-5.090660416E-04
-5.087796599E-04
-5.084778531E-04
-5.081603886E-04
-5.078272661E-04
-5.074781366E-04
-5.071129999E-04
-5.067315069E-04
-5.063335993E-04
-5.059189280E-04
-5.054873764E-04
-5.050386535E-04
-5.045725266E-04
-5.040886463E-04
-5.035868380E-04
-5.030667526E-04
-5.025280989E-04
-5.019704695E-04
-5.013935152E-04
-5.007969448E-04
-5.001802929E-04
-4.995430936E-04
-4.988849396E-04
-4.982053651E-04
-4.975037300E-04
-4.967796267E-04
-4.960323568E-04
-4.952613381E-04
-4.944658722E-04
-4.936452024E-04
-4.927985137E-04
-4.919250496E-04
-4.910238204E-04
-4.900937784E-04
-4.891339340E-04
-4.881430359E-04
-4.871197743E-04
-4.860627523E-04
-4.849703400E-04
-4.838407913E-04
-4.826721561E-04
-4.814622225E-04
-4.802084877E-04
-4.789080995E-04
-4.775578273E-04
-4.761538585E-04
-4.746917402E-04
-4.731661465E-04
-4.715706746E-04
-4.698973207E-04
-4.681360442E-04
-4.662735446E-04
-4.642917193E-04
-4.621643457E-04
-4.598489613E-04
-4.572701000E-04
-4.542075912E-04
-5.117090186E-04
-5.116916145E-04
-5.116601242E-04
-5.116146058E-04
-5.115549429E-04
-5.114811356E-04
-5.113931838E-04
-5.112910876E-04
-5.111746723E-04
-5.110440543E-04
-5.108990008E-04
-5.107396282E-04
-5.105657037E-04
-5.103772855E-04
-5.101741990E-04
-5.099563859E-04
-5.097237881E-04
-5.094762309E-04
-5.092135980E-04
-5.089358310E-04
-5.086427554E-04
-5.083342548E-04
-5.080101546E-04
-5.076703383E-04
-5.073145730E-04
-5.069426843E-04
-5.065545556E-04
-5.061498960E-04
-5.057285889E-04
-5.052903434E-04
-5.048348685E-04
-5.043620476E-04
-5.038715317E-04
-5.033629714E-04
-5.028361920E-04
-5.022908445E-04
-5.017265212E-04
-5.011428730E-04
-5.005396088E-04
-4.999162047E-04
-4.992723116E-04
-4.986074637E-04
-4.979211371E-04
-4.972128663E-04
-4.964820109E-04
-4.957279889E-04
-4.949502763E-04
-4.941480584E-04
-4.933206365E-04
-4.924672539E-04
-4.915870959E-04
-4.906791146E-04
-4.897423787E-04
-4.887757241E-04
-4.877781030E-04
-4.867481184E-04
-4.856843443E-04
-4.845851799E-04
-4.834489082E-04
-4.822734918E-04
-4.810568062E-04
-4.797963193E-04
-4.784891789E-04
-4.771321255E-04
-4.757213756E-04
-4.742524761E-04
-4.727201303E-04
-4.711178481E-04
-4.694377130E-04
-4.676696553E-04
-4.658004036E-04
-4.638117680E-04
-4.616775841E-04
-4.593554477E-04
-4.567697179E-04
-4.537004279E-04
