-5.864929408E-04
-5.264951033E-04
-5.270050606E-04
-5.301561323E-04
-5.329323467E-04
-5.353724118E-04
-5.375908222E-04
-5.396461347E-04
-5.415701889E-04
-5.433848710E-04
-5.451055476E-04
-5.467436858E-04
-5.483082496E-04
-5.498063401E-04
-5.512438365E-04
-5.526255700E-04
-5.539556150E-04
-5.552375223E-04
-5.564743187E-04
-5.576686817E-04
-5.588229396E-04
-5.599391297E-04
-5.610191729E-04
-5.620646989E-04
-5.630772794E-04
-5.640581949E-04
-5.650087260E-04
-5.659299786E-04
-5.668230588E-04
-5.676888977E-04
-5.685283686E-04
-5.693422863E-04
-5.701314658E-04
-5.708966055E-04
-5.716382875E-04
-5.723572103E-04
-5.730538978E-04
-5.737288739E-04
-5.743827205E-04
-5.750157870E-04
-5.756286555E-04
-5.762216751E-04
-5.767951952E-04
-5.773496814E-04
-5.778854247E-04
-5.784027162E-04
-5.789019633E-04
-5.793833407E-04
-5.798471975E-04
-5.802938249E-04
-5.807233974E-04
-5.811362062E-04
-5.815323675E-04
-5.819122307E-04
-5.822758540E-04
-5.826235283E-04
-5.829553702E-04
-5.832716124E-04
-5.835723132E-04
-5.838575889E-04
-5.841277307E-04
-5.843827385E-04
-5.846227868E-04
-5.848479341E-04
-5.850582966E-04
-5.852540489E-04
-5.854351330E-04
-5.856017815E-04
-5.857539363E-04
-5.858917721E-04
-5.860152305E-04
-5.861244863E-04
-5.862194812E-04
-5.863003316E-04
-5.863670376E-04
-5.864196573E-04
-5.864581908E-04
-5.864825798E-04
-5.864892737E-04
-5.864715204E-04
-5.864396808E-04
-5.863937549E-04
-5.863336846E-04
-5.862595281E-04
-5.861711688E-04
-5.860686069E-04
-5.859517260E-04
-5.858206423E-04
-5.856751231E-04
-5.855151685E-04
-5.853407201E-04
-5.851516617E-04
-5.849479348E-04
-5.847294815E-04
-5.844961270E-04
-5.842477549E-04
-5.839843070E-04
-5.837056669E-04
-5.834116600E-04
-5.831021117E-04
-5.827769637E-04
-5.824359832E-04
-5.820789956E-04
-5.817058263E-04
-5.813163007E-04
-5.809102440E-04
-5.804873072E-04
-5.800474319E-04
-5.795902107E-04
-5.791155272E-04
-5.786229740E-04
-5.781123764E-04
-5.775833270E-04
-5.770355347E-04
-5.764687085E-04
-5.758823827E-04
-5.752762081E-04
-5.746498355E-04
-5.740026827E-04
-5.733344005E-04
-5.726444069E-04
-5.719322362E-04
-5.711972481E-04
-5.704388604E-04
-5.696563749E-04
-5.688491510E-04
-5.680164322E-04
-5.671572872E-04
-5.662709591E-04
-5.653564003E-04
-5.644126213E-04
-5.634383997E-04
-5.624326295E-04
-5.613937974E-04
-5.603205063E-04
-5.592110101E-04
-5.580635043E-04
-5.568759516E-04
-5.556458491E-04
-5.543706939E-04
-5.530474009E-04
-5.516724195E-04
-5.502417334E-04
-5.487503950E-04
-5.471925833E-04
-5.455611972E-04
-5.438473308E-04
-5.420394009E-04
-5.401221570E-04
-5.380736548E-04
-5.358619965E-04
-5.334287416E-04
-5.306593375E-04
-5.864895647E-04
-5.864721606E-04
-5.864406703E-04
-5.863951519E-04
-5.863354891E-04
-5.862616817E-04
-5.861737882E-04
-5.860716337E-04
-5.859552766E-04
-5.858246586E-04
-5.856796633E-04
-5.855202908E-04
-5.853464245E-04
-5.851580063E-04
-5.849549780E-04
-5.847372231E-04
-5.845046253E-04
-5.842571263E-04
-5.839945516E-04
-5.837168428E-04
-5.834238837E-04
-5.831154413E-04
-5.827914574E-04
-5.824516993E-04
-5.820960505E-04
-5.817243364E-04
-5.813363241E-04
-5.809318973E-04
-5.805107066E-04
-5.800726358E-04
-5.796174519E-04
-5.791448639E-04
-5.786545807E-04
-5.781463697E-04
-5.776198814E-04
-5.770748248E-04
-5.765108508E-04
-5.759276100E-04
-5.753247533E-04
-5.747018149E-04
-5.740583874E-04
-5.733940634E-04
-5.727082607E-04
-5.720005720E-04
-5.712703569E-04
-5.705169751E-04
-5.697399611E-04
-5.689384998E-04
-5.681118928E-04
-5.672593252E-04
-5.663799820E-04
-5.654729321E-04
-5.645371857E-04
-5.635715788E-04
-5.625750055E-04
-5.615461851E-04
-5.604836042E-04
-5.593856913E-04
-5.582507001E-04
-5.570766516E-04
-5.558613921E-04
-5.546024186E-04
-5.532968207E-04
-5.519413971E-04
-5.505323061E-04
-5.490651820E-04
-5.475346697E-04
-5.459343083E-04
-5.442561815E-04
-5.424901610E-04
-5.406230339E-04
-5.386365810E-04
-5.365047255E-04
-5.341849173E-04
-5.316016614E-04
-5.285348743E-04
-5.864928826E-04
-5.864821724E-04
-5.864573177E-04
-5.864184350E-04
-5.863654660E-04
-5.862983526E-04
-5.862170947E-04
-5.861216341E-04
-5.860119709E-04
-5.858879886E-04
-5.857496872E-04
-5.855969503E-04
-5.854297779E-04
-5.852479953E-04
-5.850516609E-04
-5.848405417E-04
-5.846146378E-04
-5.843738327E-04
-5.841179518E-04
-5.838469369E-04
-5.835606134E-04
-5.832588649E-04
-5.829415168E-04
-5.826084525E-04
-5.822594976E-04
-5.818944774E-04
-5.815131590E-04
-5.811153678E-04
-5.807008711E-04
-5.802694941E-04
-5.798210041E-04
-5.793550517E-04
-5.788714625E-04
-5.783699453E-04
-5.778501509E-04
-5.773117882E-04
-5.767545081E-04
-5.761780194E-04
-5.755817983E-04
-5.749656120E-04
-5.743288784E-04
-5.736712483E-04
-5.729921395E-04
-5.722911446E-04
-5.715676234E-04
-5.708209937E-04
-5.700506736E-04
-5.692559062E-04
-5.684360513E-04
-5.675901775E-04
-5.667175865E-04
-5.658172304E-04
-5.648882361E-04
-5.639293813E-04
-5.629395600E-04
-5.619174335E-04
-5.608615465E-04
-5.597703857E-04
-5.586421466E-04
-5.574749084E-04
-5.562663428E-04
-5.550141213E-04
-5.537152756E-04
-5.523666041E-04
-5.509643233E-04
-5.495039513E-04
-5.479801912E-04
-5.463866401E-04
-5.447152071E-04
-5.429559969E-04
-5.410956219E-04
-5.391160375E-04
-5.369909341E-04
-5.346778780E-04
-5.321014323E-04
-5.290415138E-04
