-5.246577202E-04
-4.646080197E-04
-4.651181516E-04
-4.682712606E-04
-4.710496287E-04
-4.734917311E-04
-4.757122078E-04
-4.777694412E-04
-4.796953872E-04
-4.815119319E-04
-4.832343257E-04
-4.848741810E-04
-4.864403745E-04
-4.879400949E-04
-4.893791047E-04
-4.907622933E-04
-4.920937936E-04
-4.933770979E-04
-4.946151748E-04
-4.958108184E-04
-4.969662987E-04
-4.980836529E-04
-4.991648020E-04
-5.002114340E-04
-5.012250040E-04
-5.022069090E-04
-5.031583714E-04
-5.040805554E-04
-5.049744505E-04
-5.058411043E-04
-5.066813901E-04
-5.074960645E-04
-5.082859425E-04
-5.090517225E-04
-5.097940448E-04
-5.105135497E-04
-5.112108192E-04
-5.118863774E-04
-5.125406897E-04
-5.131743383E-04
-5.137876142E-04
-5.143810413E-04
-5.149550270E-04
-5.155098625E-04
-5.160459550E-04
-5.165635957E-04
-5.170631339E-04
-5.175448605E-04
-5.180090084E-04
-5.184558686E-04
-5.188856740E-04
-5.192987155E-04
-5.196951097E-04
-5.200751475E-04
-5.204390036E-04
-5.207868526E-04
-5.211188109E-04
-5.214351695E-04
-5.217359867E-04
-5.220214371E-04
-5.222916952E-04
-5.225467612E-04
-5.227869260E-04
-5.230121315E-04
-5.232226104E-04
-5.234184209E-04
-5.235996214E-04
-5.237662699E-04
-5.239184829E-04
-5.240563187E-04
-5.241798935E-04
-5.242891493E-04
-5.243842024E-04
-5.244650529E-04
-5.245318171E-04
-5.245844368E-04
-5.246229121E-04
-5.246473593E-04
-5.246540532E-04
-5.246362998E-04
-5.246044020E-04
-5.245584762E-04
-5.244984059E-04
-5.244241911E-04
-5.243358319E-04
-5.242332118E-04
-5.241163890E-04
-5.239851889E-04
-5.238396116E-04
-5.236795987E-04
-5.235050921E-04
-5.233159754E-04
-5.231121904E-04
-5.228936207E-04
-5.226602079E-04
-5.224117194E-04
-5.221482133E-04
-5.218693987E-04
-5.215752753E-04
-5.212656106E-04
-5.209402880E-04
-5.205991329E-04
-5.202419707E-04
-5.198686267E-04
-5.194788682E-04
-5.190725788E-04
-5.186494091E-04
-5.182092427E-04
-5.177517887E-04
-5.172767560E-04
-5.167839117E-04
-5.162729649E-04
-5.157435662E-04
-5.151954247E-04
-5.146281328E-04
-5.140413996E-04
-5.134348175E-04
-5.128079210E-04
-5.121602444E-04
-5.114914384E-04
-5.108008627E-04
-5.100880517E-04
-5.093524815E-04
-5.085933954E-04
-5.078102113E-04
-5.070022307E-04
-5.061686970E-04
-5.053087953E-04
-5.044215941E-04
-5.035061040E-04
-5.025613937E-04
-5.015862407E-04
-5.005794228E-04
-4.995395429E-04
-4.984650877E-04
-4.973544856E-04
-4.962057574E-04
-4.950168659E-04
-4.937854828E-04
-4.925089888E-04
-4.911842407E-04
-4.898078041E-04
-4.883755464E-04
-4.868826363E-04
-4.853231949E-04
-4.836901207E-04
-4.819744790E-04
-4.801647447E-04
-4.782455799E-04
-4.761951277E-04
-4.739814613E-04
-4.715461400E-04
-4.687746114E-04
-5.246543442E-04
-5.246369401E-04
-5.246054498E-04
-5.245598732E-04
-5.245002103E-04
-5.244264030E-04
-5.243384512E-04
-5.242362968E-04
-5.241198814E-04
-5.239892052E-04
-5.238441518E-04
-5.236847210E-04
-5.235107965E-04
-5.233223201E-04
-5.231192335E-04
-5.229013623E-04
-5.226687063E-04
-5.224210909E-04
-5.221584579E-04
-5.218806327E-04
-5.215874990E-04
-5.212789401E-04
-5.209547817E-04
-5.206149071E-04
-5.202590837E-04
-5.198871950E-04
-5.194989499E-04
-5.190942902E-04
-5.186729250E-04
-5.182345631E-04
-5.177790881E-04
-5.173062091E-04
-5.168156349E-04
-5.163070746E-04
-5.157802370E-04
-5.152348313E-04
-5.146704498E-04
-5.140868016E-04
-5.134834792E-04
-5.128600751E-04
-5.122161820E-04
-5.115512758E-04
-5.108649493E-04
-5.101566203E-04
-5.094257649E-04
-5.086718011E-04
-5.078940885E-04
-5.070918705E-04
-5.062645068E-04
-5.054111243E-04
-5.045309663E-04
-5.036230432E-04
-5.026863655E-04
-5.017198273E-04
-5.007222644E-04
-4.996923381E-04
-4.986286513E-04
-4.975296324E-04
-4.963934189E-04
-4.952181480E-04
-4.940016079E-04
-4.927412374E-04
-4.914343008E-04
-4.900774220E-04
-4.886668175E-04
-4.871981509E-04
-4.856660089E-04
-4.840639594E-04
-4.823840864E-04
-4.806162615E-04
-4.787473008E-04
-4.767589562E-04
-4.746250925E-04
-4.723032471E-04
-4.697178665E-04
-4.666489840E-04
-5.246576620E-04
-5.246468936E-04
-5.246220971E-04
-5.245832144E-04
-5.245301872E-04
-5.244630738E-04
-5.243818159E-04
-5.242862971E-04
-5.241765757E-04
-5.240525352E-04
-5.239141756E-04
-5.237614387E-04
-5.235942081E-04
-5.234123673E-04
-5.232159165E-04
-5.230047391E-04
-5.227787769E-04
-5.225378554E-04
-5.222818581E-04
-5.220107269E-04
-5.217242870E-04
-5.214223638E-04
-5.211048992E-04
-5.207716604E-04
-5.204225308E-04
-5.200573360E-04
-5.196757847E-04
-5.192778190E-04
-5.188630894E-04
-5.184314796E-04
-5.179826985E-04
-5.175164551E-04
-5.170325749E-04
-5.165307084E-04
-5.160105648E-04
-5.154718529E-04
-5.149141653E-04
-5.143372691E-04
-5.137406406E-04
-5.131239304E-04
-5.124867312E-04
-5.118285189E-04
-5.111488863E-04
-5.104473094E-04
-5.097231478E-04
-5.089758779E-04
-5.082048592E-04
-5.074093933E-04
-5.065887235E-04
-5.057420931E-04
-5.048686289E-04
-5.039674579E-04
-5.030374741E-04
-5.020776880E-04
-5.010868772E-04
-5.000637029E-04
-4.990067100E-04
-4.979144433E-04
-4.967849818E-04
-4.956164630E-04
-4.944066750E-04
-4.931530566E-04
-4.918528721E-04
-4.905027454E-04
-4.890989512E-04
-4.876370076E-04
-4.861116176E-04
-4.845163785E-04
-4.828432575E-04
-4.810822429E-04
-4.792200343E-04
-4.772385000E-04
-4.751114175E-04
-4.727963533E-04
-4.702177830E-04
-4.671557108E-04
