-5.411716993E-04
-4.811313411E-04
-4.816411529E-04
-4.847940290E-04
-4.875718732E-04
-4.900135100E-04
-4.922334920E-04
-4.942902597E-04
-4.962157691E-04
-4.980318481E-04
-4.997538636E-04
-5.013933405E-04
-5.029591266E-04
-5.044584977E-04
-5.058971583E-04
-5.072800559E-04
-5.086112651E-04
-5.098942784E-04
-5.111320643E-04
-5.123274750E-04
-5.134826642E-04
-5.145998439E-04
-5.156807601E-04
-5.167271593E-04
-5.177405546E-04
-5.187222851E-04
-5.196735729E-04
-5.205955822E-04
-5.214893608E-04
-5.223558983E-04
-5.231960095E-04
-5.240105675E-04
-5.248003872E-04
-5.255660508E-04
-5.263083149E-04
-5.270277034E-04
-5.277249147E-04
-5.284004146E-04
-5.290546687E-04
-5.296882009E-04
-5.303014768E-04
-5.308949039E-04
-5.314688315E-04
-5.320236087E-04
-5.325597012E-04
-5.330773420E-04
-5.335768219E-04
-5.340585485E-04
-5.345226964E-04
-5.349695566E-04
-5.353993620E-04
-5.358124035E-04
-5.362087977E-04
-5.365888355E-04
-5.369526916E-04
-5.373005406E-04
-5.376325571E-04
-5.379489157E-04
-5.382497329E-04
-5.385351833E-04
-5.388054415E-04
-5.390605656E-04
-5.393007305E-04
-5.395259941E-04
-5.397364730E-04
-5.399322254E-04
-5.401134258E-04
-5.402801326E-04
-5.404323456E-04
-5.405702395E-04
-5.406937562E-04
-5.408030702E-04
-5.408981233E-04
-5.409789737E-04
-5.410457379E-04
-5.410983576E-04
-5.411368911E-04
-5.411613383E-04
-5.411679740E-04
-5.411502207E-04
-5.411183229E-04
-5.410723970E-04
-5.410123267E-04
-5.409381120E-04
-5.408496945E-04
-5.407470744E-04
-5.406301934E-04
-5.404990516E-04
-5.403534742E-04
-5.401934613E-04
-5.400188966E-04
-5.398297799E-04
-5.396259367E-04
-5.394073669E-04
-5.391738960E-04
-5.389254657E-04
-5.386619014E-04
-5.383830867E-04
-5.380889052E-04
-5.377792404E-04
-5.374539178E-04
-5.371127045E-04
-5.367555423E-04
-5.363821983E-04
-5.359924398E-04
-5.355861504E-04
-5.351629807E-04
-5.347228143E-04
-5.342653603E-04
-5.337903276E-04
-5.332974833E-04
-5.327865365E-04
-5.322571960E-04
-5.317090545E-04
-5.311418208E-04
-5.305551458E-04
-5.299485638E-04
-5.293217255E-04
-5.286741070E-04
-5.280053592E-04
-5.273149000E-04
-5.266021471E-04
-5.258666351E-04
-5.251076655E-04
-5.243245978E-04
-5.235167337E-04
-5.226833164E-04
-5.218235310E-04
-5.209364463E-04
-5.200211308E-04
-5.190765951E-04
-5.181015586E-04
-5.170949153E-04
-5.160552682E-04
-5.149810459E-04
-5.138706765E-04
-5.127221812E-04
-5.115335807E-04
-5.103024887E-04
-5.090262275E-04
-5.077017704E-04
-5.063256831E-04
-5.048937746E-04
-5.034011556E-04
-5.018421216E-04
-5.002093967E-04
-4.984941916E-04
-4.966848646E-04
-4.947661655E-04
-4.927161499E-04
-4.905029782E-04
-4.880681226E-04
-4.852970887E-04
-5.411682650E-04
-5.411508610E-04
-5.411193706E-04
-5.410737940E-04
-5.410141312E-04
-5.409403238E-04
-5.408523721E-04
-5.407502176E-04
-5.406338023E-04
-5.405031261E-04
-5.403580726E-04
-5.401985836E-04
-5.400246591E-04
-5.398361827E-04
-5.396330380E-04
-5.394151667E-04
-5.391825107E-04
-5.389348953E-04
-5.386722041E-04
-5.383943790E-04
-5.381012452E-04
-5.377926864E-04
-5.374685279E-04
-5.371285952E-04
-5.367727717E-04
-5.364008248E-04
-5.360126379E-04
-5.356079782E-04
-5.351865548E-04
-5.347482511E-04
-5.342927761E-04
-5.338198971E-04
-5.333293229E-04
-5.328208208E-04
-5.322939833E-04
-5.317485775E-04
-5.311842542E-04
-5.306006642E-04
-5.299973418E-04
-5.293739960E-04
-5.287301610E-04
-5.280653131E-04
-5.273790448E-04
-5.266708322E-04
-5.259400350E-04
-5.251861876E-04
-5.244085332E-04
-5.236064317E-04
-5.227791844E-04
-5.219259765E-04
-5.210459349E-04
-5.201381864E-04
-5.192016251E-04
-5.182352616E-04
-5.172378733E-04
-5.162081798E-04
-5.151447258E-04
-5.140458816E-04
-5.129099591E-04
-5.117349210E-04
-5.105186137E-04
-5.092585925E-04
-5.079518887E-04
-5.065953592E-04
-5.051851040E-04
-5.037167575E-04
-5.021849647E-04
-5.005833227E-04
-4.989037989E-04
-4.971364397E-04
-4.952678573E-04
-4.932800075E-04
-4.911465803E-04
-4.888252588E-04
-4.862403730E-04
-4.831720144E-04
-5.411715829E-04
-5.411608727E-04
-5.411360180E-04
-5.410971353E-04
-5.410441081E-04
-5.409769947E-04
-5.408956786E-04
-5.408001598E-04
-5.406904384E-04
-5.405663978E-04
-5.404280382E-04
-5.402752431E-04
-5.401080125E-04
-5.399261718E-04
-5.397297209E-04
-5.395185435E-04
-5.392925232E-04
-5.390515435E-04
-5.387955462E-04
-5.385244149E-04
-5.382379168E-04
-5.379360518E-04
-5.376185291E-04
-5.372852902E-04
-5.369361606E-04
-5.365709076E-04
-5.361894146E-04
-5.357913906E-04
-5.353766610E-04
-5.349450512E-04
-5.344962701E-04
-5.340300850E-04
-5.335461465E-04
-5.330443382E-04
-5.325241946E-04
-5.319854827E-04
-5.314278533E-04
-5.308509571E-04
-5.302543286E-04
-5.296376767E-04
-5.290005356E-04
-5.283424398E-04
-5.276628654E-04
-5.269613466E-04
-5.262372433E-04
-5.254900898E-04
-5.247191875E-04
-5.239237798E-04
-5.231032846E-04
-5.222567706E-04
-5.213834229E-04
-5.204823683E-04
-5.195525591E-04
-5.185929476E-04
-5.176023114E-04
-5.165793118E-04
-5.155226099E-04
-5.144305178E-04
-5.133012892E-04
-5.121330614E-04
-5.109234480E-04
-5.096701789E-04
-5.083702272E-04
-5.070204497E-04
-5.056169466E-04
-5.041554105E-04
-5.026303697E-04
-5.010354798E-04
-4.993627663E-04
-4.976021592E-04
-4.957403289E-04
-4.937592894E-04
-4.916326725E-04
-4.893181031E-04
-4.867400276E-04
-4.836784792E-04
