-5.169898504E-04
-4.569376470E-04
-4.574479826E-04
-4.606011207E-04
-4.633796925E-04
-4.658220278E-04
-4.680426791E-04
-4.701000871E-04
-4.720262077E-04
-4.738429270E-04
-4.755654663E-04
-4.772054963E-04
-4.787718062E-04
-4.802716430E-04
-4.817107983E-04
-4.830941325E-04
-4.844256910E-04
-4.857091117E-04
-4.869473050E-04
-4.881430359E-04
-4.892985453E-04
-4.904160160E-04
-4.914972233E-04
-4.925439134E-04
-4.935575416E-04
-4.945395049E-04
-4.954910255E-04
-4.964132095E-04
-4.973071627E-04
-4.981738748E-04
-4.990141606E-04
-4.998288350E-04
-5.006187712E-04
-5.013845512E-04
-5.021268735E-04
-5.028463784E-04
-5.035436479E-04
-5.042192061E-04
-5.048735184E-04
-5.055071088E-04
-5.061204429E-04
-5.067138700E-04
-5.072877975E-04
-5.078426329E-04
-5.083787255E-04
-5.088963662E-04
-5.093958462E-04
-5.098775146E-04
-5.103416624E-04
-5.107885227E-04
-5.112183280E-04
-5.116313114E-04
-5.120276473E-04
-5.124076852E-04
-5.127714830E-04
-5.131193320E-04
-5.134512903E-04
-5.137675907E-04
-5.140684079E-04
-5.143538583E-04
-5.146240583E-04
-5.148791242E-04
-5.151192308E-04
-5.153444363E-04
-5.155549152E-04
-5.157506675E-04
-5.159318098E-04
-5.160984583E-04
-5.162506714E-04
-5.163885071E-04
-5.165120238E-04
-5.166213377E-04
-5.167163326E-04
-5.167972413E-04
-5.168639473E-04
-5.169165670E-04
-5.169551005E-04
-5.169794895E-04
-5.169861834E-04
-5.169684300E-04
-5.169365904E-04
-5.168906064E-04
-5.168305943E-04
-5.167563795E-04
-5.166680203E-04
-5.165654002E-04
-5.164485774E-04
-5.163174355E-04
-5.161718582E-04
-5.160119035E-04
-5.158373970E-04
-5.156482803E-04
-5.154445535E-04
-5.152259837E-04
-5.149925710E-04
-5.147441407E-04
-5.144806346E-04
-5.142018781E-04
-5.139077548E-04
-5.135981482E-04
-5.132728256E-04
-5.129316705E-04
-5.125745665E-04
-5.122012226E-04
-5.118115223E-04
-5.114052328E-04
-5.109821213E-04
-5.105420132E-04
-5.100845592E-04
-5.096095847E-04
-5.091167404E-04
-5.086057936E-04
-5.080763949E-04
-5.075283116E-04
-5.069610197E-04
-5.063743447E-04
-5.057677045E-04
-5.051408079E-04
-5.044931895E-04
-5.038243835E-04
-5.031338078E-04
-5.024209968E-04
-5.016853684E-04
-5.009263405E-04
-5.001431564E-04
-4.993351758E-04
-4.985015839E-04
-4.976416240E-04
-4.967544228E-04
-4.958389327E-04
-4.948941059E-04
-4.939189530E-04
-4.929120187E-04
-4.918721388E-04
-4.907976254E-04
-4.896869068E-04
-4.885381204E-04
-4.873491707E-04
-4.861177003E-04
-4.848410899E-04
-4.835162545E-04
-4.821397015E-04
-4.807073274E-04
-4.792142427E-04
-4.776546848E-04
-4.760214651E-04
-4.743056779E-04
-4.724957689E-04
-4.705764586E-04
-4.685258027E-04
-4.663119616E-04
-4.638764367E-04
-4.611046752E-04
-5.169864744E-04
-5.169690703E-04
-5.169375800E-04
-5.168920034E-04
-5.168323405E-04
-5.167585332E-04
-5.166705814E-04
-5.165684852E-04
-5.164520699E-04
-5.163213937E-04
-5.161763984E-04
-5.160169676E-04
-5.158430431E-04
-5.156546249E-04
-5.154515384E-04
-5.152336671E-04
-5.150010693E-04
-5.147534539E-04
-5.144908209E-04
-5.142130540E-04
-5.139199202E-04
-5.136114196E-04
-5.132872611E-04
-5.129473866E-04
-5.125916214E-04
-5.122197326E-04
-5.118315457E-04
-5.114268861E-04
-5.110055208E-04
-5.105672171E-04
-5.101118004E-04
-5.096389214E-04
-5.091483472E-04
-5.086397869E-04
-5.081130075E-04
-5.075676017E-04
-5.070032203E-04
-5.064196303E-04
-5.058163079E-04
-5.051929038E-04
-5.045490107E-04
-5.038841045E-04
-5.031977780E-04
-5.024894490E-04
-5.017585936E-04
-5.010046298E-04
-5.002268590E-04
-4.994246410E-04
-4.985972773E-04
-4.977438948E-04
-4.968636786E-04
-4.959556973E-04
-4.950189614E-04
-4.940523650E-04
-4.930547439E-04
-4.920248175E-04
-4.909610725E-04
-4.898619372E-04
-4.887256655E-04
-4.875503364E-04
-4.863336799E-04
-4.850732221E-04
-4.837661691E-04
-4.824091739E-04
-4.809984821E-04
-4.795296700E-04
-4.779973824E-04
-4.763951874E-04
-4.747151688E-04
-4.729471984E-04
-4.710780340E-04
-4.690895148E-04
-4.669554473E-04
-4.646334273E-04
-4.620478430E-04
-4.589787277E-04
-5.169897922E-04
-5.169790820E-04
-5.169542274E-04
-5.169153446E-04
-5.168623757E-04
-5.167952622E-04
-5.167139461E-04
-5.166184856E-04
-5.165087641E-04
-5.163847818E-04
-5.162464222E-04
-5.160936853E-04
-5.159264547E-04
-5.157446722E-04
-5.155482795E-04
-5.153371021E-04
-5.151111400E-04
-5.148702185E-04
-5.146142794E-04
-5.143431481E-04
-5.140567664E-04
-5.137549015E-04
-5.134374369E-04
-5.131042562E-04
-5.127551267E-04
-5.123899318E-04
-5.120084388E-04
-5.116104730E-04
-5.111958017E-04
-5.107641919E-04
-5.103154690E-04
-5.098492838E-04
-5.093654036E-04
-5.088635371E-04
-5.083434517E-04
-5.078047398E-04
-5.072470522E-04
-5.066701560E-04
-5.060735275E-04
-5.054568173E-04
-5.048196181E-04
-5.041614641E-04
-5.034818314E-04
-5.027802545E-04
-5.020560930E-04
-5.013088230E-04
-5.005378043E-04
-4.997422802E-04
-4.989216104E-04
-4.980749800E-04
-4.972015158E-04
-4.963002284E-04
-4.953702446E-04
-4.944104003E-04
-4.934195313E-04
-4.923962988E-04
-4.913393059E-04
-4.902469227E-04
-4.891174030E-04
-4.879487969E-04
-4.867388925E-04
-4.854852159E-04
-4.841848859E-04
-4.828346719E-04
-4.814307613E-04
-4.799687013E-04
-4.784431949E-04
-4.768478102E-04
-4.751745437E-04
-4.734133545E-04
-4.715509713E-04
-4.695692623E-04
-4.674419761E-04
-4.651267373E-04
-4.625479633E-04
-4.594856873E-04
