-5.561637226E-04
-4.961353843E-04
-4.966451088E-04
-4.997975775E-04
-5.025748978E-04
-5.050160107E-04
-5.072354688E-04
-5.092917709E-04
-5.112168728E-04
-5.130325444E-04
-5.147540942E-04
-5.163931637E-04
-5.179586005E-04
-5.194575642E-04
-5.208958755E-04
-5.222784239E-04
-5.236092256E-04
-5.248919479E-04
-5.261294427E-04
-5.273245042E-04
-5.284794606E-04
-5.295963492E-04
-5.306770327E-04
-5.317231407E-04
-5.327363033E-04
-5.337178009E-04
-5.346688558E-04
-5.355906906E-04
-5.364842946E-04
-5.373505992E-04
-5.381905357E-04
-5.390049773E-04
-5.397945642E-04
-5.405601114E-04
-5.413022009E-04
-5.420214729E-04
-5.427185679E-04
-5.433938932E-04
-5.440480891E-04
-5.446815048E-04
-5.452946643E-04
-5.458879750E-04
-5.464618444E-04
-5.470165634E-04
-5.475525395E-04
-5.480701220E-04
-5.485695438E-04
-5.490512121E-04
-5.495153018E-04
-5.499621038E-04
-5.503918510E-04
-5.508048343E-04
-5.512011703E-04
-5.515812081E-04
-5.519450060E-04
-5.522927968E-04
-5.526248133E-04
-5.529411137E-04
-5.532419309E-04
-5.535273813E-04
-5.537976394E-04
-5.540527054E-04
-5.542928702E-04
-5.545180757E-04
-5.547285546E-04
-5.549243651E-04
-5.551055074E-04
-5.552722141E-04
-5.554244271E-04
-5.555622629E-04
-5.556858378E-04
-5.557950935E-04
-5.558901466E-04
-5.559710553E-04
-5.560377613E-04
-5.560903810E-04
-5.561289145E-04
-5.561533617E-04
-5.561599974E-04
-5.561422440E-04
-5.561103462E-04
-5.560644204E-04
-5.560043501E-04
-5.559301353E-04
-5.558417761E-04
-5.557391560E-04
-5.556222750E-04
-5.554910749E-04
-5.553454976E-04
-5.551854847E-04
-5.550109781E-04
-5.548218614E-04
-5.546180764E-04
-5.543995067E-04
-5.541660357E-04
-5.539176054E-04
-5.536540411E-04
-5.533752847E-04
-5.530811613E-04
-5.527714966E-04
-5.524461740E-04
-5.521050189E-04
-5.517479149E-04
-5.513745709E-04
-5.509848706E-04
-5.505785812E-04
-5.501555279E-04
-5.497153616E-04
-5.492579658E-04
-5.487830495E-04
-5.482902634E-04
-5.477793748E-04
-5.472500925E-04
-5.467020092E-04
-5.461348919E-04
-5.455482751E-04
-5.449418095E-04
-5.443150876E-04
-5.436675856E-04
-5.429989542E-04
-5.423086113E-04
-5.415960331E-04
-5.408606376E-04
-5.401017843E-04
-5.393188912E-04
-5.385112017E-04
-5.376779591E-04
-5.368183483E-04
-5.359314964E-04
-5.350164138E-04
-5.340720527E-04
-5.330972490E-04
-5.320908385E-04
-5.310514243E-04
-5.299774930E-04
-5.288673565E-04
-5.277191522E-04
-5.265308428E-04
-5.253000418E-04
-5.240241298E-04
-5.227000802E-04
-5.213242839E-04
-5.198927247E-04
-5.184005131E-04
-5.168418284E-04
-5.152095691E-04
-5.134947714E-04
-5.116858520E-04
-5.097676185E-04
-5.077180685E-04
-5.055053625E-04
-5.030710599E-04
-5.003005499E-04
-5.561602884E-04
-5.561428843E-04
-5.561113940E-04
-5.560658174E-04
-5.560061545E-04
-5.559323472E-04
-5.558443954E-04
-5.557422410E-04
-5.556258257E-04
-5.554951495E-04
-5.553500960E-04
-5.551906652E-04
-5.550167407E-04
-5.548282643E-04
-5.546251778E-04
-5.544073065E-04
-5.541746505E-04
-5.539270351E-04
-5.536644021E-04
-5.533865769E-04
-5.530935014E-04
-5.527849426E-04
-5.524607841E-04
-5.521209096E-04
-5.517650861E-04
-5.513932556E-04
-5.510050687E-04
-5.506004090E-04
-5.501791020E-04
-5.497408565E-04
-5.492853816E-04
-5.488125607E-04
-5.483221030E-04
-5.478136009E-04
-5.472868797E-04
-5.467415322E-04
-5.461773253E-04
-5.455937935E-04
-5.449905875E-04
-5.443673581E-04
-5.437236396E-04
-5.430589081E-04
-5.423727562E-04
-5.416646600E-04
-5.409340374E-04
-5.401803064E-04
-5.394028267E-04
-5.386008997E-04
-5.377738271E-04
-5.369207938E-04
-5.360409268E-04
-5.351333530E-04
-5.341970245E-04
-5.332308938E-04
-5.322337383E-04
-5.312042776E-04
-5.301410565E-04
-5.290425033E-04
-5.279068719E-04
-5.267321249E-04
-5.255161668E-04
-5.242563784E-04
-5.229500821E-04
-5.215938436E-04
-5.201839376E-04
-5.187159986E-04
-5.171846133E-04
-5.155833205E-04
-5.139042623E-04
-5.121373106E-04
-5.102691939E-04
-5.082817515E-04
-5.061488482E-04
-5.038279924E-04
-5.012436304E-04
-4.981757374E-04
-5.561636062E-04
-5.561528960E-04
-5.561280414E-04
-5.560891586E-04
-5.560361315E-04
-5.559690180E-04
-5.558877019E-04
-5.557922414E-04
-5.556824617E-04
-5.555584794E-04
-5.554201198E-04
-5.552673247E-04
-5.551000359E-04
-5.549182533E-04
-5.547218025E-04
-5.545106251E-04
-5.542846047E-04
-5.540436832E-04
-5.537877441E-04
-5.535165546E-04
-5.532301147E-04
-5.529282498E-04
-5.526107852E-04
-5.522776046E-04
-5.519284750E-04
-5.515632802E-04
-5.511817872E-04
-5.507838214E-04
-5.503691500E-04
-5.499375984E-04
-5.494888755E-04
-5.490226904E-04
-5.485388683E-04
-5.480371183E-04
-5.475170328E-04
-5.469784373E-04
-5.464208662E-04
-5.458440282E-04
-5.452475743E-04
-5.446309806E-04
-5.439939559E-04
-5.433359765E-04
-5.426565185E-04
-5.419551162E-04
-5.412311875E-04
-5.404841504E-04
-5.397134228E-04
-5.389181897E-04
-5.380978109E-04
-5.372514715E-04
-5.363783566E-04
-5.354775349E-04
-5.345479585E-04
-5.335885216E-04
-5.325981183E-04
-5.315753515E-04
-5.305188824E-04
-5.294270813E-04
-5.282981438E-04
-5.271301488E-04
-5.259209429E-04
-5.246679066E-04
-5.233683041E-04
-5.220188759E-04
-5.206157803E-04
-5.191545351E-04
-5.176299019E-04
-5.160354194E-04
-5.143631133E-04
-5.126029137E-04
-5.107416073E-04
-5.087609752E-04
-5.066348240E-04
-5.043207202E-04
-5.017432268E-04
-4.986820859E-04
