-5.349056446E-04
-4.748611536E-04
-4.753710818E-04
-4.785240744E-04
-4.813021224E-04
-4.837439337E-04
-4.859640903E-04
-4.880210618E-04
-4.899467458E-04
-4.917629994E-04
-4.934851895E-04
-4.951248411E-04
-4.966908018E-04
-4.981902894E-04
-4.996290663E-04
-5.010121386E-04
-5.023434060E-04
-5.036265356E-04
-5.048644962E-04
-5.060599651E-04
-5.072152708E-04
-5.083325668E-04
-5.094135995E-04
-5.104600568E-04
-5.114735104E-04
-5.124552990E-04
-5.134067032E-04
-5.143287708E-04
-5.152226659E-04
-5.160892033E-04
-5.169294309E-04
-5.177440471E-04
-5.185338669E-04
-5.192995886E-04
-5.200418527E-04
-5.207613576E-04
-5.214585690E-04
-5.221340689E-04
-5.227883812E-04
-5.234219716E-04
-5.240352475E-04
-5.246286746E-04
-5.252026604E-04
-5.257574958E-04
-5.262935301E-04
-5.268112291E-04
-5.273107672E-04
-5.277924356E-04
-5.282565835E-04
-5.287035019E-04
-5.291333073E-04
-5.295463488E-04
-5.299427430E-04
-5.303227808E-04
-5.306866369E-04
-5.310344859E-04
-5.313665024E-04
-5.316828610E-04
-5.319837364E-04
-5.322691868E-04
-5.325393868E-04
-5.327945109E-04
-5.330346758E-04
-5.332599394E-04
-5.334704183E-04
-5.336662289E-04
-5.338474293E-04
-5.340140779E-04
-5.341663491E-04
-5.343041848E-04
-5.344277597E-04
-5.345370155E-04
-5.346320686E-04
-5.347129772E-04
-5.347796832E-04
-5.348323029E-04
-5.348708364E-04
-5.348952836E-04
-5.349019193E-04
-5.348841660E-04
-5.348523264E-04
-5.348063423E-04
-5.347462720E-04
-5.346720573E-04
-5.345836980E-04
-5.344810779E-04
-5.343641969E-04
-5.342329969E-04
-5.340874195E-04
-5.339274067E-04
-5.337529001E-04
-5.335637252E-04
-5.333599402E-04
-5.331413704E-04
-5.329078995E-04
-5.326594110E-04
-5.323958467E-04
-5.321170902E-04
-5.318229087E-04
-5.315132439E-04
-5.311878631E-04
-5.308467080E-04
-5.304895458E-04
-5.301162018E-04
-5.297264433E-04
-5.293200957E-04
-5.288969260E-04
-5.284567596E-04
-5.279993056E-04
-5.275242729E-04
-5.270314286E-04
-5.265204818E-04
-5.259910831E-04
-5.254429416E-04
-5.248757079E-04
-5.242889747E-04
-5.236823345E-04
-5.230554962E-04
-5.224078777E-04
-5.217390717E-04
-5.210485542E-04
-5.203358014E-04
-5.196001730E-04
-5.188412033E-04
-5.180580774E-04
-5.172501551E-04
-5.164166796E-04
-5.155568360E-04
-5.146696931E-04
-5.137543194E-04
-5.128096673E-04
-5.118346307E-04
-5.108278710E-04
-5.097881658E-04
-5.087138270E-04
-5.076033412E-04
-5.064547295E-04
-5.052660126E-04
-5.040348042E-04
-5.027584848E-04
-5.014339113E-04
-5.000576493E-04
-4.986255663E-04
-4.971328890E-04
-4.955736804E-04
-4.939408391E-04
-4.922254011E-04
-4.904159578E-04
-4.884970258E-04
-4.864468356E-04
-4.842334893E-04
-4.817984591E-04
-4.790272214E-04
-5.349022103E-04
-5.348848063E-04
-5.348533159E-04
-5.348077393E-04
-5.347480765E-04
-5.346742691E-04
-5.345863174E-04
-5.344841629E-04
-5.343677476E-04
-5.342370714E-04
-5.340920179E-04
-5.339325289E-04
-5.337586044E-04
-5.335701280E-04
-5.333670415E-04
-5.331491702E-04
-5.329164560E-04
-5.326688406E-04
-5.324062076E-04
-5.321283243E-04
-5.318351905E-04
-5.315266317E-04
-5.312024732E-04
-5.308625405E-04
-5.305067170E-04
-5.301348283E-04
-5.297465832E-04
-5.293419235E-04
-5.289205001E-04
-5.284821964E-04
-5.280267214E-04
-5.275537842E-04
-5.270632100E-04
-5.265546497E-04
-5.260278122E-04
-5.254824064E-04
-5.249180831E-04
-5.243344349E-04
-5.237311125E-04
-5.231077666E-04
-5.224638735E-04
-5.217990256E-04
-5.211126991E-04
-5.204044282E-04
-5.196736311E-04
-5.189196672E-04
-5.181420129E-04
-5.173398531E-04
-5.165125476E-04
-5.156592815E-04
-5.147791817E-04
-5.138713168E-04
-5.129347555E-04
-5.119682755E-04
-5.109708291E-04
-5.099410191E-04
-5.088774487E-04
-5.077785463E-04
-5.066425074E-04
-5.054674111E-04
-5.042509874E-04
-5.029907916E-04
-5.016840296E-04
-5.003273254E-04
-4.989169538E-04
-4.974484327E-04
-4.959165235E-04
-4.943147069E-04
-4.926350666E-04
-4.908675328E-04
-4.889987758E-04
-4.870106932E-04
-4.848771205E-04
-4.825555952E-04
-4.799705057E-04
-4.769018851E-04
-5.349055282E-04
-5.348948180E-04
-5.348699633E-04
-5.348310806E-04
-5.347780534E-04
-5.347109400E-04
-5.346296239E-04
-5.345341633E-04
-5.344243837E-04
-5.343004013E-04
-5.341619835E-04
-5.340092466E-04
-5.338419578E-04
-5.336601171E-04
-5.334636662E-04
-5.332524888E-04
-5.330264685E-04
-5.327855470E-04
-5.325295497E-04
-5.322583602E-04
-5.319719203E-04
-5.316699971E-04
-5.313525326E-04
-5.310192937E-04
-5.306701642E-04
-5.303049111E-04
-5.299233599E-04
-5.295253359E-04
-5.291106645E-04
-5.286789965E-04
-5.282302154E-04
-5.277639721E-04
-5.272800918E-04
-5.267782253E-04
-5.262580817E-04
-5.257193698E-04
-5.251617404E-04
-5.245847860E-04
-5.239881575E-04
-5.233715056E-04
-5.227343063E-04
-5.220761523E-04
-5.213965778E-04
-5.206950009E-04
-5.199708976E-04
-5.192236858E-04
-5.184526672E-04
-5.176572595E-04
-5.168366479E-04
-5.159901339E-04
-5.151167279E-04
-5.142156151E-04
-5.132857477E-04
-5.123260198E-04
-5.113353254E-04
-5.103122676E-04
-5.092553911E-04
-5.081632407E-04
-5.070338957E-04
-5.058655515E-04
-5.046558799E-04
-5.034024944E-04
-5.021024263E-04
-5.007524742E-04
-4.993488546E-04
-4.978871439E-04
-4.963619867E-04
-4.947669804E-04
-4.930940922E-04
-4.913333105E-04
-4.894713638E-04
-4.874900624E-04
-4.853632709E-04
-4.830484977E-04
-4.804702767E-04
-4.774084373E-04
