-5.482119159E-04
-4.881756613E-04
-4.886878305E-04
-4.918381455E-04
-4.946157569E-04
-4.970571608E-04
-4.992769100E-04
-5.013335031E-04
-5.032588379E-04
-5.050747423E-04
-5.067965831E-04
-5.084358854E-04
-5.100015551E-04
-5.115007516E-04
-5.129392375E-04
-5.143220187E-04
-5.156530533E-04
-5.169358919E-04
-5.181736196E-04
-5.193688557E-04
-5.205239868E-04
-5.216410500E-04
-5.227218498E-04
-5.237681908E-04
-5.247814697E-04
-5.257630837E-04
-5.267143133E-04
-5.276362645E-04
-5.285299849E-04
-5.293964059E-04
-5.302365171E-04
-5.310510169E-04
-5.318407202E-04
-5.326063256E-04
-5.333485315E-04
-5.340679199E-04
-5.347650731E-04
-5.354405148E-04
-5.360947689E-04
-5.367283011E-04
-5.373415188E-04
-5.379349459E-04
-5.385088152E-04
-5.390636506E-04
-5.395996850E-04
-5.401173257E-04
-5.406168057E-04
-5.410984741E-04
-5.415626219E-04
-5.420094822E-04
-5.424392875E-04
-5.428523291E-04
-5.432487233E-04
-5.436287611E-04
-5.439926172E-04
-5.443404661E-04
-5.446724826E-04
-5.449888413E-04
-5.452897167E-04
-5.455751671E-04
-5.458454252E-04
-5.461005494E-04
-5.463407142E-04
-5.465659779E-04
-5.467764568E-04
-5.469722673E-04
-5.471535260E-04
-5.473201745E-04
-5.474724458E-04
-5.476103397E-04
-5.477339146E-04
-5.478431704E-04
-5.479382817E-04
-5.480191321E-04
-5.480858963E-04
-5.481385160E-04
-5.481770495E-04
-5.482014967E-04
-5.482082488E-04
-5.481904373E-04
-5.481585977E-04
-5.481126718E-04
-5.480526015E-04
-5.479784450E-04
-5.478900275E-04
-5.477874656E-04
-5.476705846E-04
-5.475393846E-04
-5.473938654E-04
-5.472338526E-04
-5.470593460E-04
-5.468702293E-04
-5.466664443E-04
-5.464478745E-04
-5.462144036E-04
-5.459659733E-04
-5.457024090E-04
-5.454236525E-04
-5.451295292E-04
-5.448198644E-04
-5.444945418E-04
-5.441533867E-04
-5.437962245E-04
-5.434229388E-04
-5.430332385E-04
-5.426268908E-04
-5.422038375E-04
-5.417636712E-04
-5.413062172E-04
-5.408313009E-04
-5.403384566E-04
-5.398275680E-04
-5.392982275E-04
-5.387501442E-04
-5.381829687E-04
-5.375963519E-04
-5.369898281E-04
-5.363630480E-04
-5.357155460E-04
-5.350467982E-04
-5.343563971E-04
-5.336437607E-04
-5.329083069E-04
-5.321493954E-04
-5.313663860E-04
-5.305586383E-04
-5.297253374E-04
-5.288656102E-04
-5.279786419E-04
-5.270634429E-04
-5.261190236E-04
-5.251441034E-04
-5.241375766E-04
-5.230980460E-04
-5.220239982E-04
-5.209136871E-04
-5.197653663E-04
-5.185769405E-04
-5.173459649E-04
-5.160698784E-04
-5.147456541E-04
-5.133696832E-04
-5.119379493E-04
-5.104455631E-04
-5.088866455E-04
-5.072542117E-04
-5.055391812E-04
-5.037300289E-04
-5.018115626E-04
-4.997617798E-04
-4.975488409E-04
-4.951142473E-04
-4.923435044E-04
-5.482084816E-04
-5.481910775E-04
-5.481595872E-04
-5.481140106E-04
-5.480542895E-04
-5.479804822E-04
-5.478924722E-04
-5.477903178E-04
-5.476739025E-04
-5.475431681E-04
-5.473981146E-04
-5.472386838E-04
-5.470647011E-04
-5.468762247E-04
-5.466730800E-04
-5.464552087E-04
-5.462224944E-04
-5.459748791E-04
-5.457121879E-04
-5.454343627E-04
-5.451412289E-04
-5.448326119E-04
-5.445084535E-04
-5.441685207E-04
-5.438126973E-04
-5.434408085E-04
-5.430525634E-04
-5.426479038E-04
-5.422265385E-04
-5.417881766E-04
-5.413327599E-04
-5.408598809E-04
-5.403693067E-04
-5.398607464E-04
-5.393339670E-04
-5.387885612E-04
-5.382242962E-04
-5.376407062E-04
-5.370374420E-04
-5.364140961E-04
-5.357702612E-04
-5.351054715E-04
-5.344192614E-04
-5.337110488E-04
-5.329803680E-04
-5.322265206E-04
-5.314489244E-04
-5.306468811E-04
-5.298196920E-04
-5.289665423E-04
-5.280865589E-04
-5.271788687E-04
-5.262424238E-04
-5.252761184E-04
-5.242788466E-04
-5.232492113E-04
-5.221858737E-04
-5.210871459E-04
-5.199513398E-04
-5.187764182E-04
-5.175602273E-04
-5.163003225E-04
-5.149937351E-04
-5.136373220E-04
-5.122272414E-04
-5.107590696E-04
-5.092274514E-04
-5.076259258E-04
-5.059466348E-04
-5.041793920E-04
-5.023110425E-04
-5.003233673E-04
-4.981901729E-04
-4.958690261E-04
-4.932843731E-04
-4.902162473E-04
-5.482117995E-04
-5.482010893E-04
-5.481762928E-04
-5.481374101E-04
-5.480844411E-04
-5.480172695E-04
-5.479360116E-04
-5.478405510E-04
-5.477308296E-04
-5.476067890E-04
-5.474684294E-04
-5.473156343E-04
-5.471484037E-04
-5.469666212E-04
-5.467701703E-04
-5.465589929E-04
-5.463330308E-04
-5.460920511E-04
-5.458361120E-04
-5.455649807E-04
-5.452785408E-04
-5.449766177E-04
-5.446591531E-04
-5.443259724E-04
-5.439768429E-04
-5.436116480E-04
-5.432301550E-04
-5.428321310E-04
-5.424174597E-04
-5.419859081E-04
-5.415371270E-04
-5.410710000E-04
-5.405871198E-04
-5.400853115E-04
-5.395652261E-04
-5.390265724E-04
-5.384690012E-04
-5.378921051E-04
-5.372955929E-04
-5.366789992E-04
-5.360419163E-04
-5.353838205E-04
-5.347043625E-04
-5.340029020E-04
-5.332789151E-04
-5.325318198E-04
-5.317609757E-04
-5.309656844E-04
-5.301452475E-04
-5.292987917E-04
-5.284256185E-04
-5.275246222E-04
-5.265949876E-04
-5.256354343E-04
-5.246449145E-04
-5.236220313E-04
-5.225654459E-04
-5.214734701E-04
-5.203444161E-04
-5.191763048E-04
-5.179669242E-04
-5.167137715E-04
-5.154139944E-04
-5.140643916E-04
-5.126610631E-04
-5.111996434E-04
-5.096748355E-04
-5.080801784E-04
-5.064076395E-04
-5.046472070E-04
-5.027856678E-04
-5.008048029E-04
-4.986784188E-04
-4.963640822E-04
-4.937862977E-04
-4.907249822E-04
