-7.807588554E-04
-6.906819763E-04
-6.914473488E-04
-6.961770705E-04
-7.003447390E-04
-7.040080964E-04
-7.073389716E-04
-7.104249671E-04
-7.133140462E-04
-7.160389796E-04
-7.186227012E-04
-7.210826152E-04
-7.234319928E-04
-7.256817189E-04
-7.278402918E-04
-7.299152203E-04
-7.319125580E-04
-7.338375435E-04
-7.356948336E-04
-7.374883280E-04
-7.392215775E-04
-7.408977253E-04
-7.425195072E-04
-7.440894842E-04
-7.456099265E-04
-7.470827550E-04
-7.485100068E-04
-7.498933119E-04
-7.512342418E-04
-7.525342517E-04
-7.537946803E-04
-7.550167502E-04
-7.562015671E-04
-7.573502371E-04
-7.584637497E-04
-7.595430361E-04
-7.605889696E-04
-7.616022485E-04
-7.625837461E-04
-7.635341608E-04
-7.644541329E-04
-7.653443026E-04
-7.662051939E-04
-7.670375053E-04
-7.678415859E-04
-7.686180761E-04
-7.693673251E-04
-7.700899150E-04
-7.707861369E-04
-7.714563981E-04
-7.721011061E-04
-7.727206103E-04
-7.733152015E-04
-7.738852291E-04
-7.744309842E-04
-7.749526994E-04
-7.754507242E-04
-7.759252330E-04
-7.763764006E-04
-7.768045762E-04
-7.772099343E-04
-7.775925333E-04
-7.779527223E-04
-7.782905595E-04
-7.786062779E-04
-7.788999355E-04
-7.791717071E-04
-7.794217090E-04
-7.796499995E-04
-7.798568113E-04
-7.800420863E-04
-7.802059990E-04
-7.803485496E-04
-7.804698544E-04
-7.805699715E-04
-7.806488429E-04
-7.807066431E-04
-7.807433140E-04
-7.807533257E-04
-7.807266666E-04
-7.806788781E-04
-7.806099602E-04
-7.805198547E-04
-7.804085617E-04
-7.802760229E-04
-7.801221218E-04
-7.799468585E-04
-7.797500584E-04
-7.795317215E-04
-7.792917313E-04
-7.790300297E-04
-7.787463255E-04
-7.784406771E-04
-7.781128515E-04
-7.777626743E-04
-7.773900288E-04
-7.769947406E-04
-7.765765768E-04
-7.761354209E-04
-7.756709238E-04
-7.751829689E-04
-7.746712072E-04
-7.741355221E-04
-7.735755062E-04
-7.729909266E-04
-7.723814342E-04
-7.717467961E-04
-7.710865466E-04
-7.704003365E-04
-7.696878165E-04
-7.689485792E-04
-7.681821589E-04
-7.673880900E-04
-7.665658486E-04
-7.657149690E-04
-7.648348692E-04
-7.639249670E-04
-7.629846223E-04
-7.620131946E-04
-7.610099274E-04
-7.599741220E-04
-7.589049055E-04
-7.578014629E-04
-7.566628046E-04
-7.554880576E-04
-7.542761159E-04
-7.530257571E-04
-7.517358754E-04
-7.504050154E-04
-7.490317803E-04
-7.476146566E-04
-7.461518398E-04
-7.446415839E-04
-7.430817350E-04
-7.414700231E-04
-7.398040034E-04
-7.380808820E-04
-7.362974575E-04
-7.344503538E-04
-7.325354964E-04
-7.305482868E-04
-7.284835447E-04
-7.263350417E-04
-7.240955601E-04
-7.217562525E-04
-7.193065248E-04
-7.167329313E-04
-7.140182424E-04
-7.111393497E-04
-7.080634823E-04
-7.047428517E-04
-7.010896807E-04
-6.969321985E-04
-7.807537331E-04
-7.807275979E-04
-7.806803915E-04
-7.806120557E-04
-7.805225323E-04
-7.804118795E-04
-7.802799228E-04
-7.801267202E-04
-7.799520972E-04
-7.797561120E-04
-7.795385318E-04
-7.792994147E-04
-7.790385280E-04
-7.787558134E-04
-7.784511545E-04
-7.781244349E-04
-7.777754217E-04
-7.774040569E-04
-7.770101074E-04
-7.765933988E-04
-7.761536981E-04
-7.756908890E-04
-7.752046804E-04
-7.746948395E-04
-7.741611334E-04
-7.736032712E-04
-7.730210200E-04
-7.724139723E-04
-7.717819535E-04
-7.711244980E-04
-7.704412565E-04
-7.697319379E-04
-7.689960767E-04
-7.682332653E-04
-7.674430381E-04
-7.666248712E-04
-7.657783572E-04
-7.649029139E-04
-7.639979012E-04
-7.630627952E-04
-7.620969554E-04
-7.610996254E-04
-7.600701065E-04
-7.590076420E-04
-7.579113590E-04
-7.567803841E-04
-7.556137280E-04
-7.544104592E-04
-7.531693554E-04
-7.518893108E-04
-7.505689864E-04
-7.492071018E-04
-7.478020270E-04
-7.463521324E-04
-7.448557299E-04
-7.433108403E-04
-7.417152519E-04
-7.400666364E-04
-7.383623160E-04
-7.365993224E-04
-7.347743958E-04
-7.328838110E-04
-7.309232606E-04
-7.288878551E-04
-7.267718902E-04
-7.245687302E-04
-7.222704007E-04
-7.198672392E-04
-7.173472550E-04
-7.146954304E-04
-7.118918002E-04
-7.089091232E-04
-7.057081675E-04
-7.022252539E-04
-6.983470521E-04
-6.937434082E-04
-7.807587390E-04
-7.807426155E-04
-7.807054208E-04
-7.806470385E-04
-7.805675850E-04
-7.804668858E-04
-7.803449407E-04
-7.802017499E-04
-7.800371386E-04
-7.798511651E-04
-7.796435966E-04
-7.794144913E-04
-7.791636162E-04
-7.788909134E-04
-7.785962662E-04
-7.782795583E-04
-7.779405569E-04
-7.775792037E-04
-7.771952660E-04
-7.767885108E-04
-7.763588801E-04
-7.759060827E-04
-7.754298858E-04
-7.749300567E-04
-7.744063623E-04
-7.738585700E-04
-7.732863305E-04
-7.726893527E-04
-7.720672875E-04
-7.714199019E-04
-7.707467303E-04
-7.700474234E-04
-7.693215739E-04
-7.685688324E-04
-7.677886169E-04
-7.669805200E-04
-7.661440177E-04
-7.652786444E-04
-7.643837016E-04
-7.634586655E-04
-7.625028375E-04
-7.615155773E-04
-7.604961284E-04
-7.594437338E-04
-7.583575207E-04
-7.572366158E-04
-7.560800295E-04
-7.548868307E-04
-7.536557969E-04
-7.523858221E-04
-7.510756259E-04
-7.497238112E-04
-7.483288064E-04
-7.468890981E-04
-7.454027655E-04
-7.438679459E-04
-7.422824856E-04
-7.406439981E-04
-7.389497478E-04
-7.371969405E-04
-7.353820838E-04
-7.335016271E-04
-7.315512048E-04
-7.295259857E-04
-7.274201489E-04
-7.252271753E-04
-7.229389739E-04
-7.205459988E-04
-7.180362009E-04
-7.153945044E-04
-7.126010605E-04
-7.096286281E-04
-7.064378588E-04
-7.029650733E-04
-6.990970578E-04
-6.945037167E-04
