-7.675686502E-04
-6.782548153E-04
-6.774889771E-04
-7.675631205E-04
-7.675364614E-04
-7.674887311E-04
-7.674198132E-04
-7.673297659E-04
-7.672184729E-04
-7.670859341E-04
-7.669320912E-04
-7.667568279E-04
-7.665600860E-04
-7.663418073E-04
-7.661018753E-04
-7.658401737E-04
-7.655565860E-04
-7.652509375E-04
-7.649231702E-04
-7.645730511E-04
-7.642004639E-04
-7.638052339E-04
-7.633871282E-04
-7.629460306E-04
-7.624815917E-04
-7.619936951E-04
-7.614820497E-04
-7.609464228E-04
-7.603864651E-04
-7.598019438E-04
-7.591925678E-04
-7.585579297E-04
-7.578977384E-04
-7.572116447E-04
-7.564991829E-04
-7.557600038E-04
-7.549936417E-04
-7.541996310E-04
-7.533774478E-04
-7.525266265E-04
-7.516465848E-04
-7.507367409E-04
-7.497964543E-04
-7.488250267E-04
-7.478218176E-04
-7.467860123E-04
-7.457167958E-04
-7.446134114E-04
-7.434748113E-04
-7.423000643E-04
-7.410880644E-04
-7.398377056E-04
-7.385477656E-04
-7.372169057E-04
-7.358436706E-04
-7.344264886E-04
-7.329636719E-04
-7.314532995E-04
-7.298933924E-04
-7.282816223E-04
-7.266154862E-04
-7.248922484E-04
-7.231087657E-04
-7.212614873E-04
-7.193464553E-04
-7.173591293E-04
-7.152942126E-04
-7.131455350E-04
-7.109058788E-04
-7.085663965E-04
-7.061164360E-04
-7.035426097E-04
-7.008276298E-04
-6.979484460E-04
-6.948723458E-04
-6.915513659E-04
-6.878979038E-04
-6.837400724E-04
-6.829844206E-04
-6.871524965E-04
-6.908161449E-04
-6.941473112E-04
-6.972335977E-04
-7.001229678E-04
-7.028481341E-04
-7.054321468E-04
-7.078922936E-04
-7.102419040E-04
-7.124917465E-04
-7.146506105E-04
-7.167256554E-04
-7.187231095E-04
-7.206483278E-04
-7.225056761E-04
-7.242993452E-04
-7.260327111E-04
-7.277089171E-04
-7.293308154E-04
-7.309008506E-04
-7.324213511E-04
-7.338942960E-04
-7.353216060E-04
-7.367049111E-04
-7.380458992E-04
-7.393459091E-04
-7.406063378E-04
-7.418284076E-04
-7.430132246E-04
-7.441618945E-04
-7.452754071E-04
-7.463546935E-04
-7.474005688E-04
-7.484138478E-04
-7.493952871E-04
-7.503457018E-04
-7.512656157E-04
-7.521557272E-04
-7.530165603E-04
-7.538488135E-04
-7.546528359E-04
-7.554292679E-04
-7.561785169E-04
-7.569009904E-04
-7.575971540E-04
-7.582673570E-04
-7.589120069E-04
-7.595314528E-04
-7.601259858E-04
-7.606959553E-04
-7.612416521E-04
-7.617633091E-04
-7.622612757E-04
-7.627356681E-04
-7.631868357E-04
-7.636149530E-04
-7.640201948E-04
-7.644027937E-04
-7.647629245E-04
-7.651007618E-04
-7.654163637E-04
-7.657100214E-04
-7.659817347E-04
-7.662316784E-04
-7.664599689E-04
-7.666667225E-04
-7.668519975E-04
-7.670158520E-04
-7.671584026E-04
-7.672797074E-04
-7.673797663E-04
-7.674586959E-04
-7.675164379E-04
-7.675531087E-04
-7.675685338E-04
-7.675524103E-04
-7.675152156E-04
-7.674568915E-04
-7.673774380E-04
-7.672767970E-04
-7.671548519E-04
-7.670116611E-04
-7.668471080E-04
-7.666611345E-04
-7.664536824E-04
-7.662245771E-04
-7.659737603E-04
-7.657011156E-04
-7.654065266E-04
-7.650898187E-04
-7.647508755E-04
-7.643895806E-04
-7.640057011E-04
-7.635990623E-04
-7.631694898E-04
-7.627167506E-04
-7.622406119E-04
-7.617408410E-04
-7.612172631E-04
-7.606694708E-04
-7.600972895E-04
-7.595003699E-04
-7.588784210E-04
-7.582310936E-04
-7.575579803E-04
-7.568587316E-04
-7.561329985E-04
-7.553802570E-04
-7.546000998E-04
-7.537921192E-04
-7.529556751E-04
-7.520903018E-04
-7.511954173E-04
-7.502704393E-04
-7.493146695E-04
-7.483274094E-04
-7.473080186E-04
-7.462556241E-04
-7.451694692E-04
-7.440485642E-04
-7.428920362E-04
-7.416987792E-04
-7.404677453E-04
-7.391977706E-04
-7.378875744E-04
-7.365357014E-04
-7.351406966E-04
-7.337008719E-04
-7.322145393E-04
-7.306796615E-04
-7.290941430E-04
-7.274555392E-04
-7.257611724E-04
-7.240082487E-04
-7.221933338E-04
-7.203127025E-04
-7.183621638E-04
-7.163367700E-04
-7.142307586E-04
-7.120376104E-04
-7.097491762E-04
-7.073559682E-04
-7.048459956E-04
-7.022040663E-04
-6.994103314E-04
-6.964376080E-04
-6.932465476E-04
-6.897734711E-04
-6.859051064E-04
-6.813114160E-04
-7.675635279E-04
-7.675373927E-04
-7.674901863E-04
-7.674218505E-04
-7.673323853E-04
-7.672217325E-04
-7.670897758E-04
-7.669365732E-04
-7.667620084E-04
-7.665660232E-04
-7.663485594E-04
-7.661094423E-04
-7.658486138E-04
-7.655659574E-04
-7.652612985E-04
-7.649346371E-04
-7.645856822E-04
-7.642143173E-04
-7.638204261E-04
-7.634037756E-04
-7.629641914E-04
-7.625013823E-04
-7.620152319E-04
-7.615054492E-04
-7.609718014E-04
-7.604140555E-04
-7.598318043E-04
-7.592248730E-04
-7.585928543E-04
-7.579354569E-04
-7.572523318E-04
-7.565430715E-04
-7.558072684E-04
-7.550445152E-04
-7.542542880E-04
-7.534362376E-04
-7.525897818E-04
-7.517143385E-04
-7.508093840E-04
-7.498743362E-04
-7.489084965E-04
-7.479112246E-04
-7.468817057E-04
-7.458192995E-04
-7.447230164E-04
-7.435920415E-04
-7.424253854E-04
-7.412221166E-04
-7.399810129E-04
-7.387009100E-04
-7.373805856E-04
-7.360186428E-04
-7.346135098E-04
-7.331636152E-04
-7.316671545E-04
-7.301222067E-04
-7.285265019E-04
-7.268777699E-04
-7.251733332E-04
-7.234102814E-04
-7.215851801E-04
-7.196944789E-04
-7.177337538E-04
-7.156981737E-04
-7.135820342E-04
-7.113786996E-04
-7.090801955E-04
-7.066768012E-04
-7.041565841E-04
-7.015044685E-04
-6.987006054E-04
-6.957176374E-04
-6.925163907E-04
-6.890331861E-04
-6.851545768E-04
-6.805506418E-04
