-8.989150519E-04
-8.089395124E-04
-8.097048849E-04
-8.144303574E-04
-8.185939514E-04
-8.222533506E-04
-8.255803259E-04
-8.286625962E-04
-8.315480663E-04
-8.342695073E-04
-8.368498529E-04
-8.393064491E-04
-8.416526834E-04
-8.438993245E-04
-8.460549871E-04
-8.481270634E-04
-8.501216071E-04
-8.520439733E-04
-8.538987022E-04
-8.556897519E-04
-8.574206731E-04
-8.590945508E-04
-8.607141790E-04
-8.622820023E-04
-8.638004074E-04
-8.652713732E-04
-8.666968206E-04
-8.680783212E-04
-8.694175631E-04
-8.707160014E-04
-8.719748585E-04
-8.731954731E-04
-8.743788931E-04
-8.755262243E-04
-8.766385145E-04
-8.777165785E-04
-8.787612896E-04
-8.797735209E-04
-8.807540289E-04
-8.817034541E-04
-8.826224948E-04
-8.835117333E-04
-8.843718679E-04
-8.852033061E-04
-8.860066882E-04
-8.867824799E-04
-8.875311469E-04
-8.882530383E-04
-8.889486780E-04
-8.896184736E-04
-8.902626578E-04
-8.908816963E-04
-8.914758218E-04
-8.920454420E-04
-8.925907896E-04
-8.931122138E-04
-8.936098311E-04
-8.940840489E-04
-8.945349837E-04
-8.949628682E-04
-8.953679353E-04
-8.957503596E-04
-8.961103158E-04
-8.964479784E-04
-8.967635222E-04
-8.970570052E-04
-8.973286604E-04
-8.975785458E-04
-8.978067199E-04
-8.980134153E-04
-8.981986321E-04
-8.983624284E-04
-8.985049208E-04
-8.986261673E-04
-8.987262263E-04
-8.988050977E-04
-8.988628979E-04
-8.988995105E-04
-8.989095222E-04
-8.988828631E-04
-8.988351328E-04
-8.987662732E-04
-8.986762259E-04
-8.985649911E-04
-8.984324522E-04
-8.982786676E-04
-8.981034625E-04
-8.979067788E-04
-8.976885583E-04
-8.974487428E-04
-8.971870993E-04
-8.969036280E-04
-8.965980960E-04
-8.962704451E-04
-8.959205006E-04
-8.955480880E-04
-8.951530326E-04
-8.947351598E-04
-8.942942368E-04
-8.938300889E-04
-8.933424251E-04
-8.928310708E-04
-8.922957350E-04
-8.917361265E-04
-8.911520126E-04
-8.905430441E-04
-8.899088716E-04
-8.892491460E-04
-8.885635179E-04
-8.878516383E-04
-8.871130412E-04
-8.863473195E-04
-8.855539490E-04
-8.847325225E-04
-8.838824579E-04
-8.830032311E-04
-8.820942603E-04
-8.811549051E-04
-8.801844670E-04
-8.791823057E-04
-8.781476063E-04
-8.770796121E-04
-8.759774501E-04
-8.748401888E-04
-8.736668387E-04
-8.724562940E-04
-8.712075069E-04
-8.699191967E-04
-8.685900248E-04
-8.672185941E-04
-8.658032748E-04
-8.643424371E-04
-8.628341020E-04
-8.612763486E-04
-8.596668486E-04
-8.580030990E-04
-8.562823059E-04
-8.545013843E-04
-8.526567835E-04
-8.507445455E-04
-8.487601299E-04
-8.466982399E-04
-8.445527055E-04
-8.423162508E-04
-8.399801445E-04
-8.375336765E-04
-8.349635173E-04
-8.322522626E-04
-8.293769788E-04
-8.263048949E-04
-8.229881059E-04
-8.193388931E-04
-8.151855436E-04
-8.989099297E-04
-8.988838526E-04
-8.988366462E-04
-8.987683104E-04
-8.986788453E-04
-8.985681925E-04
-8.984363521E-04
-8.982832078E-04
-8.981087012E-04
-8.979127742E-04
-8.976953104E-04
-8.974563098E-04
-8.971955394E-04
-8.969129995E-04
-8.966085152E-04
-8.962819702E-04
-8.959331317E-04
-8.955619996E-04
-8.951682248E-04
-8.947518072E-04
-8.943123976E-04
-8.938498795E-04
-8.933639619E-04
-8.928544703E-04
-8.923211717E-04
-8.917637169E-04
-8.911818149E-04
-8.905752911E-04
-8.899437380E-04
-8.892868063E-04
-8.886041469E-04
-8.878954104E-04
-8.871601894E-04
-8.863980183E-04
-8.856084896E-04
-8.847911377E-04
-8.839454385E-04
-8.830708102E-04
-8.821667288E-04
-8.812325541E-04
-8.802677039E-04
-8.792714216E-04
-8.782430668E-04
-8.771817666E-04
-8.760867058E-04
-8.749570115E-04
-8.737917524E-04
-8.725898806E-04
-8.713502903E-04
-8.700718172E-04
-8.687531808E-04
-8.673929842E-04
-8.659896557E-04
-8.645416819E-04
-8.630472585E-04
-8.615044062E-04
-8.599109715E-04
-8.582645678E-04
-8.565625176E-04
-8.548019687E-04
-8.529795450E-04
-8.510915213E-04
-8.491337067E-04
-8.471010951E-04
-8.449880406E-04
-8.427879075E-04
-8.404926630E-04
-8.380927029E-04
-8.355760947E-04
-8.329277043E-04
-8.301276248E-04
-8.271486731E-04
-8.239515009E-04
-8.204724872E-04
-8.165983018E-04
-8.119989652E-04
-8.989149355E-04
-8.988988120E-04
-8.988616755E-04
-8.988033514E-04
-8.987238980E-04
-8.986232569E-04
-8.985013701E-04
-8.983582375E-04
-8.981937426E-04
-8.980078273E-04
-8.978003752E-04
-8.975713863E-04
-8.973206277E-04
-8.970480994E-04
-8.967536269E-04
-8.964370936E-04
-8.960982668E-04
-8.957371465E-04
-8.953534416E-04
-8.949469775E-04
-8.945175796E-04
-8.940650732E-04
-8.935892256E-04
-8.930897457E-04
-8.925664006E-04
-8.920190157E-04
-8.914471837E-04
-8.908506716E-04
-8.902291302E-04
-8.895822102E-04
-8.889096207E-04
-8.882108959E-04
-8.874856867E-04
-8.867335855E-04
-8.859541267E-04
-8.851467865E-04
-8.843110991E-04
-8.834465407E-04
-8.825525292E-04
-8.816284244E-04
-8.806736441E-04
-8.796874317E-04
-8.786690887E-04
-8.776178584E-04
-8.765328676E-04
-8.754132432E-04
-8.742580540E-04
-8.730662521E-04
-8.718367899E-04
-8.705683867E-04
-8.692598203E-04
-8.679096936E-04
-8.665165515E-04
-8.650786476E-04
-8.635943523E-04
-8.620615699E-04
-8.604782051E-04
-8.588419296E-04
-8.571500075E-04
-8.553995867E-04
-8.535872912E-04
-8.517093956E-04
-8.497617091E-04
-8.477392257E-04
-8.456363576E-04
-8.434463525E-04
-8.411612944E-04
-8.387715206E-04
-8.362650406E-04
-8.336267783E-04
-8.308368851E-04
-8.278681198E-04
-8.246811340E-04
-8.212123066E-04
-8.173483657E-04
-8.127592155E-04
