-7.869866095E-04
-6.969120586E-04
-6.976771983E-04
-7.024069200E-04
-7.065744721E-04
-7.102375966E-04
-7.135682972E-04
-7.166541764E-04
-7.195430808E-04
-7.222678978E-04
-7.248515030E-04
-7.273113006E-04
-7.296605618E-04
-7.319101132E-04
-7.340686279E-04
-7.361434400E-04
-7.381406613E-04
-7.400655886E-04
-7.419227622E-04
-7.437161985E-04
-7.454493898E-04
-7.471254794E-04
-7.487472030E-04
-7.503171219E-04
-7.518375060E-04
-7.533103344E-04
-7.547375280E-04
-7.561207749E-04
-7.574617048E-04
-7.587616565E-04
-7.600220852E-04
-7.612440968E-04
-7.624289137E-04
-7.635775837E-04
-7.646910963E-04
-7.657703827E-04
-7.668162580E-04
-7.678295951E-04
-7.688110927E-04
-7.697615074E-04
-7.706814213E-04
-7.715715910E-04
-7.724325405E-04
-7.732647937E-04
-7.740689325E-04
-7.748454227E-04
-7.755947299E-04
-7.763172616E-04
-7.770135417E-04
-7.776838029E-04
-7.783285109E-04
-7.789480733E-04
-7.795426645E-04
-7.801126922E-04
-7.806585054E-04
-7.811802207E-04
-7.816782454E-04
-7.821527543E-04
-7.826039800E-04
-7.830321556E-04
-7.834375137E-04
-7.838201709E-04
-7.841803599E-04
-7.845182554E-04
-7.848339155E-04
-7.851276314E-04
-7.853994030E-04
-7.856494049E-04
-7.858777535E-04
-7.860845071E-04
-7.862698403E-04
-7.864336949E-04
-7.865763037E-04
-7.866976084E-04
-7.867977256E-04
-7.868766552E-04
-7.869343972E-04
-7.869710680E-04
-7.869810797E-04
-7.869544206E-04
-7.869066321E-04
-7.868377143E-04
-7.867476088E-04
-7.866363158E-04
-7.865037187E-04
-7.863498176E-04
-7.861745544E-04
-7.859777543E-04
-7.857594173E-04
-7.855194272E-04
-7.852576673E-04
-7.849739632E-04
-7.846683147E-04
-7.843404310E-04
-7.839902537E-04
-7.836176082E-04
-7.832223200E-04
-7.828041562E-04
-7.823628839E-04
-7.818983868E-04
-7.814104320E-04
-7.808986702E-04
-7.803629269E-04
-7.798029110E-04
-7.792183314E-04
-7.786088390E-04
-7.779741427E-04
-7.773138932E-04
-7.766276831E-04
-7.759151631E-04
-7.751758676E-04
-7.744094473E-04
-7.736153202E-04
-7.727931370E-04
-7.719421992E-04
-7.710620994E-04
-7.701521972E-04
-7.692118525E-04
-7.682404248E-04
-7.672371576E-04
-7.662012940E-04
-7.651321357E-04
-7.640286931E-04
-7.628900930E-04
-7.617153460E-04
-7.605034043E-04
-7.592531038E-04
-7.579631638E-04
-7.566323620E-04
-7.552591851E-04
-7.538420614E-04
-7.523793611E-04
-7.508691051E-04
-7.493093144E-04
-7.476976607E-04
-7.460316992E-04
-7.443086361E-04
-7.425253280E-04
-7.406782825E-04
-7.387634832E-04
-7.367763901E-04
-7.347117062E-04
-7.325633196E-04
-7.303239545E-04
-7.279847632E-04
-7.255352102E-04
-7.229617331E-04
-7.202471024E-04
-7.173683844E-04
-7.142926916E-04
-7.109722355E-04
-7.073192392E-04
-7.031619316E-04
-7.869814872E-04
-7.869553519E-04
-7.869081455E-04
-7.868398097E-04
-7.867502864E-04
-7.866396336E-04
-7.865076768E-04
-7.863544161E-04
-7.861798513E-04
-7.859838079E-04
-7.857662858E-04
-7.855271106E-04
-7.852662238E-04
-7.849835092E-04
-7.846788503E-04
-7.843520725E-04
-7.840030594E-04
-7.836316945E-04
-7.832376868E-04
-7.828209782E-04
-7.823812775E-04
-7.819184102E-04
-7.814322016E-04
-7.809223607E-04
-7.803885965E-04
-7.798307342E-04
-7.792484248E-04
-7.786414353E-04
-7.780093583E-04
-7.773519028E-04
-7.766686613E-04
-7.759593427E-04
-7.752234233E-04
-7.744606119E-04
-7.736703265E-04
-7.728522178E-04
-7.720057038E-04
-7.711302023E-04
-7.702251896E-04
-7.692901418E-04
-7.683242438E-04
-7.673269138E-04
-7.662974531E-04
-7.652349886E-04
-7.641387056E-04
-7.630077307E-04
-7.618410746E-04
-7.606378058E-04
-7.593967603E-04
-7.581167156E-04
-7.567964494E-04
-7.554345648E-04
-7.540295483E-04
-7.525797118E-04
-7.510833675E-04
-7.495385362E-04
-7.479429478E-04
-7.462943904E-04
-7.445901283E-04
-7.428272511E-04
-7.410023827E-04
-7.391118561E-04
-7.371514221E-04
-7.351161330E-04
-7.330002845E-04
-7.307972410E-04
-7.284990279E-04
-7.260959828E-04
-7.235761150E-04
-7.209244068E-04
-7.181209512E-04
-7.151383907E-04
-7.119376096E-04
-7.084548706E-04
-7.045767852E-04
-6.999734906E-04
-7.869864930E-04
-7.869703695E-04
-7.869331748E-04
-7.868748507E-04
-7.867953391E-04
-7.866946398E-04
-7.865726948E-04
-7.864294457E-04
-7.862648927E-04
-7.860788610E-04
-7.858712925E-04
-7.856421289E-04
-7.853912539E-04
-7.851185510E-04
-7.848239038E-04
-7.845071377E-04
-7.841681363E-04
-7.838067831E-04
-7.834227872E-04
-7.830160903E-04
-7.825864013E-04
-7.821336039E-04
-7.816573489E-04
-7.811575197E-04
-7.806338253E-04
-7.800859748E-04
-7.795137353E-04
-7.789166993E-04
-7.782946341E-04
-7.776472485E-04
-7.769740187E-04
-7.762747118E-04
-7.755488623E-04
-7.747960626E-04
-7.740158471E-04
-7.732078084E-04
-7.723713061E-04
-7.715058746E-04
-7.706109318E-04
-7.696858956E-04
-7.687300676E-04
-7.677428075E-04
-7.667233585E-04
-7.656709640E-04
-7.645847509E-04
-7.634638459E-04
-7.623073179E-04
-7.611140609E-04
-7.598830853E-04
-7.586131687E-04
-7.573029725E-04
-7.559511578E-04
-7.545562112E-04
-7.531165029E-04
-7.516302867E-04
-7.500955253E-04
-7.485101232E-04
-7.468716358E-04
-7.451775018E-04
-7.434246945E-04
-7.416100125E-04
-7.397296140E-04
-7.377792499E-04
-7.357540890E-04
-7.336484268E-04
-7.314555114E-04
-7.291674265E-04
-7.267745677E-04
-7.242648862E-04
-7.216233644E-04
-7.188300369E-04
-7.158577209E-04
-7.126671262E-04
-7.091945154E-04
-7.053266745E-04
-7.007335662E-04
