-8.342455840E-04
-7.442030474E-04
-7.449677214E-04
-7.496963372E-04
-7.538623177E-04
-7.575239870E-04
-7.608532324E-04
-7.639377145E-04
-7.668252802E-04
-7.695487584E-04
-7.721311413E-04
-7.745897165E-04
-7.769378717E-04
-7.791863172E-04
-7.813437842E-04
-7.834176067E-04
-7.854138385E-04
-7.873378927E-04
-7.891941932E-04
-7.909867563E-04
-7.927191909E-04
-7.943944656E-04
-7.960154908E-04
-7.975847111E-04
-7.991044549E-04
-8.005766431E-04
-8.020033129E-04
-8.033859776E-04
-8.047263836E-04
-8.060258697E-04
-8.072858327E-04
-8.085074369E-04
-8.096918464E-04
-8.108401089E-04
-8.119532722E-04
-8.130322094E-04
-8.140778518E-04
-8.150908398E-04
-8.160721045E-04
-8.170222864E-04
-8.179420256E-04
-8.188319625E-04
-8.196927374E-04
-8.205248159E-04
-8.213288384E-04
-8.221051539E-04
-8.228543447E-04
-8.235768182E-04
-8.242729236E-04
-8.249431266E-04
-8.255877765E-04
-8.262072224E-04
-8.268018137E-04
-8.273717831E-04
-8.279175381E-04
-8.284392534E-04
-8.289372199E-04
-8.294117288E-04
-8.298629546E-04
-8.302910719E-04
-8.306964301E-04
-8.310790872E-04
-8.314392762E-04
-8.317771135E-04
-8.320928318E-04
-8.323864895E-04
-8.326583193E-04
-8.329083212E-04
-8.331366698E-04
-8.333434234E-04
-8.335287566E-04
-8.336926694E-04
-8.338352200E-04
-8.339565247E-04
-8.340566419E-04
-8.341355715E-04
-8.341933717E-04
-8.342299843E-04
-8.342399960E-04
-8.342133369E-04
-8.341655484E-04
-8.340966306E-04
-8.340065251E-04
-8.338952321E-04
-8.337626350E-04
-8.336087340E-04
-8.334334125E-04
-8.332366124E-04
-8.330182754E-04
-8.327782270E-04
-8.325164672E-04
-8.322327631E-04
-8.319271146E-04
-8.315992309E-04
-8.312490536E-04
-8.308764081E-04
-8.304810617E-04
-8.300628979E-04
-8.296216838E-04
-8.291572449E-04
-8.286692319E-04
-8.281575283E-04
-8.276218432E-04
-8.270618855E-04
-8.264773060E-04
-8.258678718E-04
-8.252332336E-04
-8.245730423E-04
-8.238869486E-04
-8.231745451E-04
-8.224353660E-04
-8.216690621E-04
-8.208751096E-04
-8.200530428E-04
-8.192023379E-04
-8.183224127E-04
-8.174127433E-04
-8.164726314E-04
-8.155014366E-04
-8.144984022E-04
-8.134628879E-04
-8.123940206E-04
-8.112909272E-04
-8.101526764E-04
-8.089783369E-04
-8.077668026E-04
-8.065169095E-04
-8.052274934E-04
-8.038972155E-04
-8.025245625E-04
-8.011080790E-04
-7.996459026E-04
-7.981362869E-04
-7.965771947E-04
-7.949662395E-04
-7.933010347E-04
-7.915787864E-04
-7.897962932E-04
-7.879501209E-04
-7.860361948E-04
-7.840500912E-04
-7.819863968E-04
-7.798390579E-04
-7.776007988E-04
-7.752627716E-04
-7.728143246E-04
-7.702421281E-04
-7.675288361E-04
-7.646513986E-04
-7.615771028E-04
-7.582580438E-04
-7.546065608E-04
-7.504507666E-04
-8.342404035E-04
-8.342143265E-04
-8.341671200E-04
-8.340987843E-04
-8.340092609E-04
-8.338985499E-04
-8.337665931E-04
-8.336133906E-04
-8.334387676E-04
-8.332427242E-04
-8.330252022E-04
-8.327860269E-04
-8.325251401E-04
-8.322424255E-04
-8.319377666E-04
-8.316109888E-04
-8.312619757E-04
-8.308905526E-04
-8.304966032E-04
-8.300798945E-04
-8.296401938E-04
-8.291773847E-04
-8.286911761E-04
-8.281813352E-04
-8.276476874E-04
-8.270898252E-04
-8.265075739E-04
-8.259006427E-04
-8.252686239E-04
-8.246112266E-04
-8.239281015E-04
-8.232188993E-04
-8.224830963E-04
-8.217204013E-04
-8.209302905E-04
-8.201123565E-04
-8.192659589E-04
-8.183906903E-04
-8.174859104E-04
-8.165510371E-04
-8.155854302E-04
-8.145883330E-04
-8.135591634E-04
-8.124969900E-04
-8.114010561E-04
-8.102704305E-04
-8.091042400E-04
-8.079013787E-04
-8.066607406E-04
-8.053811616E-04
-8.040614193E-04
-8.027000586E-04
-8.012955659E-04
-7.998463698E-04
-7.983506657E-04
-7.968064747E-04
-7.952116430E-04
-7.935637841E-04
-7.918603369E-04
-7.900982164E-04
-7.882742211E-04
-7.863846258E-04
-7.844251231E-04
-7.823907654E-04
-7.802759646E-04
-7.780739688E-04
-7.757769199E-04
-7.733749808E-04
-7.708563935E-04
-7.682059659E-04
-7.654037909E-04
-7.624226273E-04
-7.592232432E-04
-7.557420176E-04
-7.518654456E-04
-7.472636062E-04
-8.342454094E-04
-8.342292858E-04
-8.341920911E-04
-8.341337671E-04
-8.340542554E-04
-8.339534979E-04
-8.338315529E-04
-8.336883620E-04
-8.335237508E-04
-8.333377191E-04
-8.331301506E-04
-8.329009870E-04
-8.326501120E-04
-8.323773509E-04
-8.320827037E-04
-8.317659376E-04
-8.314269362E-04
-8.310655248E-04
-8.306815871E-04
-8.302748902E-04
-8.298452012E-04
-8.293924038E-04
-8.289162070E-04
-8.284163778E-04
-8.278926834E-04
-8.273448911E-04
-8.267726516E-04
-8.261757321E-04
-8.255537250E-04
-8.249063976E-04
-8.242332842E-04
-8.235340356E-04
-8.228083025E-04
-8.220556774E-04
-8.212755783E-04
-8.204676560E-04
-8.196313283E-04
-8.187660715E-04
-8.178713615E-04
-8.169465000E-04
-8.159909630E-04
-8.150039357E-04
-8.139847778E-04
-8.129326743E-04
-8.118468104E-04
-8.107262547E-04
-8.095700759E-04
-8.083772846E-04
-8.071467164E-04
-8.058772655E-04
-8.045675931E-04
-8.032163023E-04
-8.018219378E-04
-8.003828116E-04
-7.988971774E-04
-7.973630563E-04
-7.957783528E-04
-7.941406220E-04
-7.924472447E-04
-7.906952524E-04
-7.888813852E-04
-7.870019181E-04
-7.850524853E-04
-7.830283139E-04
-7.809236413E-04
-7.787318318E-04
-7.764448528E-04
-7.740531582E-04
-7.715446991E-04
-7.689043996E-04
-7.661124109E-04
-7.631414337E-04
-7.599522360E-04
-7.564811385E-04
-7.526148111E-04
-7.480231579E-04
