-7.941220538E-04
-7.040507044E-04
-7.048157859E-04
-7.095453329E-04
-7.137127104E-04
-7.173756603E-04
-7.207061280E-04
-7.237918326E-04
-7.266805624E-04
-7.294052048E-04
-7.319886354E-04
-7.344482583E-04
-7.367974031E-04
-7.390468381E-04
-7.412051782E-04
-7.432798739E-04
-7.452769787E-04
-7.472018478E-04
-7.490589051E-04
-7.508522249E-04
-7.525852998E-04
-7.542613312E-04
-7.558829966E-04
-7.574527990E-04
-7.589731249E-04
-7.604458951E-04
-7.618730306E-04
-7.632562192E-04
-7.645970909E-04
-7.658970426E-04
-7.671573549E-04
-7.683793665E-04
-7.695641834E-04
-7.707127952E-04
-7.718263078E-04
-7.729055360E-04
-7.739514112E-04
-7.749646902E-04
-7.759461878E-04
-7.768966025E-04
-7.778165746E-04
-7.787066861E-04
-7.795676356E-04
-7.803998888E-04
-7.812040276E-04
-7.819805178E-04
-7.827298250E-04
-7.834524149E-04
-7.841486367E-04
-7.848189562E-04
-7.854636642E-04
-7.860832266E-04
-7.866778760E-04
-7.872479036E-04
-7.877936587E-04
-7.883154321E-04
-7.888134569E-04
-7.892880240E-04
-7.897392497E-04
-7.901674253E-04
-7.905727834E-04
-7.909554988E-04
-7.913156878E-04
-7.916535833E-04
-7.919692434E-04
-7.922629593E-04
-7.925347309E-04
-7.927847910E-04
-7.930131396E-04
-7.932198932E-04
-7.934052264E-04
-7.935691392E-04
-7.937116898E-04
-7.938330527E-04
-7.939331117E-04
-7.940120413E-04
-7.940698415E-04
-7.941065123E-04
-7.941164658E-04
-7.940898067E-04
-7.940420764E-04
-7.939731586E-04
-7.938830531E-04
-7.937717019E-04
-7.936391630E-04
-7.934852038E-04
-7.933099405E-04
-7.931131404E-04
-7.928948035E-04
-7.926547551E-04
-7.923929952E-04
-7.921092911E-04
-7.918035844E-04
-7.914757589E-04
-7.911255234E-04
-7.907528779E-04
-7.903575315E-04
-7.899393677E-04
-7.894980954E-04
-7.890335983E-04
-7.885455852E-04
-7.880338817E-04
-7.874980802E-04
-7.869380643E-04
-7.863534265E-04
-7.857439341E-04
-7.851092378E-04
-7.844489883E-04
-7.837627782E-04
-7.830502000E-04
-7.823109627E-04
-7.815444842E-04
-7.807504153E-04
-7.799281739E-04
-7.790772943E-04
-7.781971944E-04
-7.772872923E-04
-7.763469475E-04
-7.753755199E-04
-7.743722526E-04
-7.733364473E-04
-7.722672890E-04
-7.711638464E-04
-7.700253045E-04
-7.688505575E-04
-7.676386158E-04
-7.663883734E-04
-7.650984917E-04
-7.637677481E-04
-7.623946294E-04
-7.609775639E-04
-7.595149218E-04
-7.580047240E-04
-7.564449916E-04
-7.548334543E-04
-7.531675510E-04
-7.514446042E-04
-7.496613543E-04
-7.478144253E-04
-7.458997425E-04
-7.439127658E-04
-7.418481982E-04
-7.396999863E-04
-7.374607376E-04
-7.351217209E-04
-7.326722844E-04
-7.300989819E-04
-7.273845258E-04
-7.245059824E-04
-7.214304642E-04
-7.181101828E-04
-7.144573610E-04
-7.103002863E-04
-7.941169315E-04
-7.940907963E-04
-7.940435898E-04
-7.939752541E-04
-7.938857307E-04
-7.937750197E-04
-7.936430629E-04
-7.934898604E-04
-7.933152374E-04
-7.931191940E-04
-7.929016137E-04
-7.926624967E-04
-7.924015517E-04
-7.921188371E-04
-7.918141782E-04
-7.914874004E-04
-7.911383873E-04
-7.907669642E-04
-7.903729565E-04
-7.899562479E-04
-7.895165472E-04
-7.890536799E-04
-7.885674131E-04
-7.880575722E-04
-7.875238080E-04
-7.869659457E-04
-7.863836363E-04
-7.857765886E-04
-7.851445116E-04
-7.844869979E-04
-7.838038146E-04
-7.830944378E-04
-7.823585765E-04
-7.815957069E-04
-7.808054797E-04
-7.799873129E-04
-7.791407988E-04
-7.782652974E-04
-7.773603429E-04
-7.764252368E-04
-7.754593971E-04
-7.744620671E-04
-7.734326064E-04
-7.723701419E-04
-7.712738588E-04
-7.701429422E-04
-7.689763443E-04
-7.677731337E-04
-7.665320882E-04
-7.652521017E-04
-7.639318937E-04
-7.625700091E-04
-7.611650508E-04
-7.597152726E-04
-7.582190447E-04
-7.566742133E-04
-7.550787413E-04
-7.534303004E-04
-7.517260965E-04
-7.499632775E-04
-7.481385255E-04
-7.462481735E-04
-7.442877977E-04
-7.422526251E-04
-7.401368930E-04
-7.379340241E-04
-7.356359274E-04
-7.332329988E-04
-7.307133637E-04
-7.280617720E-04
-7.252584910E-04
-7.222761633E-04
-7.190755568E-04
-7.155929925E-04
-7.117151399E-04
-7.071120199E-04
-7.941218792E-04
-7.941058138E-04
-7.940685609E-04
-7.940102369E-04
-7.939307252E-04
-7.938300259E-04
-7.937080809E-04
-7.935648318E-04
-7.934002788E-04
-7.932141889E-04
-7.930066786E-04
-7.927775150E-04
-7.925265818E-04
-7.922538789E-04
-7.919592317E-04
-7.916424656E-04
-7.913034642E-04
-7.909420528E-04
-7.905580569E-04
-7.901513018E-04
-7.897216128E-04
-7.892688154E-04
-7.887925603E-04
-7.882927312E-04
-7.877689786E-04
-7.872211281E-04
-7.866488304E-04
-7.860518526E-04
-7.854297874E-04
-7.847823435E-04
-7.841091137E-04
-7.834098069E-04
-7.826839574E-04
-7.819311577E-04
-7.811509422E-04
-7.803428452E-04
-7.795063430E-04
-7.786409114E-04
-7.777459687E-04
-7.768209325E-04
-7.758651627E-04
-7.748779026E-04
-7.738584536E-04
-7.728060591E-04
-7.717199042E-04
-7.705989992E-04
-7.694425294E-04
-7.682493306E-04
-7.670183550E-04
-7.657484966E-04
-7.644383586E-04
-7.630866021E-04
-7.616917137E-04
-7.602520636E-04
-7.587659056E-04
-7.572312024E-04
-7.556458586E-04
-7.540074876E-04
-7.523134118E-04
-7.505607209E-04
-7.487460971E-04
-7.468658150E-04
-7.449155673E-04
-7.428905810E-04
-7.407849771E-04
-7.385922363E-04
-7.363042678E-04
-7.339115837E-04
-7.314020768E-04
-7.287606713E-04
-7.259675185E-04
-7.229953771E-04
-7.198049570E-04
-7.163325790E-04
-7.124649710E-04
-7.078720373E-04
