-7.711374783E-04
-6.818239344E-04
-6.810582709E-04
-7.711319486E-04
-7.711052895E-04
-7.710575010E-04
-7.709886413E-04
-7.708985358E-04
-7.707872428E-04
-7.706547040E-04
-7.705008611E-04
-7.703255978E-04
-7.701288559E-04
-7.699105190E-04
-7.696705870E-04
-7.694088272E-04
-7.691252395E-04
-7.688195910E-04
-7.684918237E-04
-7.681417046E-04
-7.677690592E-04
-7.673738291E-04
-7.669557235E-04
-7.665145677E-04
-7.660501287E-04
-7.655621739E-04
-7.650505286E-04
-7.645148435E-04
-7.639548858E-04
-7.633703644E-04
-7.627609302E-04
-7.621262921E-04
-7.614661008E-04
-7.607799489E-04
-7.600674871E-04
-7.593283080E-04
-7.585618878E-04
-7.577678771E-04
-7.569456939E-04
-7.560948143E-04
-7.552147727E-04
-7.543048705E-04
-7.533645839E-04
-7.523931563E-04
-7.513898890E-04
-7.503540837E-04
-7.492849254E-04
-7.481814828E-04
-7.470428827E-04
-7.458680775E-04
-7.446561358E-04
-7.434057770E-04
-7.421158371E-04
-7.407849771E-04
-7.394117420E-04
-7.379945600E-04
-7.365317433E-04
-7.350213709E-04
-7.334614638E-04
-7.318496937E-04
-7.301836158E-04
-7.284603780E-04
-7.266768953E-04
-7.248296752E-04
-7.229147013E-04
-7.209273754E-04
-7.188625168E-04
-7.167138974E-04
-7.144742412E-04
-7.121348171E-04
-7.096849149E-04
-7.071111468E-04
-7.043962250E-04
-7.015171577E-04
-6.984410575E-04
-6.951201940E-04
-6.914667902E-04
-6.873090751E-04
-6.865536561E-04
-6.907216157E-04
-6.943852059E-04
-6.977162557E-04
-7.008024841E-04
-7.036917377E-04
-7.064169040E-04
-7.090008003E-04
-7.114608889E-04
-7.138104411E-04
-7.160602836E-04
-7.182190311E-04
-7.202940760E-04
-7.222915301E-04
-7.242166903E-04
-7.260740385E-04
-7.278676494E-04
-7.296009571E-04
-7.312772213E-04
-7.328990614E-04
-7.344690966E-04
-7.359895390E-04
-7.374624838E-04
-7.388897939E-04
-7.402730989E-04
-7.416140870E-04
-7.429140969E-04
-7.441745256E-04
-7.453965954E-04
-7.465814124E-04
-7.477300824E-04
-7.488436531E-04
-7.499228814E-04
-7.509687566E-04
-7.519820938E-04
-7.529635332E-04
-7.539139478E-04
-7.548338617E-04
-7.557239733E-04
-7.565848646E-04
-7.574171177E-04
-7.582211983E-04
-7.589976303E-04
-7.597468793E-04
-7.604694110E-04
-7.611655747E-04
-7.618358359E-04
-7.624804857E-04
-7.630999316E-04
-7.636945229E-04
-7.642644923E-04
-7.648101891E-04
-7.653319044E-04
-7.658298709E-04
-7.663042634E-04
-7.667554892E-04
-7.671836065E-04
-7.675889065E-04
-7.679715054E-04
-7.683316362E-04
-7.686694735E-04
-7.689850754E-04
-7.692787331E-04
-7.695504464E-04
-7.698004483E-04
-7.700287388E-04
-7.702354924E-04
-7.704207674E-04
-7.705846219E-04
-7.707272307E-04
-7.708484773E-04
-7.709485944E-04
-7.710274658E-04
-7.710852660E-04
-7.711219369E-04
-7.711373619E-04
-7.711212384E-04
-7.710840437E-04
-7.710257196E-04
-7.709462079E-04
-7.708455669E-04
-7.707236218E-04
-7.705804310E-04
-7.704158779E-04
-7.702299044E-04
-7.700223941E-04
-7.697932888E-04
-7.695424720E-04
-7.692697691E-04
-7.689751801E-04
-7.686584722E-04
-7.683195290E-04
-7.679581759E-04
-7.675742963E-04
-7.671676576E-04
-7.667380269E-04
-7.662852877E-04
-7.658090908E-04
-7.653093198E-04
-7.647856837E-04
-7.642379496E-04
-7.636657101E-04
-7.630687905E-04
-7.624467835E-04
-7.617994561E-04
-7.611262845E-04
-7.604270359E-04
-7.597012445E-04
-7.589485031E-04
-7.581683458E-04
-7.573603070E-04
-7.565238629E-04
-7.556584897E-04
-7.547636051E-04
-7.538385689E-04
-7.528827991E-04
-7.518955390E-04
-7.508761482E-04
-7.498236955E-04
-7.487375406E-04
-7.476166356E-04
-7.464600494E-04
-7.452667924E-04
-7.440358168E-04
-7.427658420E-04
-7.414555876E-04
-7.401037146E-04
-7.387087098E-04
-7.372689433E-04
-7.357826107E-04
-7.342477329E-04
-7.326622144E-04
-7.310236106E-04
-7.293293020E-04
-7.275763783E-04
-7.257615216E-04
-7.238809485E-04
-7.219304098E-04
-7.199050160E-04
-7.177990628E-04
-7.156059728E-04
-7.133175968E-04
-7.109244470E-04
-7.084144745E-04
-7.057726034E-04
-7.029789849E-04
-7.000063197E-04
-6.968153175E-04
-6.933422992E-04
-6.894740509E-04
-6.848805351E-04
-7.711323560E-04
-7.711062208E-04
-7.710590144E-04
-7.709906786E-04
-7.709012134E-04
-7.707905024E-04
-7.706586039E-04
-7.705054013E-04
-7.703307783E-04
-7.701347931E-04
-7.699172711E-04
-7.696781540E-04
-7.694173255E-04
-7.691346691E-04
-7.688300102E-04
-7.685032906E-04
-7.681543357E-04
-7.677830290E-04
-7.673890796E-04
-7.669724291E-04
-7.665327867E-04
-7.660699775E-04
-7.655838272E-04
-7.650740445E-04
-7.645403384E-04
-7.639825344E-04
-7.634002832E-04
-7.627933519E-04
-7.621613331E-04
-7.615039358E-04
-7.608207525E-04
-7.601114921E-04
-7.593756309E-04
-7.586128777E-04
-7.578226505E-04
-7.570045418E-04
-7.561580860E-04
-7.552826428E-04
-7.543776883E-04
-7.534425822E-04
-7.524767425E-04
-7.514794124E-04
-7.504499517E-04
-7.493874873E-04
-7.482912042E-04
-7.471602294E-04
-7.459935732E-04
-7.447903045E-04
-7.435492007E-04
-7.422690978E-04
-7.409487735E-04
-7.395868306E-04
-7.381816977E-04
-7.367318030E-04
-7.352354005E-04
-7.336903946E-04
-7.320947479E-04
-7.304460160E-04
-7.287416374E-04
-7.269785856E-04
-7.251535426E-04
-7.232628413E-04
-7.213021745E-04
-7.192666526E-04
-7.171505713E-04
-7.149472949E-04
-7.126487908E-04
-7.102454547E-04
-7.077252958E-04
-7.050732384E-04
-7.022694335E-04
-6.992865819E-04
-6.960853934E-04
-6.926022470E-04
-6.887237541E-04
-6.841199938E-04
