-7.629402680E-04
-6.728605367E-04
-6.736263749E-04
-6.783560384E-04
-6.825242308E-04
-6.861879956E-04
-6.895192200E-04
-6.926056230E-04
-6.954950513E-04
-6.982203340E-04
-7.008044049E-04
-7.032646099E-04
-7.056142786E-04
-7.078641793E-04
-7.100230432E-04
-7.120982045E-04
-7.140957168E-04
-7.160208770E-04
-7.178783417E-04
-7.196720107E-04
-7.214053767E-04
-7.230816409E-04
-7.247035392E-04
-7.262735744E-04
-7.277940749E-04
-7.292670198E-04
-7.306943298E-04
-7.320776349E-04
-7.334186230E-04
-7.347186329E-04
-7.359790616E-04
-7.372010732E-04
-7.383859484E-04
-7.395345601E-04
-7.406480727E-04
-7.417273009E-04
-7.427731762E-04
-7.437863969E-04
-7.447678363E-04
-7.457181928E-04
-7.466381066E-04
-7.475281600E-04
-7.483889931E-04
-7.492211880E-04
-7.500252104E-04
-7.508016424E-04
-7.515508332E-04
-7.522732485E-04
-7.529694121E-04
-7.536395569E-04
-7.542842068E-04
-7.549035945E-04
-7.554981275E-04
-7.560680388E-04
-7.566136774E-04
-7.571353344E-04
-7.576332428E-04
-7.581076352E-04
-7.585588028E-04
-7.589868619E-04
-7.593921036E-04
-7.597746444E-04
-7.601347752E-04
-7.604725542E-04
-7.607881562E-04
-7.610817556E-04
-7.613534690E-04
-7.616034127E-04
-7.618316449E-04
-7.620383985E-04
-7.622236153E-04
-7.623875281E-04
-7.625300204E-04
-7.626513252E-04
-7.627513842E-04
-7.628303138E-04
-7.628880558E-04
-7.629247266E-04
-7.629347383E-04
-7.629080792E-04
-7.628603489E-04
-7.627914310E-04
-7.627013838E-04
-7.625900907E-04
-7.624576101E-04
-7.623037091E-04
-7.621285040E-04
-7.619317621E-04
-7.617135416E-04
-7.614736096E-04
-7.612119080E-04
-7.609283202E-04
-7.606227300E-04
-7.602949627E-04
-7.599449018E-04
-7.595723728E-04
-7.591771428E-04
-7.587590953E-04
-7.583179395E-04
-7.578536170E-04
-7.573657203E-04
-7.568540750E-04
-7.563185063E-04
-7.557586068E-04
-7.551740855E-04
-7.545647095E-04
-7.539301296E-04
-7.532699965E-04
-7.525839028E-04
-7.518714992E-04
-7.511323784E-04
-7.503660163E-04
-7.495720638E-04
-7.487499388E-04
-7.478991174E-04
-7.470190758E-04
-7.461092900E-04
-7.451690035E-04
-7.441976340E-04
-7.431944250E-04
-7.421586197E-04
-7.410894614E-04
-7.399860770E-04
-7.388474769E-04
-7.376727299E-04
-7.364607882E-04
-7.352104876E-04
-7.339205476E-04
-7.325896877E-04
-7.312164526E-04
-7.297992706E-04
-7.283363957E-04
-7.268260233E-04
-7.252661162E-04
-7.236543461E-04
-7.219882100E-04
-7.202649140E-04
-7.184813730E-04
-7.166340947E-04
-7.147190627E-04
-7.127316785E-04
-7.106667035E-04
-7.085179677E-04
-7.062782533E-04
-7.039387128E-04
-7.014886942E-04
-6.989148096E-04
-6.961997133E-04
-6.933204713E-04
-6.902442547E-04
-6.869232166E-04
-6.832696381E-04
-6.791117485E-04
-7.629351458E-04
-7.629090105E-04
-7.628618041E-04
-7.627934683E-04
-7.627040031E-04
-7.625933504E-04
-7.624614518E-04
-7.623082493E-04
-7.621336845E-04
-7.619376993E-04
-7.617202355E-04
-7.614811184E-04
-7.612203481E-04
-7.609376917E-04
-7.606330910E-04
-7.603064296E-04
-7.599575329E-04
-7.595862262E-04
-7.591923350E-04
-7.587756845E-04
-7.583361003E-04
-7.578733494E-04
-7.573872572E-04
-7.568774745E-04
-7.563438849E-04
-7.557861391E-04
-7.552039460E-04
-7.545970147E-04
-7.539650542E-04
-7.533077151E-04
-7.526245899E-04
-7.519153878E-04
-7.511795848E-04
-7.504168316E-04
-7.496267208E-04
-7.488086703E-04
-7.479622145E-04
-7.470868295E-04
-7.461818750E-04
-7.452468853E-04
-7.442810456E-04
-7.432837738E-04
-7.422543713E-04
-7.411919069E-04
-7.400956820E-04
-7.389647071E-04
-7.377981092E-04
-7.365947822E-04
-7.353537367E-04
-7.340736338E-04
-7.327533094E-04
-7.313913666E-04
-7.299862336E-04
-7.285363390E-04
-7.270398783E-04
-7.254949305E-04
-7.238992257E-04
-7.222504937E-04
-7.205459988E-04
-7.187828887E-04
-7.169577875E-04
-7.150670281E-04
-7.131063030E-04
-7.110706647E-04
-7.089545252E-04
-7.067511324E-04
-7.044525701E-04
-7.020490593E-04
-6.995287840E-04
-6.968766102E-04
-6.940726307E-04
-6.910896045E-04
-6.878882996E-04
-6.844049785E-04
-6.805262528E-04
-6.759223179E-04
-7.629401516E-04
-7.629240281E-04
-7.628868334E-04
-7.628285093E-04
-7.627490559E-04
-7.626484148E-04
-7.625265280E-04
-7.623833371E-04
-7.622187841E-04
-7.620328106E-04
-7.618253585E-04
-7.615962531E-04
-7.613454945E-04
-7.610728499E-04
-7.607783191E-04
-7.604616112E-04
-7.601227262E-04
-7.597614313E-04
-7.593776099E-04
-7.589709712E-04
-7.585413987E-04
-7.580887177E-04
-7.576126372E-04
-7.571128663E-04
-7.565892884E-04
-7.560416125E-04
-7.554694312E-04
-7.548725698E-04
-7.542506210E-04
-7.536032936E-04
-7.529302384E-04
-7.522310480E-04
-7.515053148E-04
-7.507526316E-04
-7.499725325E-04
-7.491645520E-04
-7.483281079E-04
-7.474627928E-04
-7.465679664E-04
-7.456429885E-04
-7.446872187E-04
-7.437000168E-04
-7.426806260E-04
-7.416282897E-04
-7.405421347E-04
-7.394212298E-04
-7.382647018E-04
-7.370715030E-04
-7.358405273E-04
-7.345704944E-04
-7.332602981E-04
-7.319084252E-04
-7.305134204E-04
-7.290736539E-04
-7.275872631E-04
-7.260523853E-04
-7.244668086E-04
-7.228282047E-04
-7.211338961E-04
-7.193809142E-04
-7.175659412E-04
-7.156853098E-04
-7.137347129E-04
-7.117092609E-04
-7.096032496E-04
-7.074100431E-04
-7.051215507E-04
-7.027282845E-04
-7.002181956E-04
-6.975762080E-04
-6.947824149E-04
-6.918095751E-04
-6.886183983E-04
-6.851452636E-04
-6.812768406E-04
-6.766830920E-04
