-7.648462197E-04
-6.755320355E-04
-6.747666048E-04
-7.648406317E-04
-7.648139726E-04
-7.647662424E-04
-7.646973245E-04
-7.646072772E-04
-7.644959842E-04
-7.643634453E-04
-7.642096025E-04
-7.640343392E-04
-7.638376555E-04
-7.636193768E-04
-7.633794448E-04
-7.631177432E-04
-7.628341555E-04
-7.625285070E-04
-7.622007397E-04
-7.618506788E-04
-7.614780916E-04
-7.610828616E-04
-7.606648142E-04
-7.602236583E-04
-7.597592776E-04
-7.592713810E-04
-7.587597938E-04
-7.582241087E-04
-7.576642092E-04
-7.570796879E-04
-7.564703119E-04
-7.558357320E-04
-7.551755989E-04
-7.544894470E-04
-7.537770434E-04
-7.530378643E-04
-7.522715023E-04
-7.514774916E-04
-7.506553666E-04
-7.498045452E-04
-7.489245036E-04
-7.480146596E-04
-7.470743731E-04
-7.461030036E-04
-7.450997946E-04
-7.440639893E-04
-7.429948309E-04
-7.418913883E-04
-7.407527883E-04
-7.395780412E-04
-7.383660995E-04
-7.371157408E-04
-7.358258008E-04
-7.344949408E-04
-7.331217057E-04
-7.317045238E-04
-7.302416489E-04
-7.287312765E-04
-7.271713694E-04
-7.255595992E-04
-7.238934631E-04
-7.221701671E-04
-7.203866844E-04
-7.185394061E-04
-7.166243740E-04
-7.146369899E-04
-7.125720149E-04
-7.104233373E-04
-7.081836229E-04
-7.058440824E-04
-7.033941220E-04
-7.008202374E-04
-6.981051993E-04
-6.952259573E-04
-6.921497989E-04
-6.888287608E-04
-6.851752405E-04
-6.810173509E-04
-6.802621065E-04
-6.844302407E-04
-6.880939472E-04
-6.914251717E-04
-6.945115165E-04
-6.974008866E-04
-7.001261692E-04
-7.027101819E-04
-7.051703287E-04
-7.075199974E-04
-7.097698981E-04
-7.119287620E-04
-7.140038651E-04
-7.160013192E-04
-7.179265376E-04
-7.197839441E-04
-7.215776131E-04
-7.233109791E-04
-7.249872433E-04
-7.266091416E-04
-7.281791768E-04
-7.296996191E-04
-7.311725640E-04
-7.325998740E-04
-7.339831791E-04
-7.353241672E-04
-7.366241771E-04
-7.378846058E-04
-7.391066756E-04
-7.402914925E-04
-7.414401625E-04
-7.425536751E-04
-7.436329033E-04
-7.446787786E-04
-7.456919993E-04
-7.466734969E-04
-7.476238534E-04
-7.485437091E-04
-7.494338206E-04
-7.502946537E-04
-7.511268486E-04
-7.519309293E-04
-7.527073030E-04
-7.534564938E-04
-7.541789673E-04
-7.548751310E-04
-7.555453340E-04
-7.561899256E-04
-7.568093715E-04
-7.574039046E-04
-7.579738158E-04
-7.585195126E-04
-7.590411697E-04
-7.595390780E-04
-7.600134704E-04
-7.604646380E-04
-7.608926971E-04
-7.612979389E-04
-7.616805378E-04
-7.620406104E-04
-7.623783895E-04
-7.626940496E-04
-7.629876491E-04
-7.632593624E-04
-7.635093061E-04
-7.637375966E-04
-7.639442920E-04
-7.641295670E-04
-7.642934215E-04
-7.644359721E-04
-7.645572769E-04
-7.646573358E-04
-7.647362072E-04
-7.647940074E-04
-7.648306200E-04
-7.648460451E-04
-7.648299797E-04
-7.647927850E-04
-7.647344610E-04
-7.646549493E-04
-7.645543083E-04
-7.644324214E-04
-7.642892306E-04
-7.641246775E-04
-7.639387040E-04
-7.637311937E-04
-7.635020884E-04
-7.632513298E-04
-7.629786851E-04
-7.626840961E-04
-7.623674464E-04
-7.620285032E-04
-7.616672083E-04
-7.612833288E-04
-7.608766900E-04
-7.604471175E-04
-7.599944365E-04
-7.595182979E-04
-7.590185851E-04
-7.584949490E-04
-7.579472149E-04
-7.573750336E-04
-7.567781722E-04
-7.561562234E-04
-7.555088960E-04
-7.548357826E-04
-7.541365921E-04
-7.534108008E-04
-7.526581176E-04
-7.518780185E-04
-7.510699797E-04
-7.502335939E-04
-7.493682206E-04
-7.484733360E-04
-7.475483580E-04
-7.465926465E-04
-7.456053863E-04
-7.445859956E-04
-7.435336011E-04
-7.424474461E-04
-7.413265412E-04
-7.401700132E-04
-7.389768143E-04
-7.377457805E-04
-7.364758058E-04
-7.351656095E-04
-7.338136784E-04
-7.324187318E-04
-7.309789071E-04
-7.294925745E-04
-7.279576384E-04
-7.263721200E-04
-7.247334579E-04
-7.230391493E-04
-7.212861674E-04
-7.194712525E-04
-7.175906212E-04
-7.156400243E-04
-7.136145723E-04
-7.115085609E-04
-7.093153545E-04
-7.070269203E-04
-7.046336541E-04
-7.021236233E-04
-6.994816358E-04
-6.966878427E-04
-6.937150611E-04
-6.905239425E-04
-6.870508078E-04
-6.831824430E-04
-6.785886944E-04
-7.648410392E-04
-7.648149622E-04
-7.647677558E-04
-7.646994200E-04
-7.646099548E-04
-7.644992438E-04
-7.643673453E-04
-7.642141427E-04
-7.640396361E-04
-7.638436509E-04
-7.636261289E-04
-7.633870118E-04
-7.631262415E-04
-7.628435851E-04
-7.625389844E-04
-7.622123230E-04
-7.618633681E-04
-7.614920614E-04
-7.610981702E-04
-7.606815198E-04
-7.602419355E-04
-7.597791846E-04
-7.592930342E-04
-7.587833097E-04
-7.582496619E-04
-7.576919161E-04
-7.571097231E-04
-7.565027918E-04
-7.558708312E-04
-7.552134339E-04
-7.545303088E-04
-7.538210484E-04
-7.530853036E-04
-7.523225504E-04
-7.515323814E-04
-7.507143309E-04
-7.498678751E-04
-7.489924901E-04
-7.480875356E-04
-7.471524877E-04
-7.461867062E-04
-7.451893762E-04
-7.441599155E-04
-7.430975093E-04
-7.420012262E-04
-7.408702513E-04
-7.397036534E-04
-7.385003846E-04
-7.372592809E-04
-7.359791780E-04
-7.346589118E-04
-7.332969690E-04
-7.318918360E-04
-7.304419414E-04
-7.289454807E-04
-7.274004747E-04
-7.258047699E-04
-7.241560379E-04
-7.224516012E-04
-7.206884911E-04
-7.188634481E-04
-7.169726887E-04
-7.150119636E-04
-7.129763835E-04
-7.108601858E-04
-7.086568512E-04
-7.063582889E-04
-7.039548364E-04
-7.014346193E-04
-6.987824454E-04
-6.959785242E-04
-6.929955562E-04
-6.897941930E-04
-6.863109302E-04
-6.824322627E-04
-6.778283860E-04
