-7.754848339E-04
-6.854064995E-04
-6.861719885E-04
-6.909017102E-04
-6.950695533E-04
-6.987330271E-04
-7.020640187E-04
-7.051501307E-04
-7.080393261E-04
-7.107643760E-04
-7.133482140E-04
-7.158082444E-04
-7.181577384E-04
-7.204074645E-04
-7.225662121E-04
-7.246411988E-04
-7.266385364E-04
-7.285636384E-04
-7.304209867E-04
-7.322145393E-04
-7.339478470E-04
-7.356240530E-04
-7.372458931E-04
-7.388158701E-04
-7.403363124E-04
-7.418091991E-04
-7.432365092E-04
-7.446198142E-04
-7.459607441E-04
-7.472608122E-04
-7.485212409E-04
-7.497432525E-04
-7.509281277E-04
-7.520767977E-04
-7.531903102E-04
-7.542695967E-04
-7.553154719E-04
-7.563288091E-04
-7.573103067E-04
-7.582607213E-04
-7.591806352E-04
-7.600708050E-04
-7.609316963E-04
-7.617639494E-04
-7.625680300E-04
-7.633445202E-04
-7.640937692E-04
-7.648163009E-04
-7.655125228E-04
-7.661827840E-04
-7.668274338E-04
-7.674469380E-04
-7.680415292E-04
-7.686114986E-04
-7.691572537E-04
-7.696789689E-04
-7.701769355E-04
-7.706513861E-04
-7.711026119E-04
-7.715307293E-04
-7.719360292E-04
-7.723186864E-04
-7.726788172E-04
-7.730166544E-04
-7.733323146E-04
-7.736259722E-04
-7.738977438E-04
-7.741477457E-04
-7.743760361E-04
-7.745827897E-04
-7.747680647E-04
-7.749319775E-04
-7.750745281E-04
-7.751958328E-04
-7.752959500E-04
-7.753748214E-04
-7.754326216E-04
-7.754692924E-04
-7.754792459E-04
-7.754526450E-04
-7.754048565E-04
-7.753359387E-04
-7.752458914E-04
-7.751345984E-04
-7.750020013E-04
-7.748481585E-04
-7.746728370E-04
-7.744760951E-04
-7.742578164E-04
-7.740178262E-04
-7.737560663E-04
-7.734724786E-04
-7.731668302E-04
-7.728390046E-04
-7.724888274E-04
-7.721162401E-04
-7.717209519E-04
-7.713028463E-04
-7.708616322E-04
-7.703971933E-04
-7.699092384E-04
-7.693975349E-04
-7.688618498E-04
-7.683018921E-04
-7.677173126E-04
-7.671078783E-04
-7.664731820E-04
-7.658129907E-04
-7.651268388E-04
-7.644143188E-04
-7.636750815E-04
-7.629087195E-04
-7.621146506E-04
-7.612924092E-04
-7.604415878E-04
-7.595614879E-04
-7.586515858E-04
-7.577112410E-04
-7.567398134E-04
-7.557365461E-04
-7.547007408E-04
-7.536315243E-04
-7.525280816E-04
-7.513894816E-04
-7.502147346E-04
-7.490027347E-04
-7.477523759E-04
-7.464624359E-04
-7.451315760E-04
-7.437583408E-04
-7.423412171E-04
-7.408784004E-04
-7.393680280E-04
-7.378081791E-04
-7.361964672E-04
-7.345303893E-04
-7.328072097E-04
-7.310237270E-04
-7.291765651E-04
-7.272615912E-04
-7.252743817E-04
-7.232095231E-04
-7.210609620E-04
-7.188213640E-04
-7.164820563E-04
-7.140322123E-04
-7.114585023E-04
-7.087436970E-04
-7.058646879E-04
-7.027887041E-04
-6.994679570E-04
-6.958146114E-04
-6.916570128E-04
-7.754796534E-04
-7.754535764E-04
-7.754063699E-04
-7.753380341E-04
-7.752485108E-04
-7.751378580E-04
-7.750059012E-04
-7.748526987E-04
-7.746781339E-04
-7.744820905E-04
-7.742645685E-04
-7.740254514E-04
-7.737645647E-04
-7.734819083E-04
-7.731772494E-04
-7.728505298E-04
-7.725015748E-04
-7.721302100E-04
-7.717362605E-04
-7.713195519E-04
-7.708799094E-04
-7.704171003E-04
-7.699308917E-04
-7.694211090E-04
-7.688874030E-04
-7.683295989E-04
-7.677472895E-04
-7.671403000E-04
-7.665082812E-04
-7.658508257E-04
-7.651676424E-04
-7.644583820E-04
-7.637225208E-04
-7.629597094E-04
-7.621694822E-04
-7.613513735E-04
-7.605048595E-04
-7.596294163E-04
-7.587244036E-04
-7.577893557E-04
-7.568235160E-04
-7.558261859E-04
-7.547966670E-04
-7.537342026E-04
-7.526379195E-04
-7.515068864E-04
-7.503402885E-04
-7.491369615E-04
-7.478958578E-04
-7.466158131E-04
-7.452954887E-04
-7.439335459E-04
-7.425284712E-04
-7.410785765E-04
-7.395821740E-04
-7.380372263E-04
-7.364415796E-04
-7.347929059E-04
-7.330885273E-04
-7.313254755E-04
-7.295004907E-04
-7.276098477E-04
-7.256492390E-04
-7.236137171E-04
-7.214976940E-04
-7.192944759E-04
-7.169960882E-04
-7.145928103E-04
-7.120727096E-04
-7.094207685E-04
-7.066170219E-04
-7.036342868E-04
-7.004331565E-04
-6.969501264E-04
-6.930717500E-04
-6.884681061E-04
-7.754846592E-04
-7.754685939E-04
-7.754313992E-04
-7.753730169E-04
-7.752935635E-04
-7.751928642E-04
-7.750709774E-04
-7.749277283E-04
-7.747631753E-04
-7.745772018E-04
-7.743696333E-04
-7.741405279E-04
-7.738897111E-04
-7.736170082E-04
-7.733224193E-04
-7.730056532E-04
-7.726667100E-04
-7.723053568E-04
-7.719214191E-04
-7.715147221E-04
-7.710851496E-04
-7.706323522E-04
-7.701561553E-04
-7.696563844E-04
-7.691326900E-04
-7.685848977E-04
-7.680126582E-04
-7.674157387E-04
-7.667937316E-04
-7.661462878E-04
-7.654731744E-04
-7.647739258E-04
-7.640480762E-04
-7.632953348E-04
-7.625151193E-04
-7.617070805E-04
-7.608706364E-04
-7.600052049E-04
-7.591103204E-04
-7.581852842E-04
-7.572294562E-04
-7.562421961E-04
-7.552227471E-04
-7.541703526E-04
-7.530841394E-04
-7.519632345E-04
-7.508067065E-04
-7.496134494E-04
-7.483824156E-04
-7.471124409E-04
-7.458022446E-04
-7.444503717E-04
-7.430553669E-04
-7.416156004E-04
-7.401292678E-04
-7.385944482E-04
-7.370089297E-04
-7.353703841E-04
-7.336760755E-04
-7.319232100E-04
-7.301083533E-04
-7.282278384E-04
-7.262773579E-04
-7.242520223E-04
-7.221461274E-04
-7.199530955E-04
-7.176647778E-04
-7.152716862E-04
-7.127618301E-04
-7.101200172E-04
-7.073264569E-04
-7.043539081E-04
-7.011629641E-04
-6.976901204E-04
-6.938219303E-04
-6.892285310E-04
