-9.204713278E-04
-8.305174997E-04
-8.312889258E-04
-8.360075881E-04
-8.401704254E-04
-8.438290679E-04
-8.471553447E-04
-8.502369164E-04
-8.531216881E-04
-8.558424888E-04
-8.584221941E-04
-8.608781500E-04
-8.632238023E-04
-8.654698031E-04
-8.676248835E-04
-8.696963778E-04
-8.716903976E-04
-8.736122400E-04
-8.754663868E-04
-8.772569709E-04
-8.789873682E-04
-8.806607802E-04
-8.822799427E-04
-8.838473586E-04
-8.853652980E-04
-8.868358564E-04
-8.882608381E-04
-8.896419895E-04
-8.909808239E-04
-8.922788547E-04
-8.935373626E-04
-8.947576280E-04
-8.959407569E-04
-8.970877388E-04
-8.981996798E-04
-8.992774528E-04
-9.003219311E-04
-9.013338713E-04
-9.023140883E-04
-9.032632224E-04
-9.041820304E-04
-9.050710942E-04
-9.059309377E-04
-9.067622013E-04
-9.075654089E-04
-9.083409677E-04
-9.090894018E-04
-9.098111768E-04
-9.105066420E-04
-9.111762047E-04
-9.118202724E-04
-9.124391363E-04
-9.130331455E-04
-9.136026492E-04
-9.141478804E-04
-9.146691882E-04
-9.151667473E-04
-9.156407905E-04
-9.160916670E-04
-9.165194933E-04
-9.169244440E-04
-9.173068102E-04
-9.176667081E-04
-9.180043126E-04
-9.183197981E-04
-9.186132811E-04
-9.188848780E-04
-9.191347053E-04
-9.193628794E-04
-9.195695166E-04
-9.197547333E-04
-9.199185297E-04
-9.200610803E-04
-9.201823268E-04
-9.202823858E-04
-9.203612572E-04
-9.204190574E-04
-9.204557282E-04
-9.204657981E-04
-9.204391972E-04
-9.203915251E-04
-9.203227237E-04
-9.202327346E-04
-9.201215580E-04
-9.199891356E-04
-9.198354091E-04
-9.196603205E-04
-9.194637532E-04
-9.192456491E-04
-9.190058918E-04
-9.187444230E-04
-9.184610099E-04
-9.181556525E-04
-9.178281180E-04
-9.174783481E-04
-9.171060519E-04
-9.167111712E-04
-9.162934730E-04
-9.158527246E-04
-9.153886931E-04
-9.149012621E-04
-9.143900825E-04
-9.138549794E-04
-9.132956038E-04
-9.127116646E-04
-9.121028706E-04
-9.114689310E-04
-9.108094964E-04
-9.101241594E-04
-9.094125126E-04
-9.086741484E-04
-9.079087176E-04
-9.071156383E-04
-9.062945028E-04
-9.054447873E-04
-9.045658517E-04
-9.036572301E-04
-9.027181659E-04
-9.017481352E-04
-9.007463232E-04
-8.997119730E-04
-8.986443863E-04
-8.975425735E-04
-8.964057197E-04
-8.952327771E-04
-8.940226980E-04
-8.927743183E-04
-8.914864738E-04
-8.901577676E-04
-8.887868025E-04
-8.873720071E-04
-8.859116351E-04
-8.844038821E-04
-8.828465943E-04
-8.812376764E-04
-8.795744507E-04
-8.778542397E-04
-8.760739001E-04
-8.742299397E-04
-8.723183419E-04
-8.703345084E-04
-8.682732587E-04
-8.661283646E-04
-8.638926083E-04
-8.615572006E-04
-8.591114893E-04
-8.565420285E-04
-8.538315305E-04
-8.509570034E-04
-8.478856762E-04
-8.445697022E-04
-8.409213042E-04
-8.367687697E-04
-9.204661474E-04
-9.204400121E-04
-9.203928057E-04
-9.203244699E-04
-9.202350047E-04
-9.201243520E-04
-9.199924534E-04
-9.198393091E-04
-9.196648025E-04
-9.194688755E-04
-9.192514699E-04
-9.190124692E-04
-9.187517571E-04
-9.184692753E-04
-9.181648493E-04
-9.178383043E-04
-9.174895822E-04
-9.171184502E-04
-9.167247918E-04
-9.163084324E-04
-9.158691391E-04
-9.154066793E-04
-9.149208781E-04
-9.144115029E-04
-9.138782625E-04
-9.133209824E-04
-9.127392550E-04
-9.121328476E-04
-9.115014109E-04
-9.108446538E-04
-9.101621690E-04
-9.094536072E-04
-9.087185608E-04
-9.079566225E-04
-9.071672685E-04
-9.063501493E-04
-9.055046248E-04
-9.046302293E-04
-9.037263808E-04
-9.027924971E-04
-9.018278797E-04
-9.008318884E-04
-8.998038247E-04
-8.987428155E-04
-8.976480458E-04
-8.965187008E-04
-8.953537326E-04
-8.941522101E-04
-8.929129690E-04
-8.916348452E-04
-8.903166163E-04
-8.889567689E-04
-8.875539061E-04
-8.861063980E-04
-8.846123819E-04
-8.830699371E-04
-8.814769681E-04
-8.798310300E-04
-8.781295037E-04
-8.763694204E-04
-8.745475207E-04
-8.726600208E-04
-8.707027300E-04
-8.686707006E-04
-8.665582282E-04
-8.643586771E-04
-8.620640729E-04
-8.596647531E-04
-8.571487269E-04
-8.545009769E-04
-8.517015958E-04
-8.487232844E-04
-8.455268689E-04
-8.420486120E-04
-8.381751250E-04
-8.335765451E-04
-9.204712114E-04
-9.204551461E-04
-9.204180096E-04
-9.203597438E-04
-9.202803485E-04
-9.201798239E-04
-9.200579952E-04
-9.199149208E-04
-9.197505424E-04
-9.195647435E-04
-9.193574078E-04
-9.191284771E-04
-9.188778931E-04
-9.186054231E-04
-9.183111251E-04
-9.179946501E-04
-9.176559979E-04
-9.172949940E-04
-9.169114637E-04
-9.165051742E-04
-9.160759510E-04
-9.156236192E-04
-9.151479462E-04
-9.146486409E-04
-9.141255287E-04
-9.135783184E-04
-9.130067192E-04
-9.124103817E-04
-9.117890731E-04
-9.111424442E-04
-9.104700875E-04
-9.097716538E-04
-9.090466774E-04
-9.082948673E-04
-9.075156413E-04
-9.067086503E-04
-9.058732539E-04
-9.050089866E-04
-9.041152662E-04
-9.031915106E-04
-9.022370796E-04
-9.012512164E-04
-9.002332808E-04
-8.991823997E-04
-8.980978164E-04
-8.969785995E-04
-8.958238177E-04
-8.946324233E-04
-8.934033685E-04
-8.921354311E-04
-8.908273303E-04
-8.894776693E-04
-8.880849928E-04
-8.866476128E-04
-8.851637831E-04
-8.836315828E-04
-8.820487419E-04
-8.804129902E-04
-8.787216502E-04
-8.769718115E-04
-8.751600981E-04
-8.732828428E-04
-8.713357383E-04
-8.693139534E-04
-8.672116674E-04
-8.650223608E-04
-8.627380012E-04
-8.603489259E-04
-8.578432025E-04
-8.552056970E-04
-8.524165023E-04
-8.494484937E-04
-8.462623227E-04
-8.427943103E-04
-8.389311261E-04
-8.343428490E-04
