-8.627857896E-04
-7.727689226E-04
-7.735376712E-04
-7.782611647E-04
-7.824260974E-04
-7.860867772E-04
-7.894150913E-04
-7.924986421E-04
-7.953852764E-04
-7.981079398E-04
-8.006894495E-04
-8.031472098E-04
-8.054946084E-04
-8.077422972E-04
-8.098990074E-04
-8.119720733E-04
-8.139676647E-04
-8.158910205E-04
-8.177466807E-04
-8.195386617E-04
-8.212703979E-04
-8.229451487E-04
-8.245656500E-04
-8.261342882E-04
-8.276535082E-04
-8.291252307E-04
-8.305513766E-04
-8.319336339E-04
-8.332735742E-04
-8.345726528E-04
-8.358322084E-04
-8.370534051E-04
-8.382374654E-04
-8.393853786E-04
-8.404982509E-04
-8.415768389E-04
-8.426221320E-04
-8.436348871E-04
-8.446158608E-04
-8.455657517E-04
-8.464852581E-04
-8.473749622E-04
-8.482355042E-04
-8.490674081E-04
-8.498711395E-04
-8.506473387E-04
-8.513962966E-04
-8.521185955E-04
-8.528145845E-04
-8.534846129E-04
-8.541291463E-04
-8.547484758E-04
-8.553428925E-04
-8.559128037E-04
-8.564584423E-04
-8.569800411E-04
-8.574779495E-04
-8.579523419E-04
-8.584035095E-04
-8.588315686E-04
-8.592368686E-04
-8.596194675E-04
-8.599795983E-04
-8.603174356E-04
-8.606330957E-04
-8.609266952E-04
-8.611984667E-04
-8.614484686E-04
-8.616768173E-04
-8.618835709E-04
-8.620688459E-04
-8.622327587E-04
-8.623753674E-04
-8.624966722E-04
-8.625967894E-04
-8.626757190E-04
-8.627335192E-04
-8.627701900E-04
-8.627802599E-04
-8.627536008E-04
-8.627058705E-04
-8.626369527E-04
-8.625469054E-04
-8.624356706E-04
-8.623031317E-04
-8.621492889E-04
-8.619740256E-04
-8.617772837E-04
-8.615590050E-04
-8.613190730E-04
-8.610573714E-04
-8.607737836E-04
-8.604681934E-04
-8.601404261E-04
-8.597903652E-04
-8.594177780E-04
-8.590226062E-04
-8.586045587E-04
-8.581634611E-04
-8.576991386E-04
-8.572113002E-04
-8.566997712E-04
-8.561642026E-04
-8.556044195E-04
-8.550200146E-04
-8.544107550E-04
-8.537763497E-04
-8.531163330E-04
-8.524304722E-04
-8.517182432E-04
-8.509793552E-04
-8.502132841E-04
-8.494195645E-04
-8.485977887E-04
-8.477473748E-04
-8.468677406E-04
-8.459583041E-04
-8.450185414E-04
-8.440476377E-04
-8.430450107E-04
-8.420098457E-04
-8.409413276E-04
-8.398386417E-04
-8.387007983E-04
-8.375268662E-04
-8.363157976E-04
-8.350663702E-04
-8.337774198E-04
-8.324476075E-04
-8.310755366E-04
-8.296595188E-04
-8.281979244E-04
-8.266888908E-04
-8.251303225E-04
-8.235200658E-04
-8.218554431E-04
-8.201338351E-04
-8.183520404E-04
-8.165065665E-04
-8.145933971E-04
-8.126079920E-04
-8.105451125E-04
-8.083985886E-04
-8.061610861E-04
-8.038239321E-04
-8.013763581E-04
-7.988050347E-04
-7.960926741E-04
-7.932162262E-04
-7.901428617E-04
-7.868248504E-04
-7.831743569E-04
-7.790196687E-04
-8.627806092E-04
-8.627544739E-04
-8.627072675E-04
-8.626388735E-04
-8.625493501E-04
-8.624386392E-04
-8.623067406E-04
-8.621534798E-04
-8.619789151E-04
-8.617828717E-04
-8.615653496E-04
-8.613261743E-04
-8.610653458E-04
-8.607826312E-04
-8.604780305E-04
-8.601512527E-04
-8.598022978E-04
-8.594309911E-04
-8.590370417E-04
-8.586203912E-04
-8.581808070E-04
-8.577180561E-04
-8.572319639E-04
-8.567221812E-04
-8.561886498E-04
-8.556309040E-04
-8.550487692E-04
-8.544419543E-04
-8.538100519E-04
-8.531528292E-04
-8.524698205E-04
-8.517607930E-04
-8.510251646E-04
-8.502626442E-04
-8.494727663E-04
-8.486550068E-04
-8.478088421E-04
-8.469338063E-04
-8.460292593E-04
-8.450946189E-04
-8.441293030E-04
-8.431324968E-04
-8.421036182E-04
-8.410417358E-04
-8.399461512E-04
-8.388158749E-04
-8.376500336E-04
-8.364475216E-04
-8.352072909E-04
-8.339281194E-04
-8.326088428E-04
-8.312478894E-04
-8.298439207E-04
-8.283951902E-04
-8.268999518E-04
-8.253562846E-04
-8.237620350E-04
-8.221147582E-04
-8.204118349E-04
-8.186503546E-04
-8.168269997E-04
-8.149380446E-04
-8.129792404E-04
-8.109455812E-04
-8.088315371E-04
-8.066302980E-04
-8.043340058E-04
-8.019329398E-04
-7.994151092E-04
-7.967655547E-04
-7.939642528E-04
-7.909840206E-04
-7.877855678E-04
-7.843052736E-04
-7.804297493E-04
-7.758288994E-04
-8.627856150E-04
-8.627695497E-04
-8.627323550E-04
-8.626740891E-04
-8.625945775E-04
-8.624939364E-04
-8.623720496E-04
-8.622288588E-04
-8.620643057E-04
-8.618783322E-04
-8.616708801E-04
-8.614417748E-04
-8.611909579E-04
-8.609183133E-04
-8.606237825E-04
-8.603070746E-04
-8.599681896E-04
-8.596068947E-04
-8.592230733E-04
-8.588164346E-04
-8.583869203E-04
-8.579342393E-04
-8.574581589E-04
-8.569585043E-04
-8.564349846E-04
-8.558873669E-04
-8.553153020E-04
-8.547185571E-04
-8.540967247E-04
-8.534495719E-04
-8.527766913E-04
-8.520776755E-04
-8.513521752E-04
-8.505997248E-04
-8.498199168E-04
-8.490122273E-04
-8.481761906E-04
-8.473112248E-04
-8.464168059E-04
-8.454922936E-04
-8.445370477E-04
-8.435503696E-04
-8.425315609E-04
-8.414798067E-04
-8.403943502E-04
-8.392741438E-04
-8.381184307E-04
-8.369260468E-04
-8.356959443E-04
-8.344269590E-04
-8.331177523E-04
-8.317669271E-04
-8.303730865E-04
-8.289345424E-04
-8.274494903E-04
-8.259159513E-04
-8.243318298E-04
-8.226946811E-04
-8.210019441E-04
-8.192506502E-04
-8.174374816E-04
-8.155587129E-04
-8.136100369E-04
-8.115866221E-04
-8.094827062E-04
-8.072917117E-04
-8.050056058E-04
-8.026147261E-04
-8.001071401E-04
-7.974677719E-04
-7.946767146E-04
-7.917067269E-04
-7.885185187E-04
-7.850484108E-04
-7.811831310E-04
-7.765925839E-04
