-7.617813535E-04
-6.717017386E-04
-6.724676350E-04
-6.771972985E-04
-6.813654909E-04
-6.850292557E-04
-6.883605383E-04
-6.914469413E-04
-6.943363696E-04
-6.970616523E-04
-6.996457232E-04
-7.021059864E-04
-7.044556551E-04
-7.067056140E-04
-7.088644779E-04
-7.109395810E-04
-7.129370933E-04
-7.148623117E-04
-7.167197764E-04
-7.185134455E-04
-7.202468114E-04
-7.219230756E-04
-7.235449739E-04
-7.251150091E-04
-7.266355096E-04
-7.281084545E-04
-7.295357645E-04
-7.309190696E-04
-7.322600577E-04
-7.335600676E-04
-7.348204963E-04
-7.360425079E-04
-7.372273249E-04
-7.383759948E-04
-7.394894492E-04
-7.405686774E-04
-7.416144945E-04
-7.426277734E-04
-7.436092128E-04
-7.445595693E-04
-7.454794249E-04
-7.463694783E-04
-7.472303114E-04
-7.480625063E-04
-7.488665287E-04
-7.496429025E-04
-7.503920933E-04
-7.511145086E-04
-7.518106722E-04
-7.524808170E-04
-7.531254087E-04
-7.537447964E-04
-7.543393294E-04
-7.549092406E-04
-7.554548793E-04
-7.559765363E-04
-7.564743864E-04
-7.569487789E-04
-7.573999465E-04
-7.578280056E-04
-7.582332473E-04
-7.586157881E-04
-7.589758607E-04
-7.593136397E-04
-7.596292417E-04
-7.599228411E-04
-7.601945545E-04
-7.604444982E-04
-7.606727886E-04
-7.608794840E-04
-7.610647008E-04
-7.612286136E-04
-7.613711059E-04
-7.614924107E-04
-7.615924696E-04
-7.616713992E-04
-7.617291412E-04
-7.617658121E-04
-7.617758238E-04
-7.617491647E-04
-7.617013762E-04
-7.616325165E-04
-7.615424693E-04
-7.614311762E-04
-7.612986956E-04
-7.611448527E-04
-7.609695895E-04
-7.607729058E-04
-7.605546270E-04
-7.603146951E-04
-7.600530516E-04
-7.597694639E-04
-7.594638737E-04
-7.591361064E-04
-7.587860455E-04
-7.584135165E-04
-7.580182864E-04
-7.576002390E-04
-7.571591414E-04
-7.566947606E-04
-7.562069222E-04
-7.556953351E-04
-7.551597082E-04
-7.545998087E-04
-7.540153456E-04
-7.534059696E-04
-7.527714479E-04
-7.521112566E-04
-7.514252211E-04
-7.507128175E-04
-7.499736967E-04
-7.492073346E-04
-7.484133821E-04
-7.475912571E-04
-7.467404939E-04
-7.458604523E-04
-7.449506666E-04
-7.440103800E-04
-7.430390106E-04
-7.420358015E-04
-7.410000544E-04
-7.399308961E-04
-7.388275117E-04
-7.376889116E-04
-7.365141646E-04
-7.353022229E-04
-7.340519223E-04
-7.327619824E-04
-7.314311224E-04
-7.300578873E-04
-7.286407053E-04
-7.271778886E-04
-7.256675162E-04
-7.241075509E-04
-7.224957808E-04
-7.208296447E-04
-7.191064069E-04
-7.173228660E-04
-7.154755876E-04
-7.135604974E-04
-7.115731132E-04
-7.095081382E-04
-7.073594024E-04
-7.051196881E-04
-7.027801475E-04
-7.003300707E-04
-6.977561861E-04
-6.950410898E-04
-6.921618478E-04
-6.890856312E-04
-6.857645349E-04
-6.821109564E-04
-6.779530086E-04
-7.617761730E-04
-7.617500960E-04
-7.617028896E-04
-7.616345538E-04
-7.615450886E-04
-7.614344358E-04
-7.613025373E-04
-7.611493347E-04
-7.609747699E-04
-7.607787848E-04
-7.605613209E-04
-7.603222039E-04
-7.600614335E-04
-7.597787771E-04
-7.594742347E-04
-7.591475151E-04
-7.587986183E-04
-7.584273117E-04
-7.580334786E-04
-7.576168282E-04
-7.571772439E-04
-7.567145512E-04
-7.562284009E-04
-7.557186764E-04
-7.551850867E-04
-7.546273409E-04
-7.540451479E-04
-7.534382748E-04
-7.528063143E-04
-7.521489752E-04
-7.514658500E-04
-7.507566479E-04
-7.500208449E-04
-7.492581499E-04
-7.484679809E-04
-7.476499886E-04
-7.468035328E-04
-7.459281478E-04
-7.450232515E-04
-7.440882036E-04
-7.431224221E-04
-7.421251503E-04
-7.410957478E-04
-7.400332834E-04
-7.389370585E-04
-7.378060836E-04
-7.366394857E-04
-7.354362169E-04
-7.341951132E-04
-7.329150685E-04
-7.315947441E-04
-7.302328013E-04
-7.288276684E-04
-7.273777737E-04
-7.258813130E-04
-7.243363652E-04
-7.227406604E-04
-7.210919284E-04
-7.193874335E-04
-7.176243234E-04
-7.157992222E-04
-7.139084628E-04
-7.119477377E-04
-7.099120994E-04
-7.077959017E-04
-7.055925089E-04
-7.032939466E-04
-7.008904358E-04
-6.983701605E-04
-6.957179867E-04
-6.929140072E-04
-6.899309228E-04
-6.867295597E-04
-6.832462386E-04
-6.793675129E-04
-6.747635198E-04
-7.617811789E-04
-7.617651136E-04
-7.617279189E-04
-7.616695948E-04
-7.615901413E-04
-7.614895003E-04
-7.613676134E-04
-7.612244226E-04
-7.610598695E-04
-7.608739543E-04
-7.606664440E-04
-7.604373968E-04
-7.601865800E-04
-7.599139935E-04
-7.596194046E-04
-7.593027549E-04
-7.589638699E-04
-7.586025749E-04
-7.582187536E-04
-7.578121149E-04
-7.573826006E-04
-7.569299196E-04
-7.564537809E-04
-7.559540682E-04
-7.554305485E-04
-7.548828144E-04
-7.543106913E-04
-7.537137717E-04
-7.530918811E-04
-7.524445537E-04
-7.517714985E-04
-7.510723080E-04
-7.503466331E-04
-7.495939499E-04
-7.488138508E-04
-7.480058703E-04
-7.471694844E-04
-7.463041693E-04
-7.454092847E-04
-7.444843650E-04
-7.435285952E-04
-7.425414515E-04
-7.415220607E-04
-7.404696662E-04
-7.393835112E-04
-7.382626645E-04
-7.371061365E-04
-7.359129377E-04
-7.346819621E-04
-7.334119873E-04
-7.321017911E-04
-7.307499181E-04
-7.293549133E-04
-7.279150886E-04
-7.264287560E-04
-7.248938782E-04
-7.233083015E-04
-7.216696977E-04
-7.199753309E-04
-7.182223490E-04
-7.164074341E-04
-7.145268028E-04
-7.125761476E-04
-7.105506957E-04
-7.084446843E-04
-7.062514196E-04
-7.039629854E-04
-7.015697192E-04
-6.990595721E-04
-6.964175845E-04
-6.936237332E-04
-6.906509516E-04
-6.874597748E-04
-6.839865819E-04
-6.801181007E-04
-6.755243521E-04
