-8.117575198E-04
-7.216969971E-04
-7.224617293E-04
-7.271910436E-04
-7.313578390E-04
-7.350202650E-04
-7.383502088E-04
-7.414353895E-04
-7.443236536E-04
-7.470477722E-04
-7.496307953E-04
-7.520900108E-04
-7.544387481E-04
-7.566877757E-04
-7.588457665E-04
-7.609201130E-04
-7.629168686E-04
-7.648413884E-04
-7.666981546E-04
-7.684911834E-04
-7.702240255E-04
-7.718997658E-04
-7.735211402E-04
-7.750907680E-04
-7.766108029E-04
-7.780833985E-04
-7.795103593E-04
-7.808933733E-04
-7.822340704E-04
-7.835338474E-04
-7.847940433E-04
-7.860158803E-04
-7.872005226E-04
-7.883490762E-04
-7.894624723E-04
-7.905415841E-04
-7.915873430E-04
-7.926005637E-04
-7.935820031E-04
-7.945323014E-04
-7.954522152E-04
-7.963423268E-04
-7.972032181E-04
-7.980354130E-04
-7.988395519E-04
-7.996159839E-04
-8.003652911E-04
-8.010878228E-04
-8.017840446E-04
-8.024543058E-04
-8.030990721E-04
-8.037185762E-04
-8.043131675E-04
-8.048832533E-04
-8.054290083E-04
-8.059507818E-04
-8.064488065E-04
-8.069233736E-04
-8.073745994E-04
-8.078028332E-04
-8.082081913E-04
-8.085908485E-04
-8.089510957E-04
-8.092889329E-04
-8.096046513E-04
-8.098983672E-04
-8.101701969E-04
-8.104201988E-04
-8.106485475E-04
-8.108553593E-04
-8.110406925E-04
-8.112046053E-04
-8.113471558E-04
-8.114685188E-04
-8.115685778E-04
-8.116475074E-04
-8.117053076E-04
-8.117419784E-04
-8.117519901E-04
-8.117253310E-04
-8.116775425E-04
-8.116085664E-04
-8.115184610E-04
-8.114071679E-04
-8.112745709E-04
-8.111206698E-04
-8.109453483E-04
-8.107485482E-04
-8.105301531E-04
-8.102901629E-04
-8.100283449E-04
-8.097446407E-04
-8.094389341E-04
-8.091110503E-04
-8.087608730E-04
-8.083881694E-04
-8.079928230E-04
-8.075746591E-04
-8.071333868E-04
-8.066688897E-04
-8.061808767E-04
-8.056691149E-04
-8.051333134E-04
-8.045732975E-04
-8.039886598E-04
-8.033791673E-04
-8.027444710E-04
-8.020842215E-04
-8.013980114E-04
-8.006854914E-04
-7.999462541E-04
-7.991798338E-04
-7.983857649E-04
-7.975635817E-04
-7.967127603E-04
-7.958327187E-04
-7.949228166E-04
-7.939825882E-04
-7.930112188E-04
-7.920080097E-04
-7.909723208E-04
-7.899032207E-04
-7.887998945E-04
-7.876614691E-04
-7.864868385E-04
-7.852750714E-04
-7.840249455E-04
-7.827352383E-04
-7.814046694E-04
-7.800317253E-04
-7.786148344E-04
-7.771523669E-04
-7.756424020E-04
-7.740829024E-04
-7.724715979E-04
-7.708059857E-04
-7.690832717E-04
-7.673003711E-04
-7.654536748E-04
-7.635393413E-04
-7.615527138E-04
-7.594884955E-04
-7.573406328E-04
-7.551017334E-04
-7.527631242E-04
-7.503140951E-04
-7.477412582E-04
-7.450272678E-04
-7.421491900E-04
-7.390741957E-04
-7.357544382E-04
-7.321021985E-04
-7.279456477E-04
-8.117523976E-04
-8.117262623E-04
-8.116790559E-04
-8.116107201E-04
-8.115211967E-04
-8.114104858E-04
-8.112785290E-04
-8.111253264E-04
-8.109507035E-04
-8.107546601E-04
-8.105370798E-04
-8.102979045E-04
-8.100370178E-04
-8.097542450E-04
-8.094495861E-04
-8.091228083E-04
-8.087737951E-04
-8.084023139E-04
-8.080083644E-04
-8.075915975E-04
-8.071518969E-04
-8.066890296E-04
-8.062027628E-04
-8.056928637E-04
-8.051591576E-04
-8.046012954E-04
-8.040189859E-04
-8.034119383E-04
-8.027798613E-04
-8.021224057E-04
-8.014391642E-04
-8.007298457E-04
-7.999939844E-04
-7.992311730E-04
-7.984409458E-04
-7.976228953E-04
-7.967763813E-04
-7.959009381E-04
-7.949960418E-04
-7.940609939E-04
-7.930952124E-04
-7.920979988E-04
-7.910685963E-04
-7.900062483E-04
-7.889100816E-04
-7.877792814E-04
-7.866127999E-04
-7.854097057E-04
-7.841687766E-04
-7.828889647E-04
-7.815689314E-04
-7.802072796E-04
-7.788024377E-04
-7.773528923E-04
-7.758568390E-04
-7.743122987E-04
-7.727170596E-04
-7.710688515E-04
-7.693649386E-04
-7.676024106E-04
-7.657779497E-04
-7.638878305E-04
-7.619278622E-04
-7.598929806E-04
-7.577776560E-04
-7.555751363E-04
-7.532774471E-04
-7.508749841E-04
-7.483557565E-04
-7.457046304E-04
-7.429018151E-04
-7.399199530E-04
-7.367198705E-04
-7.332378882E-04
-7.293605595E-04
-7.247580215E-04
-8.117574034E-04
-8.117412799E-04
-8.117040270E-04
-8.116457029E-04
-8.115661913E-04
-8.114654920E-04
-8.113435470E-04
-8.112002979E-04
-8.110356866E-04
-8.108495967E-04
-8.106420864E-04
-8.104128647E-04
-8.101619896E-04
-8.098892285E-04
-8.095945814E-04
-8.092777571E-04
-8.089387557E-04
-8.085773443E-04
-8.081933483E-04
-8.077865932E-04
-8.073569043E-04
-8.069040487E-04
-8.064277936E-04
-8.059279644E-04
-8.054042119E-04
-8.048563614E-04
-8.042840636E-04
-8.036870859E-04
-8.030650206E-04
-8.024175768E-04
-8.017444052E-04
-8.010450983E-04
-8.003192488E-04
-7.995665073E-04
-7.987862919E-04
-7.979782531E-04
-7.971418090E-04
-7.962764357E-04
-7.953815511E-04
-7.944565732E-04
-7.935008034E-04
-7.925136597E-04
-7.914942689E-04
-7.904419908E-04
-7.893558941E-04
-7.882351056E-04
-7.870787522E-04
-7.858856698E-04
-7.846548688E-04
-7.833851269E-04
-7.820751634E-04
-7.807235816E-04
-7.793288678E-04
-7.778894505E-04
-7.764034672E-04
-7.748689968E-04
-7.732838858E-04
-7.716457476E-04
-7.699519629E-04
-7.681995630E-04
-7.663852302E-04
-7.645052392E-04
-7.625553408E-04
-7.605306455E-04
-7.584254490E-04
-7.562330575E-04
-7.539455546E-04
-7.515532197E-04
-7.490441203E-04
-7.464032387E-04
-7.436105516E-04
-7.406388759E-04
-7.374489796E-04
-7.339771255E-04
-7.301100413E-04
-7.255176897E-04
