-8.797394694E-04
-7.897426258E-04
-7.905076491E-04
-7.952342276E-04
-7.993985200E-04
-8.030586177E-04
-8.063862333E-04
-8.094692021E-04
-8.123552543E-04
-8.150773356E-04
-8.176583215E-04
-8.201154997E-04
-8.224623161E-04
-8.247095393E-04
-8.268657257E-04
-8.289383259E-04
-8.309333934E-04
-8.328562835E-04
-8.347114781E-04
-8.365030517E-04
-8.382343804E-04
-8.399087237E-04
-8.415287593E-04
-8.430971066E-04
-8.446159190E-04
-8.460872923E-04
-8.475130890E-04
-8.488949970E-04
-8.502345881E-04
-8.515333175E-04
-8.527925820E-04
-8.540134877E-04
-8.551972569E-04
-8.563448791E-04
-8.574574604E-04
-8.585358155E-04
-8.595808176E-04
-8.605933399E-04
-8.615740226E-04
-8.625237388E-04
-8.634430123E-04
-8.643324836E-04
-8.651928511E-04
-8.660245221E-04
-8.668280789E-04
-8.676041034E-04
-8.683528868E-04
-8.690750110E-04
-8.697708254E-04
-8.704407373E-04
-8.710850962E-04
-8.717042510E-04
-8.722985513E-04
-8.728683461E-04
-8.734138100E-04
-8.739352925E-04
-8.744330844E-04
-8.749073604E-04
-8.753584116E-04
-8.757864125E-04
-8.761915960E-04
-8.765740786E-04
-8.769341512E-04
-8.772718720E-04
-8.775874740E-04
-8.778810152E-04
-8.781527285E-04
-8.784026722E-04
-8.786309045E-04
-8.788375999E-04
-8.790228749E-04
-8.791867294E-04
-8.793292800E-04
-8.794505266E-04
-8.795505855E-04
-8.796295151E-04
-8.796872571E-04
-8.797239279E-04
-8.797338814E-04
-8.797072805E-04
-8.796594921E-04
-8.795905742E-04
-8.795005269E-04
-8.793892339E-04
-8.792566950E-04
-8.791028522E-04
-8.789276471E-04
-8.787309052E-04
-8.785126847E-04
-8.782727527E-04
-8.780110511E-04
-8.777275216E-04
-8.774219314E-04
-8.770941640E-04
-8.767441614E-04
-8.763716323E-04
-8.759765187E-04
-8.755585295E-04
-8.751174901E-04
-8.746532258E-04
-8.741654456E-04
-8.736539748E-04
-8.731184644E-04
-8.725587395E-04
-8.719744510E-04
-8.713653078E-04
-8.707310189E-04
-8.700711187E-04
-8.693853160E-04
-8.686732617E-04
-8.679344901E-04
-8.671685355E-04
-8.663749904E-04
-8.655533311E-04
-8.647030336E-04
-8.638235740E-04
-8.629143704E-04
-8.619747241E-04
-8.610040531E-04
-8.600016008E-04
-8.589666686E-04
-8.578983252E-04
-8.567958721E-04
-8.556582616E-04
-8.544846205E-04
-8.532737847E-04
-8.520245901E-04
-8.507359307E-04
-8.494064095E-04
-8.480345714E-04
-8.466189029E-04
-8.451575995E-04
-8.436489152E-04
-8.420906961E-04
-8.404807886E-04
-8.388165734E-04
-8.370953146E-04
-8.353138692E-04
-8.334688027E-04
-8.315560408E-04
-8.295711013E-04
-8.275086293E-04
-8.253625710E-04
-8.231255342E-04
-8.207888459E-04
-8.183417958E-04
-8.157709963E-04
-8.130591596E-04
-8.101832354E-04
-8.071104530E-04
-8.037929656E-04
-8.001431124E-04
-7.959890063E-04
-8.797342889E-04
-8.797082119E-04
-8.796610055E-04
-8.795926697E-04
-8.795032045E-04
-8.793925517E-04
-8.792606532E-04
-8.791074506E-04
-8.789329440E-04
-8.787369588E-04
-8.785194950E-04
-8.782803779E-04
-8.780196076E-04
-8.777370094E-04
-8.774324670E-04
-8.771058056E-04
-8.767569088E-04
-8.763856604E-04
-8.759918273E-04
-8.755752933E-04
-8.751358255E-04
-8.746731910E-04
-8.741871570E-04
-8.736775490E-04
-8.731440757E-04
-8.725865046E-04
-8.720044862E-04
-8.713977877E-04
-8.707660600E-04
-8.701090119E-04
-8.694261778E-04
-8.687172667E-04
-8.679818711E-04
-8.672195254E-04
-8.664297638E-04
-8.656122372E-04
-8.647663053E-04
-8.638914442E-04
-8.629871299E-04
-8.620527224E-04
-8.610876394E-04
-8.600910660E-04
-8.590624202E-04
-8.580008289E-04
-8.569054771E-04
-8.557754918E-04
-8.546099416E-04
-8.534077206E-04
-8.521678392E-04
-8.508889587E-04
-8.495699731E-04
-8.482094272E-04
-8.468057495E-04
-8.453573682E-04
-8.438625373E-04
-8.423192776E-04
-8.407253772E-04
-8.390785079E-04
-8.373760502E-04
-8.356149774E-04
-8.337920881E-04
-8.319035987E-04
-8.299452602E-04
-8.279120666E-04
-8.257984882E-04
-8.235978312E-04
-8.213020046E-04
-8.189014625E-04
-8.163842140E-04
-8.137352415E-04
-8.109345217E-04
-8.079548716E-04
-8.047570591E-04
-8.012774051E-04
-7.974025211E-04
-7.928023115E-04
-8.797392948E-04
-8.797232294E-04
-8.796860348E-04
-8.796277107E-04
-8.795481990E-04
-8.794475580E-04
-8.793256711E-04
-8.791824803E-04
-8.790179272E-04
-8.788319537E-04
-8.786245016E-04
-8.783953963E-04
-8.781446377E-04
-8.778719930E-04
-8.775774622E-04
-8.772608126E-04
-8.769219858E-04
-8.765607490E-04
-8.761769277E-04
-8.757703472E-04
-8.753408911E-04
-8.748882683E-04
-8.744123043E-04
-8.739127079E-04
-8.733892464E-04
-8.728416869E-04
-8.722696803E-04
-8.716730517E-04
-8.710513357E-04
-8.704042411E-04
-8.697314770E-04
-8.690326358E-04
-8.683071937E-04
-8.675549179E-04
-8.667752263E-04
-8.659677114E-04
-8.651317912E-04
-8.642670000E-04
-8.633726975E-04
-8.624483598E-04
-8.614933467E-04
-8.605068433E-04
-8.594882675E-04
-8.584366878E-04
-8.573514642E-04
-8.562315488E-04
-8.550760103E-04
-8.538838592E-04
-8.526540478E-04
-8.513852954E-04
-8.500763797E-04
-8.487259038E-04
-8.473323542E-04
-8.458940429E-04
-8.444093401E-04
-8.428761503E-04
-8.412923780E-04
-8.396556368E-04
-8.379632491E-04
-8.362123044E-04
-8.343995432E-04
-8.325211820E-04
-8.305729134E-04
-8.285499061E-04
-8.264464559E-04
-8.242559270E-04
-8.219702868E-04
-8.195799310E-04
-8.170728688E-04
-8.144339663E-04
-8.116434328E-04
-8.086740272E-04
-8.054863429E-04
-8.020168752E-04
-7.981521776E-04
-7.935622125E-04
