-8.223178447E-04
-7.322634920E-04
-7.330317167E-04
-7.377572474E-04
-7.419236354E-04
-7.455857703E-04
-7.489154232E-04
-7.520002546E-04
-7.548882277E-04
-7.576121134E-04
-7.601948455E-04
-7.626538281E-04
-7.650022744E-04
-7.672510692E-04
-7.694088854E-04
-7.714829990E-04
-7.734795799E-04
-7.754038670E-04
-7.772604586E-04
-7.790533127E-04
-7.807859802E-04
-7.824615459E-04
-7.840828039E-04
-7.856522570E-04
-7.871721755E-04
-7.886445965E-04
-7.900714409E-04
-7.914543385E-04
-7.927949773E-04
-7.940946380E-04
-7.953547174E-04
-7.965764962E-04
-7.977610803E-04
-7.989095175E-04
-8.000228554E-04
-8.011019090E-04
-8.021476096E-04
-8.031607722E-04
-8.041421534E-04
-8.050924516E-04
-8.060123073E-04
-8.069023606E-04
-8.077632519E-04
-8.085954469E-04
-8.093995275E-04
-8.101759595E-04
-8.109252085E-04
-8.116477402E-04
-8.123439620E-04
-8.130142232E-04
-8.136589313E-04
-8.142784936E-04
-8.148730849E-04
-8.154431707E-04
-8.159889258E-04
-8.165106992E-04
-8.170087822E-04
-8.174832910E-04
-8.179345750E-04
-8.183627506E-04
-8.187681669E-04
-8.191508241E-04
-8.195110713E-04
-8.198489668E-04
-8.201647433E-04
-8.204584592E-04
-8.207302308E-04
-8.209802909E-04
-8.212086977E-04
-8.214155096E-04
-8.216008428E-04
-8.217647555E-04
-8.219073643E-04
-8.220287273E-04
-8.221288444E-04
-8.222077740E-04
-8.222656325E-04
-8.223023033E-04
-8.223123150E-04
-8.222857141E-04
-8.222379256E-04
-8.221690077E-04
-8.220789605E-04
-8.219676674E-04
-8.218350704E-04
-8.216811693E-04
-8.215059061E-04
-8.213091060E-04
-8.210907690E-04
-8.208507788E-04
-8.205890190E-04
-8.203053148E-04
-8.199996664E-04
-8.196717827E-04
-8.193216054E-04
-8.189489599E-04
-8.185536717E-04
-8.181355079E-04
-8.176942938E-04
-8.172297967E-04
-8.167418418E-04
-8.162300801E-04
-8.156943950E-04
-8.151343791E-04
-8.145497995E-04
-8.139403653E-04
-8.133057272E-04
-8.126455359E-04
-8.119593840E-04
-8.112469222E-04
-8.105077432E-04
-8.097413811E-04
-8.089473704E-04
-8.081252454E-04
-8.072744822E-04
-8.063944988E-04
-8.054847713E-04
-8.045445429E-04
-8.035732899E-04
-8.025701973E-04
-8.015345666E-04
-8.004656411E-04
-7.993624313E-04
-7.982240641E-04
-7.970496081E-04
-7.958379574E-04
-7.945880061E-04
-7.932984154E-04
-7.919679629E-04
-7.905951934E-04
-7.891784771E-04
-7.877161843E-04
-7.862063940E-04
-7.846471271E-04
-7.830359973E-04
-7.813705597E-04
-7.796480786E-04
-7.778653526E-04
-7.760189474E-04
-7.741048466E-04
-7.721184520E-04
-7.700545248E-04
-7.679068949E-04
-7.656683447E-04
-7.633300265E-04
-7.608812884E-04
-7.583087427E-04
-7.555951015E-04
-7.527173148E-04
-7.496426697E-04
-7.463232614E-04
-7.426713710E-04
-7.385152276E-04
-8.223127224E-04
-8.222865872E-04
-8.222393226E-04
-8.221709868E-04
-8.220814634E-04
-8.219706942E-04
-8.218387375E-04
-8.216854767E-04
-8.215108537E-04
-8.213147521E-04
-8.210971719E-04
-8.208579966E-04
-8.205970516E-04
-8.203143370E-04
-8.200096199E-04
-8.196827839E-04
-8.193337708E-04
-8.189623477E-04
-8.185682818E-04
-8.181515150E-04
-8.177118143E-04
-8.172489470E-04
-8.167626802E-04
-8.162527811E-04
-8.157190750E-04
-8.151611546E-04
-8.145788452E-04
-8.139718557E-04
-8.133397787E-04
-8.126823232E-04
-8.119990816E-04
-8.112897631E-04
-8.105539600E-04
-8.097911486E-04
-8.090009796E-04
-8.081828710E-04
-8.073364152E-04
-8.064610302E-04
-8.055561339E-04
-8.046211442E-04
-8.036554209E-04
-8.026582072E-04
-8.016288630E-04
-8.005665732E-04
-7.994705229E-04
-7.983397227E-04
-7.971733576E-04
-7.959703216E-04
-7.947295671E-04
-7.934498135E-04
-7.921298384E-04
-7.907683030E-04
-7.893636357E-04
-7.879142067E-04
-7.864182699E-04
-7.848738460E-04
-7.832787815E-04
-7.816306897E-04
-7.799269515E-04
-7.781645982E-04
-7.763403119E-04
-7.744504255E-04
-7.724906318E-04
-7.704559830E-04
-7.683408330E-04
-7.661386044E-04
-7.638411480E-04
-7.614389178E-04
-7.589199231E-04
-7.562690880E-04
-7.534665638E-04
-7.504849927E-04
-7.472852594E-04
-7.438035682E-04
-7.399265305E-04
-7.353243418E-04
-8.223177283E-04
-8.223016630E-04
-8.222644683E-04
-8.222061442E-04
-8.221266326E-04
-8.220259333E-04
-8.219040465E-04
-8.217607974E-04
-8.215961861E-04
-8.214102127E-04
-8.212026441E-04
-8.209734806E-04
-8.207226056E-04
-8.204499027E-04
-8.201552555E-04
-8.198384894E-04
-8.194994880E-04
-8.191381348E-04
-8.187541389E-04
-8.183474420E-04
-8.179177530E-04
-8.174649556E-04
-8.169887587E-04
-8.164889296E-04
-8.159652352E-04
-8.154174429E-04
-8.148452034E-04
-8.142482257E-04
-8.136262186E-04
-8.129788330E-04
-8.123057196E-04
-8.116064710E-04
-8.108806796E-04
-8.101279964E-04
-8.093478391E-04
-8.085398586E-04
-8.077034727E-04
-8.068382158E-04
-8.059433894E-04
-8.050184697E-04
-8.040628745E-04
-8.030757890E-04
-8.020565147E-04
-8.010043530E-04
-7.999183726E-04
-7.987977006E-04
-7.976414636E-04
-7.964484976E-04
-7.952178712E-04
-7.939482457E-04
-7.926383987E-04
-7.912869914E-04
-7.898924523E-04
-7.884531515E-04
-7.869673427E-04
-7.854331052E-04
-7.838481688E-04
-7.822102634E-04
-7.805166533E-04
-7.787644863E-04
-7.769503864E-04
-7.750706282E-04
-7.731209625E-04
-7.710965583E-04
-7.689915947E-04
-7.667994942E-04
-7.645122241E-04
-7.621202385E-04
-7.596114301E-04
-7.569708396E-04
-7.541785017E-04
-7.512071752E-04
-7.480176282E-04
-7.445461233E-04
-7.406794466E-04
-7.360875024E-04
