-8.023584378E-04
-7.122917450E-04
-7.130566519E-04
-7.177861407E-04
-7.219531690E-04
-7.256158860E-04
-7.289461792E-04
-7.320315926E-04
-7.349201478E-04
-7.376445574E-04
-7.402277552E-04
-7.426872035E-04
-7.450361736E-04
-7.472854340E-04
-7.494436577E-04
-7.515181787E-04
-7.535151090E-04
-7.554398035E-04
-7.572967443E-04
-7.590899477E-04
-7.608229062E-04
-7.624988211E-04
-7.641203701E-04
-7.656901143E-04
-7.672102656E-04
-7.686829777E-04
-7.701100549E-04
-7.714931853E-04
-7.728339406E-04
-7.741338341E-04
-7.753940881E-04
-7.766160415E-04
-7.778008003E-04
-7.789493538E-04
-7.800628082E-04
-7.811420364E-04
-7.821878535E-04
-7.832011324E-04
-7.841825718E-04
-7.851329865E-04
-7.860529004E-04
-7.869430119E-04
-7.878039614E-04
-7.886362146E-04
-7.894403534E-04
-7.902168436E-04
-7.909660926E-04
-7.916886825E-04
-7.923849043E-04
-7.930552238E-04
-7.936999318E-04
-7.943194942E-04
-7.949141436E-04
-7.954841712E-04
-7.960299845E-04
-7.965517580E-04
-7.970497827E-04
-7.975242916E-04
-7.979755756E-04
-7.984037511E-04
-7.988091093E-04
-7.991918246E-04
-7.995520136E-04
-7.998899091E-04
-8.002056275E-04
-8.004992851E-04
-8.007711149E-04
-8.010211168E-04
-8.012494654E-04
-8.014562773E-04
-8.016416105E-04
-8.018055232E-04
-8.019481320E-04
-8.020694368E-04
-8.021695539E-04
-8.022484835E-04
-8.023062255E-04
-8.023428963E-04
-8.023529081E-04
-8.023262490E-04
-8.022784605E-04
-8.022095426E-04
-8.021194371E-04
-8.020080859E-04
-8.018754888E-04
-8.017215878E-04
-8.015462663E-04
-8.013494662E-04
-8.011311293E-04
-8.008910809E-04
-8.006293210E-04
-8.003456169E-04
-8.000399102E-04
-7.997120265E-04
-7.993618492E-04
-7.989891456E-04
-7.985937991E-04
-7.981756353E-04
-7.977343630E-04
-7.972698659E-04
-7.967818528E-04
-7.962700911E-04
-7.957342896E-04
-7.951742737E-04
-7.945896359E-04
-7.939801435E-04
-7.933454472E-04
-7.926851395E-04
-7.919989293E-04
-7.912864094E-04
-7.905471721E-04
-7.897806936E-04
-7.889866247E-04
-7.881643833E-04
-7.873135037E-04
-7.864334038E-04
-7.855235599E-04
-7.845832151E-04
-7.836117875E-04
-7.826085784E-04
-7.815728313E-04
-7.805036730E-04
-7.794002886E-04
-7.782617467E-04
-7.770871161E-04
-7.758752326E-04
-7.746250485E-04
-7.733352249E-04
-7.720045396E-04
-7.706314791E-04
-7.692145300E-04
-7.677519461E-04
-7.662418648E-04
-7.646821905E-04
-7.630707696E-04
-7.614049828E-04
-7.596821524E-04
-7.578990771E-04
-7.560522063E-04
-7.541376981E-04
-7.521508378E-04
-7.500865031E-04
-7.479384076E-04
-7.456993335E-04
-7.433604915E-04
-7.409112295E-04
-7.383381017E-04
-7.356238784E-04
-7.327455678E-04
-7.296702825E-04
-7.263502339E-04
-7.226977032E-04
-7.185408613E-04
-8.023533155E-04
-8.023271803E-04
-8.022799739E-04
-8.022116381E-04
-8.021221147E-04
-8.020114037E-04
-8.018794470E-04
-8.017262444E-04
-8.015516214E-04
-8.013555780E-04
-8.011379978E-04
-8.008988225E-04
-8.006379358E-04
-8.003552211E-04
-8.000505040E-04
-7.997237262E-04
-7.993747131E-04
-7.990032900E-04
-7.986092824E-04
-7.981925155E-04
-7.977528148E-04
-7.972899475E-04
-7.968036807E-04
-7.962938398E-04
-7.957600756E-04
-7.952022133E-04
-7.946199039E-04
-7.940128562E-04
-7.933807792E-04
-7.927232655E-04
-7.920400822E-04
-7.913307054E-04
-7.905948441E-04
-7.898319745E-04
-7.890417473E-04
-7.882236387E-04
-7.873771247E-04
-7.865016814E-04
-7.855966687E-04
-7.846616209E-04
-7.836957811E-04
-7.826985093E-04
-7.816690486E-04
-7.806066424E-04
-7.795104175E-04
-7.783795008E-04
-7.772130193E-04
-7.760098088E-04
-7.747688214E-04
-7.734888932E-04
-7.721687434E-04
-7.708069752E-04
-7.694020751E-04
-7.679524133E-04
-7.664562436E-04
-7.649115869E-04
-7.633161731E-04
-7.616678486E-04
-7.599637611E-04
-7.582010585E-04
-7.563764811E-04
-7.544861874E-04
-7.525259862E-04
-7.504909881E-04
-7.483754307E-04
-7.461726782E-04
-7.438748144E-04
-7.414720603E-04
-7.389525999E-04
-7.363012410E-04
-7.334981929E-04
-7.305160398E-04
-7.273156662E-04
-7.238333928E-04
-7.199557731E-04
-7.153528277E-04
-8.023583214E-04
-8.023421979E-04
-8.023050032E-04
-8.022466209E-04
-8.021671092E-04
-8.020664100E-04
-8.019444649E-04
-8.018012159E-04
-8.016366046E-04
-8.014505729E-04
-8.012430044E-04
-8.010138408E-04
-8.007629658E-04
-8.004902047E-04
-8.001955575E-04
-7.998787332E-04
-7.995397318E-04
-7.991783204E-04
-7.987943245E-04
-7.983875694E-04
-7.979578804E-04
-7.975050248E-04
-7.970287697E-04
-7.965289406E-04
-7.960051880E-04
-7.954573375E-04
-7.948850398E-04
-7.942880038E-04
-7.936659385E-04
-7.930184947E-04
-7.923453231E-04
-7.916460163E-04
-7.909201668E-04
-7.901673671E-04
-7.893871516E-04
-7.885790546E-04
-7.877425523E-04
-7.868771791E-04
-7.859822363E-04
-7.850572001E-04
-7.841014303E-04
-7.831142284E-04
-7.820948376E-04
-7.810424431E-04
-7.799563464E-04
-7.788354997E-04
-7.776790299E-04
-7.764858892E-04
-7.752550300E-04
-7.739851717E-04
-7.726750919E-04
-7.713233936E-04
-7.699286216E-04
-7.684890297E-04
-7.670029299E-04
-7.654683432E-04
-7.638831157E-04
-7.622448611E-04
-7.605509018E-04
-7.587983273E-04
-7.569838199E-04
-7.551037124E-04
-7.531536394E-04
-7.511287113E-04
-7.490233402E-04
-7.468307158E-04
-7.445429801E-04
-7.421504706E-04
-7.396411384E-04
-7.369999657E-04
-7.342069875E-04
-7.312350790E-04
-7.280448917E-04
-7.245727465E-04
-7.207053714E-04
-7.161126705E-04
