-8.477173978E-04
-7.576874341E-04
-7.584521081E-04
-7.631802000E-04
-7.673457148E-04
-7.710069185E-04
-7.743356982E-04
-7.774197147E-04
-7.803068729E-04
-7.830299437E-04
-7.856119191E-04
-7.880700869E-04
-7.904178929E-04
-7.926659891E-04
-7.948231068E-04
-7.968965219E-04
-7.988924626E-04
-8.008161676E-04
-8.026721771E-04
-8.044644492E-04
-8.061965345E-04
-8.078716346E-04
-8.094923687E-04
-8.110612980E-04
-8.125808090E-04
-8.140527643E-04
-8.154792013E-04
-8.168616914E-04
-8.182018646E-04
-8.195011178E-04
-8.207609062E-04
-8.219822776E-04
-8.231665706E-04
-8.243146585E-04
-8.254276472E-04
-8.265064680E-04
-8.275518776E-04
-8.285648073E-04
-8.295458974E-04
-8.304959629E-04
-8.314155857E-04
-8.323054062E-04
-8.331660647E-04
-8.339980850E-04
-8.348019328E-04
-8.355781902E-04
-8.363272646E-04
-8.370496798E-04
-8.377457270E-04
-8.384158718E-04
-8.390604053E-04
-8.396797930E-04
-8.402743260E-04
-8.408442372E-04
-8.413899341E-04
-8.419115911E-04
-8.424094995E-04
-8.428839501E-04
-8.433351177E-04
-8.437632932E-04
-8.441685932E-04
-8.445511921E-04
-8.449113229E-04
-8.452491602E-04
-8.455648785E-04
-8.458585362E-04
-8.461302496E-04
-8.463802515E-04
-8.466086001E-04
-8.468153537E-04
-8.470006287E-04
-8.471645415E-04
-8.473071503E-04
-8.474284550E-04
-8.475285140E-04
-8.476074436E-04
-8.476652438E-04
-8.477018564E-04
-8.477118681E-04
-8.476852090E-04
-8.476374205E-04
-8.475685026E-04
-8.474783972E-04
-8.473671041E-04
-8.472345071E-04
-8.470806060E-04
-8.469053428E-04
-8.467085427E-04
-8.464902057E-04
-8.462502155E-04
-8.459884557E-04
-8.457048098E-04
-8.453991613E-04
-8.450713358E-04
-8.447211585E-04
-8.443485713E-04
-8.439532830E-04
-8.435351774E-04
-8.430939633E-04
-8.426295244E-04
-8.421416278E-04
-8.416299825E-04
-8.410942974E-04
-8.405343979E-04
-8.399498765E-04
-8.393405587E-04
-8.387059788E-04
-8.380458457E-04
-8.373598685E-04
-8.366475231E-04
-8.359084604E-04
-8.351422148E-04
-8.343483787E-04
-8.335264283E-04
-8.326757816E-04
-8.317960310E-04
-8.308864199E-04
-8.299464243E-04
-8.289754041E-04
-8.279725444E-04
-8.269371465E-04
-8.258683956E-04
-8.247654769E-04
-8.236274007E-04
-8.224532357E-04
-8.212418761E-04
-8.199922158E-04
-8.187030326E-04
-8.173729293E-04
-8.160005091E-04
-8.145842003E-04
-8.131223149E-04
-8.116129320E-04
-8.100540726E-04
-8.084434085E-04
-8.067784947E-04
-8.050564793E-04
-8.032743353E-04
-8.014284540E-04
-7.995148771E-04
-7.975290646E-04
-7.954657776E-04
-7.933187881E-04
-7.910808199E-04
-7.887432002E-04
-7.862951607E-04
-7.837233716E-04
-7.810104289E-04
-7.781334571E-04
-7.750596269E-04
-7.717410335E-04
-7.680900162E-04
-7.639347459E-04
-8.477122756E-04
-8.476861985E-04
-8.476389921E-04
-8.475706563E-04
-8.474811330E-04
-8.473704220E-04
-8.472385234E-04
-8.470852626E-04
-8.469106979E-04
-8.467146545E-04
-8.464971324E-04
-8.462579572E-04
-8.459971286E-04
-8.457144140E-04
-8.454097551E-04
-8.450830355E-04
-8.447340806E-04
-8.443627157E-04
-8.439687663E-04
-8.435520576E-04
-8.431124734E-04
-8.426496643E-04
-8.421635139E-04
-8.416537312E-04
-8.411200834E-04
-8.405623375E-04
-8.399801445E-04
-8.393732714E-04
-8.387413109E-04
-8.380839718E-04
-8.374009631E-04
-8.366917609E-04
-8.359561325E-04
-8.351934957E-04
-8.344035014E-04
-8.335856255E-04
-8.327393443E-04
-8.318641922E-04
-8.309595287E-04
-8.300247719E-04
-8.290592814E-04
-8.280623588E-04
-8.270333055E-04
-8.259713068E-04
-8.248754893E-04
-8.237450384E-04
-8.225790225E-04
-8.213763358E-04
-8.201358723E-04
-8.188565262E-04
-8.175369585E-04
-8.161758306E-04
-8.147715707E-04
-8.133226074E-04
-8.118271362E-04
-8.102831780E-04
-8.086885791E-04
-8.070410113E-04
-8.053378551E-04
-8.035760256E-04
-8.017523214E-04
-7.998630754E-04
-7.979038637E-04
-7.958698552E-04
-7.937554037E-04
-7.915538154E-04
-7.892571157E-04
-7.868555840E-04
-7.843373460E-04
-7.816873258E-04
-7.788856165E-04
-7.759048603E-04
-7.727059419E-04
-7.692251238E-04
-7.653490757E-04
-7.607478183E-04
-8.477172814E-04
-8.477011579E-04
-8.476639632E-04
-8.476056391E-04
-8.475261275E-04
-8.474254282E-04
-8.473034832E-04
-8.471602341E-04
-8.469956811E-04
-8.468096494E-04
-8.466020809E-04
-8.463729755E-04
-8.461221005E-04
-8.458493976E-04
-8.455547504E-04
-8.452380425E-04
-8.448990411E-04
-8.445376880E-04
-8.441537502E-04
-8.437470533E-04
-8.433174808E-04
-8.428646834E-04
-8.423885447E-04
-8.418887737E-04
-8.413651376E-04
-8.408174035E-04
-8.402452222E-04
-8.396483609E-04
-8.390264120E-04
-8.383791428E-04
-8.377061458E-04
-8.370070136E-04
-8.362813387E-04
-8.355287719E-04
-8.347487892E-04
-8.339409251E-04
-8.331047138E-04
-8.322395734E-04
-8.313449798E-04
-8.304202929E-04
-8.294648142E-04
-8.284779615E-04
-8.274589782E-04
-8.264069911E-04
-8.253213018E-04
-8.242009208E-04
-8.230449166E-04
-8.218522999E-04
-8.206219063E-04
-8.193526301E-04
-8.180431905E-04
-8.166920743E-04
-8.152979426E-04
-8.138590492E-04
-8.123737061E-04
-8.108398179E-04
-8.092553471E-04
-8.076179074E-04
-8.059248212E-04
-8.041731198E-04
-8.023595437E-04
-8.004803676E-04
-7.985312841E-04
-7.965074619E-04
-7.944031386E-04
-7.922116783E-04
-7.899251068E-04
-7.875337615E-04
-7.850257098E-04
-7.823858177E-04
-7.795942365E-04
-7.766237250E-04
-7.734349929E-04
-7.699643029E-04
-7.660984993E-04
-7.615074283E-04
