-1.017253730E-03
-8.971473435E-04
-8.981684805E-04
-9.044747567E-04
-9.100323077E-04
-9.149173275E-04
-9.193589794E-04
-9.234742029E-04
-9.273267351E-04
-9.309604648E-04
-9.344058344E-04
-9.376861271E-04
-9.408190381E-04
-9.438189445E-04
-9.466974298E-04
-9.494642727E-04
-9.521276224E-04
-9.546945221E-04
-9.571710834E-04
-9.595626616E-04
-9.618738550E-04
-9.641088545E-04
-9.662713856E-04
-9.683647659E-04
-9.703920805E-04
-9.723560070E-04
-9.742591064E-04
-9.761035326E-04
-9.778914973E-04
-9.796248050E-04
-9.813053766E-04
-9.829348419E-04
-9.845145978E-04
-9.860460414E-04
-9.875308024E-04
-9.889696958E-04
-9.903642349E-04
-9.917152347E-04
-9.930238593E-04
-9.942909237E-04
-9.955174755E-04
-9.967042133E-04
-9.978520684E-04
-9.989616228E-04
-1.000033692E-03
-1.001068857E-03
-1.002067700E-03
-1.003031037E-03
-1.003959216E-03
-1.004852820E-03
-1.005712315E-03
-1.006538165E-03
-1.007330837E-03
-1.008090680E-03
-1.008818275E-03
-1.009513740E-03
-1.010177657E-03
-1.010810141E-03
-1.011411659E-03
-1.011982444E-03
-1.012522727E-03
-1.013032859E-03
-1.013512956E-03
-1.013963367E-03
-1.014384208E-03
-1.014775713E-03
-1.015137881E-03
-1.015471178E-03
-1.015775604E-03
-1.016051159E-03
-1.016298193E-03
-1.016516704E-03
-1.016706694E-03
-1.016868395E-03
-1.017001807E-03
-1.017107046E-03
-1.017184113E-03
-1.017233008E-03
-1.017246279E-03
-1.017210772E-03
-1.017147093E-03
-1.017055241E-03
-1.016935217E-03
-1.016786788E-03
-1.016610069E-03
-1.016404945E-03
-1.016171300E-03
-1.015909016E-03
-1.015617978E-03
-1.015298185E-03
-1.014949172E-03
-1.014571055E-03
-1.014163601E-03
-1.013726578E-03
-1.013259869E-03
-1.012763125E-03
-1.012236229E-03
-1.011678716E-03
-1.011090586E-03
-1.010471489E-03
-1.009820960E-03
-1.009138767E-03
-1.008424675E-03
-1.007678104E-03
-1.006898819E-03
-1.006086357E-03
-1.005240250E-03
-1.004360034E-03
-1.003445243E-03
-1.002495410E-03
-1.001509838E-03
-1.000488061E-03
-9.994293796E-04
-9.983332129E-04
-9.971988620E-04
-9.960255120E-04
-9.948123479E-04
-9.935586713E-04
-9.922634345E-04
-9.909259388E-04
-9.895449039E-04
-9.881192818E-04
-9.866481414E-04
-9.851299692E-04
-9.835637175E-04
-9.819477564E-04
-9.802805725E-04
-9.785606526E-04
-9.767862502E-04
-9.749552701E-04
-9.730656748E-04
-9.711151943E-04
-9.691013838E-04
-9.670214495E-04
-9.648724226E-04
-9.626509272E-04
-9.603532380E-04
-9.579752223E-04
-9.555121651E-04
-9.529587114E-04
-9.503089241E-04
-9.475556435E-04
-9.446906624E-04
-9.417043184E-04
-9.385849698E-04
-9.353182395E-04
-9.318863740E-04
-9.282663232E-04
-9.244272951E-04
-9.203256923E-04
-9.158976609E-04
-9.110262035E-04
-9.054822731E-04
-1.017246861E-03
-1.017212053E-03
-1.017149072E-03
-1.017058035E-03
-1.016938710E-03
-1.016791095E-03
-1.016615308E-03
-1.016410999E-03
-1.016178285E-03
-1.015916932E-03
-1.015626942E-03
-1.015308197E-03
-1.014960464E-03
-1.014583628E-03
-1.014177455E-03
-1.013741945E-03
-1.013276633E-03
-1.012781635E-03
-1.012256369E-03
-1.011700951E-03
-1.011114800E-03
-1.010497799E-03
-1.009849599E-03
-1.009169966E-03
-1.008458552E-03
-1.007714891E-03
-1.006938634E-03
-1.006129314E-03
-1.005286700E-03
-1.004410326E-03
-1.003499492E-03
-1.002553850E-03
-1.001572818E-03
-1.000555814E-03
-9.995022556E-04
-9.984115604E-04
-9.972829139E-04
-9.961157339E-04
-9.949092055E-04
-9.936625138E-04
-9.923747275E-04
-9.910450317E-04
-9.896724951E-04
-9.882558370E-04
-9.867942426E-04
-9.852863150E-04
-9.837307734E-04
-9.821264539E-04
-9.804716101E-04
-9.787648451E-04
-9.770044126E-04
-9.751885082E-04
-9.733150364E-04
-9.713817853E-04
-9.693865431E-04
-9.673265158E-04
-9.651989676E-04
-9.630006389E-04
-9.607280372E-04
-9.583772044E-04
-9.559437749E-04
-9.534227429E-04
-9.508084040E-04
-9.480942390E-04
-9.452726808E-04
-9.423348238E-04
-9.392700740E-04
-9.360654512E-04
-9.327050648E-04
-9.291688330E-04
-9.254302131E-04
-9.214528254E-04
-9.171843412E-04
-9.125399520E-04
-9.073683177E-04
-9.012297378E-04
-1.017253497E-03
-1.017232076E-03
-1.017182483E-03
-1.017104718E-03
-1.016998780E-03
-1.016864553E-03
-1.016702037E-03
-1.016511116E-03
-1.016291673E-03
-1.016043825E-03
-1.015767106E-03
-1.015461748E-03
-1.015127287E-03
-1.014763839E-03
-1.014371053E-03
-1.013948815E-03
-1.013497007E-03
-1.013015280E-03
-1.012503402E-03
-1.011961256E-03
-1.011388609E-03
-1.010784996E-03
-1.010150183E-03
-1.009483822E-03
-1.008785795E-03
-1.008055406E-03
-1.007292536E-03
-1.006496721E-03
-1.005667495E-03
-1.004804391E-03
-1.003906946E-03
-1.002974692E-03
-1.002007048E-03
-1.001003548E-03
-9.999633767E-04
-9.988860693E-04
-9.977708105E-04
-9.966170182E-04
-9.954238776E-04
-9.941906901E-04
-9.929162916E-04
-9.916001000E-04
-9.902408347E-04
-9.888376808E-04
-9.873894742E-04
-9.858949343E-04
-9.843528969E-04
-9.827619651E-04
-9.811206255E-04
-9.794273647E-04
-9.776804363E-04
-9.758779197E-04
-9.740178939E-04
-9.720982052E-04
-9.701164090E-04
-9.680698859E-04
-9.659557836E-04
-9.637709591E-04
-9.615118033E-04
-9.591745329E-04
-9.567546076E-04
-9.542470798E-04
-9.516463033E-04
-9.489457007E-04
-9.461376467E-04
-9.432133520E-04
-9.401621064E-04
-9.369710460E-04
-9.336242802E-04
-9.301016107E-04
-9.263765533E-04
-9.224127862E-04
-9.181579226E-04
-9.135270375E-04
-9.083690820E-04
-9.022441227E-04
