-1.041011768E-03
-9.209092823E-04
-9.219297790E-04
-9.282360552E-04
-9.337930242E-04
-9.386774618E-04
-9.431185899E-04
-9.472332895E-04
-9.510853561E-04
-9.547186201E-04
-9.581635823E-04
-9.614434675E-04
-9.645760292E-04
-9.675755864E-04
-9.704537224E-04
-9.732203325E-04
-9.758833912E-04
-9.784500580E-04
-9.809264448E-04
-9.833177319E-04
-9.856288088E-04
-9.878636338E-04
-9.900260484E-04
-9.921193123E-04
-9.941465687E-04
-9.961103788E-04
-9.980134200E-04
-9.998577880E-04
-1.001645694E-03
-1.003379002E-03
-1.005059574E-03
-1.006688923E-03
-1.008268795E-03
-1.009800355E-03
-1.011285000E-03
-1.012724009E-03
-1.014118548E-03
-1.015469665E-03
-1.016778406E-03
-1.018045587E-03
-1.019272138E-03
-1.020458993E-03
-1.021606964E-03
-1.022716635E-03
-1.023788820E-03
-1.024824101E-03
-1.025823178E-03
-1.026786515E-03
-1.027714810E-03
-1.028608531E-03
-1.029468141E-03
-1.030294108E-03
-1.031086897E-03
-1.031846972E-03
-1.032574684E-03
-1.033270266E-03
-1.033934299E-03
-1.034566900E-03
-1.035168534E-03
-1.035739435E-03
-1.036279835E-03
-1.036790083E-03
-1.037270296E-03
-1.037720824E-03
-1.038141665E-03
-1.038533286E-03
-1.038895571E-03
-1.039228868E-03
-1.039533410E-03
-1.039809082E-03
-1.040056115E-03
-1.040274627E-03
-1.040464733E-03
-1.040626434E-03
-1.040759962E-03
-1.040865202E-03
-1.040942152E-03
-1.040991046E-03
-1.041004434E-03
-1.040968811E-03
-1.040905132E-03
-1.040813280E-03
-1.040693140E-03
-1.040544710E-03
-1.040367992E-03
-1.040162868E-03
-1.039929106E-03
-1.039666706E-03
-1.039375667E-03
-1.039055642E-03
-1.038706629E-03
-1.038328512E-03
-1.037920942E-03
-1.037483802E-03
-1.037016860E-03
-1.036520000E-03
-1.035992987E-03
-1.035435474E-03
-1.034847228E-03
-1.034227898E-03
-1.033577253E-03
-1.032894943E-03
-1.032180735E-03
-1.031434047E-03
-1.030654530E-03
-1.029841951E-03
-1.028995728E-03
-1.028115395E-03
-1.027200487E-03
-1.026250422E-03
-1.025264850E-03
-1.024242840E-03
-1.023184159E-03
-1.022087876E-03
-1.020953292E-03
-1.019779826E-03
-1.018566662E-03
-1.017312868E-03
-1.016017632E-03
-1.014679903E-03
-1.013298752E-03
-1.011873130E-03
-1.010401873E-03
-1.008883817E-03
-1.007317449E-03
-1.005701488E-03
-1.004034304E-03
-1.002314501E-03
-1.000539982E-03
-9.987090016E-04
-9.968195809E-04
-9.948691586E-04
-9.928554064E-04
-9.907756466E-04
-9.886267362E-04
-9.864052990E-04
-9.841078427E-04
-9.817299433E-04
-9.792671772E-04
-9.767139563E-04
-9.740644018E-04
-9.713113541E-04
-9.684467223E-04
-9.654607275E-04
-9.623417282E-04
-9.590754053E-04
-9.556439472E-04
-9.520243038E-04
-9.481857996E-04
-9.440846625E-04
-9.396571550E-04
-9.347862215E-04
-9.292429313E-04
-1.041004900E-03
-1.040970092E-03
-1.040907227E-03
-1.040816074E-03
-1.040696749E-03
-1.040549134E-03
-1.040373230E-03
-1.040168921E-03
-1.039936091E-03
-1.039674738E-03
-1.039384748E-03
-1.039065886E-03
-1.038718037E-03
-1.038341084E-03
-1.037934911E-03
-1.037499285E-03
-1.037033973E-03
-1.036538742E-03
-1.036013477E-03
-1.035457826E-03
-1.034871559E-03
-1.034254557E-03
-1.033606241E-03
-1.032926491E-03
-1.032214845E-03
-1.031471067E-03
-1.030694693E-03
-1.029885374E-03
-1.029042527E-03
-1.028165920E-03
-1.027254970E-03
-1.026309212E-03
-1.025328063E-03
-1.024311059E-03
-1.023257384E-03
-1.022166573E-03
-1.021037810E-03
-1.019870513E-03
-1.018663868E-03
-1.017417060E-03
-1.016129274E-03
-1.014799462E-03
-1.013426809E-03
-1.012010151E-03
-1.010548440E-03
-1.009040512E-03
-1.007484971E-03
-1.005880535E-03
-1.004225807E-03
-1.002519042E-03
-1.000758610E-03
-9.989427635E-04
-9.970692918E-04
-9.951362154E-04
-9.931409732E-04
-9.910811204E-04
-9.889536304E-04
-9.867554763E-04
-9.844830493E-04
-9.821323911E-04
-9.796991944E-04
-9.771783371E-04
-9.745643474E-04
-9.718504152E-04
-9.690291481E-04
-9.660916403E-04
-9.630272398E-04
-9.598229663E-04
-9.564630454E-04
-9.529272211E-04
-9.491890669E-04
-9.452122031E-04
-9.409442428E-04
-9.363003774E-04
-9.311293834E-04
-9.249912109E-04
-1.041011652E-03
-1.040990115E-03
-1.040940522E-03
-1.040862757E-03
-1.040756702E-03
-1.040622476E-03
-1.040459960E-03
-1.040268922E-03
-1.040049479E-03
-1.039801515E-03
-1.039524795E-03
-1.039219322E-03
-1.038884860E-03
-1.038521179E-03
-1.038128394E-03
-1.037706039E-03
-1.037254115E-03
-1.036772272E-03
-1.036260277E-03
-1.035718014E-03
-1.035145135E-03
-1.034541405E-03
-1.033906476E-03
-1.033240114E-03
-1.032541855E-03
-1.031811466E-03
-1.031048363E-03
-1.030252432E-03
-1.029423089E-03
-1.028559869E-03
-1.027662307E-03
-1.026729937E-03
-1.025762060E-03
-1.024758443E-03
-1.023718156E-03
-1.022640732E-03
-1.021525357E-03
-1.020371448E-03
-1.019178308E-03
-1.017944887E-03
-1.016670489E-03
-1.015354064E-03
-1.013994799E-03
-1.012591645E-03
-1.011143322E-03
-1.009648782E-03
-1.008106745E-03
-1.006515697E-03
-1.004874357E-03
-1.003181096E-03
-1.001434168E-03
-9.996317094E-04
-9.977717418E-04
-9.958520532E-04
-9.938704316E-04
-9.918239666E-04
-9.897099808E-04
-9.875253309E-04
-9.852662915E-04
-9.829292540E-04
-9.805094451E-04
-9.780022083E-04
-9.754016064E-04
-9.727012948E-04
-9.698935319E-04
-9.669695864E-04
-9.639186319E-04
-9.607279790E-04
-9.573816205E-04
-9.538593586E-04
-9.501347668E-04
-9.461714653E-04
-9.419171256E-04
-9.372867644E-04
-9.321294492E-04
-9.260049555E-04
