-1.112327445E-03
-9.922707686E-04
-9.932902176E-04
-9.995951550E-04
-1.005149796E-03
-1.010032021E-03
-1.014470938E-03
-1.018583542E-03
-1.022433746E-03
-1.026065089E-03
-1.029508188E-03
-1.032786327E-03
-1.035917201E-03
-1.038915128E-03
-1.041791751E-03
-1.044556848E-03
-1.047218451E-03
-1.049783896E-03
-1.052258885E-03
-1.054649008E-03
-1.056958921E-03
-1.059192698E-03
-1.061354065E-03
-1.063446281E-03
-1.065472607E-03
-1.067435602E-03
-1.069337712E-03
-1.071181381E-03
-1.072968589E-03
-1.074701198E-03
-1.076381071E-03
-1.078009955E-03
-1.079589128E-03
-1.081120223E-03
-1.082604402E-03
-1.084042946E-03
-1.085437136E-03
-1.086787786E-03
-1.088096178E-03
-1.089363010E-03
-1.090589329E-03
-1.091775950E-03
-1.092923689E-03
-1.094033127E-03
-1.095105079E-03
-1.096140244E-03
-1.097139088E-03
-1.098102424E-03
-1.099030604E-03
-1.099924208E-03
-1.100783702E-03
-1.101609669E-03
-1.102402341E-03
-1.103162416E-03
-1.103890012E-03
-1.104585594E-03
-1.105249627E-03
-1.105882227E-03
-1.106483862E-03
-1.107054763E-03
-1.107595279E-03
-1.108105411E-03
-1.108585740E-03
-1.109036151E-03
-1.109457109E-03
-1.109848730E-03
-1.110211015E-03
-1.110544428E-03
-1.110848854E-03
-1.111124526E-03
-1.111371676E-03
-1.111590187E-03
-1.111780293E-03
-1.111942111E-03
-1.112075523E-03
-1.112180762E-03
-1.112257829E-03
-1.112306723E-03
-1.112319995E-03
-1.112284488E-03
-1.112220692E-03
-1.112128841E-03
-1.112008700E-03
-1.111860271E-03
-1.111683552E-03
-1.111478312E-03
-1.111244550E-03
-1.110982150E-03
-1.110690995E-03
-1.110370969E-03
-1.110021956E-03
-1.109643723E-03
-1.109236153E-03
-1.108799013E-03
-1.108332071E-03
-1.107835211E-03
-1.107308082E-03
-1.106750569E-03
-1.106162323E-03
-1.105542993E-03
-1.104892348E-03
-1.104210038E-03
-1.103495830E-03
-1.102749142E-03
-1.101969741E-03
-1.101157162E-03
-1.100311056E-03
-1.099430723E-03
-1.098515932E-03
-1.097566099E-03
-1.096580527E-03
-1.095558750E-03
-1.094500185E-03
-1.093404018E-03
-1.092269784E-03
-1.091096550E-03
-1.089883619E-03
-1.088630175E-03
-1.087335171E-03
-1.085997908E-03
-1.084617223E-03
-1.083192066E-03
-1.081721275E-03
-1.080203569E-03
-1.078637782E-03
-1.077022403E-03
-1.075355918E-03
-1.073636697E-03
-1.071862993E-03
-1.070032828E-03
-1.068144105E-03
-1.066194498E-03
-1.064181677E-03
-1.062102849E-03
-1.059954986E-03
-1.057734713E-03
-1.055438304E-03
-1.053061686E-03
-1.050600084E-03
-1.048048260E-03
-1.045400160E-03
-1.042648568E-03
-1.039785449E-03
-1.036801026E-03
-1.033683657E-03
-1.030419138E-03
-1.026989543E-03
-1.023371704E-03
-1.019535237E-03
-1.015436137E-03
-1.011010725E-03
-1.006142120E-03
-1.000601100E-03
-1.112320577E-03
-1.112285769E-03
-1.112222788E-03
-1.112131635E-03
-1.112012309E-03
-1.111864694E-03
-1.111688791E-03
-1.111484482E-03
-1.111251651E-03
-1.110990299E-03
-1.110700192E-03
-1.110381330E-03
-1.110033481E-03
-1.109656529E-03
-1.109250356E-03
-1.108814613E-03
-1.108349301E-03
-1.107854070E-03
-1.107328804E-03
-1.106773154E-03
-1.106187003E-03
-1.105569885E-03
-1.104921568E-03
-1.104241819E-03
-1.103530172E-03
-1.102786511E-03
-1.102010137E-03
-1.101200818E-03
-1.100358204E-03
-1.099481713E-03
-1.098570763E-03
-1.097625121E-03
-1.096644206E-03
-1.095627202E-03
-1.094573759E-03
-1.093483064E-03
-1.092354651E-03
-1.091187587E-03
-1.089981175E-03
-1.088734716E-03
-1.087447279E-03
-1.086117816E-03
-1.084745512E-03
-1.083329320E-03
-1.081868075E-03
-1.080360613E-03
-1.078805653E-03
-1.077201799E-03
-1.075547654E-03
-1.073841588E-03
-1.072081854E-03
-1.070266706E-03
-1.068394049E-03
-1.066461788E-03
-1.064467477E-03
-1.062408555E-03
-1.060282113E-03
-1.058085007E-03
-1.055813744E-03
-1.053464250E-03
-1.051032334E-03
-1.048512757E-03
-1.045900164E-03
-1.043187687E-03
-1.040367875E-03
-1.037431997E-03
-1.034369227E-03
-1.031166641E-03
-1.027808525E-03
-1.024274621E-03
-1.020538388E-03
-1.016563503E-03
-1.012297696E-03
-1.007655985E-03
-1.002487261E-03
-9.963514749E-04
-1.112327212E-03
-1.112305792E-03
-1.112256083E-03
-1.112178317E-03
-1.112072263E-03
-1.111938036E-03
-1.111775404E-03
-1.111584483E-03
-1.111364923E-03
-1.111116959E-03
-1.110840240E-03
-1.110534649E-03
-1.110200072E-03
-1.109836507E-03
-1.109443605E-03
-1.109021250E-03
-1.108569209E-03
-1.108087366E-03
-1.107575488E-03
-1.107033109E-03
-1.106460229E-03
-1.105856500E-03
-1.105221570E-03
-1.104555209E-03
-1.103856950E-03
-1.103126560E-03
-1.102363574E-03
-1.101567643E-03
-1.100738300E-03
-1.099875197E-03
-1.098977751E-03
-1.098045381E-03
-1.097077737E-03
-1.096074237E-03
-1.095034066E-03
-1.093956875E-03
-1.092841732E-03
-1.091688056E-03
-1.090495149E-03
-1.089261961E-03
-1.087987912E-03
-1.086671953E-03
-1.085313037E-03
-1.083910232E-03
-1.082462375E-03
-1.080968301E-03
-1.079426846E-03
-1.077836379E-03
-1.076195622E-03
-1.074502943E-03
-1.072756713E-03
-1.070955070E-03
-1.069095917E-03
-1.067177043E-03
-1.065196237E-03
-1.063150703E-03
-1.061037765E-03
-1.058854163E-03
-1.056596288E-03
-1.054260298E-03
-1.051841886E-03
-1.049335813E-03
-1.046736608E-03
-1.044037752E-03
-1.041231561E-03
-1.038309070E-03
-1.035259804E-03
-1.032070839E-03
-1.028726227E-03
-1.025205827E-03
-1.021483215E-03
-1.017521950E-03
-1.013269648E-03
-1.008641440E-03
-1.003486454E-03
-9.973641718E-04
