-1.058829366E-03
-9.387342725E-04
-9.397544200E-04
-9.460604633E-04
-9.516169084E-04
-9.565008804E-04
-9.609415429E-04
-9.650557768E-04
-9.689074359E-04
-9.725402342E-04
-9.759848472E-04
-9.792643832E-04
-9.823965374E-04
-9.853957454E-04
-9.882736485E-04
-9.910399094E-04
-9.937026771E-04
-9.962690528E-04
-9.987452067E-04
-1.001136261E-03
-1.003447105E-03
-1.005681814E-03
-1.007843995E-03
-1.009937027E-03
-1.011964167E-03
-1.013927860E-03
-1.015830669E-03
-1.017675037E-03
-1.019462827E-03
-1.021196018E-03
-1.022876473E-03
-1.024505822E-03
-1.026085578E-03
-1.027617021E-03
-1.029101666E-03
-1.030540676E-03
-1.031935215E-03
-1.033286215E-03
-1.034594956E-03
-1.035862137E-03
-1.037088688E-03
-1.038275659E-03
-1.039423514E-03
-1.040533185E-03
-1.041605370E-03
-1.042640768E-03
-1.043639728E-03
-1.044603181E-03
-1.045531477E-03
-1.046425314E-03
-1.047284924E-03
-1.048111008E-03
-1.048903796E-03
-1.049663872E-03
-1.050391584E-03
-1.051087282E-03
-1.051751315E-03
-1.052384032E-03
-1.052985666E-03
-1.053556567E-03
-1.054097083E-03
-1.054607332E-03
-1.055087545E-03
-1.055538072E-03
-1.055959030E-03
-1.056350651E-03
-1.056713052E-03
-1.057046349E-03
-1.057350775E-03
-1.057626563E-03
-1.057873596E-03
-1.058092224E-03
-1.058282331E-03
-1.058444032E-03
-1.058577560E-03
-1.058682683E-03
-1.058759750E-03
-1.058808644E-03
-1.058822032E-03
-1.058786409E-03
-1.058722730E-03
-1.058630878E-03
-1.058510737E-03
-1.058362308E-03
-1.058185473E-03
-1.057980349E-03
-1.057746587E-03
-1.057484187E-03
-1.057193032E-03
-1.056873007E-03
-1.056523994E-03
-1.056145760E-03
-1.055738190E-03
-1.055300934E-03
-1.054834109E-03
-1.054337132E-03
-1.053810003E-03
-1.053252490E-03
-1.052664127E-03
-1.052044798E-03
-1.051394152E-03
-1.050711842E-03
-1.049997518E-03
-1.049250714E-03
-1.048471313E-03
-1.047658618E-03
-1.046812278E-03
-1.045931946E-03
-1.045017038E-03
-1.044066972E-03
-1.043081284E-03
-1.042059390E-03
-1.041000593E-03
-1.039904193E-03
-1.038769726E-03
-1.037596259E-03
-1.036382979E-03
-1.035129186E-03
-1.033833949E-03
-1.032496337E-03
-1.031115302E-03
-1.029689680E-03
-1.028218423E-03
-1.026700367E-03
-1.025134115E-03
-1.023518154E-03
-1.021851203E-03
-1.020131400E-03
-1.018356998E-03
-1.016526134E-03
-1.014636829E-03
-1.012686524E-03
-1.010673004E-03
-1.008593361E-03
-1.006444567E-03
-1.004223363E-03
-1.001926139E-03
-9.995484725E-04
-9.970859392E-04
-9.945329512E-04
-9.918836877E-04
-9.891309310E-04
-9.862666484E-04
-9.832809446E-04
-9.801622946E-04
-9.768963791E-04
-9.734652704E-04
-9.698460344E-04
-9.660079377E-04
-9.619072662E-04
-9.574802243E-04
-9.526098147E-04
-9.470670484E-04
-1.058822498E-03
-1.058787690E-03
-1.058724825E-03
-1.058633672E-03
-1.058514346E-03
-1.058366732E-03
-1.058190828E-03
-1.057986403E-03
-1.057753689E-03
-1.057492220E-03
-1.057202229E-03
-1.056883251E-03
-1.056535402E-03
-1.056158450E-03
-1.055752276E-03
-1.055316534E-03
-1.054851222E-03
-1.054355991E-03
-1.053830609E-03
-1.053274958E-03
-1.052688691E-03
-1.052071573E-03
-1.051423256E-03
-1.050743391E-03
-1.050031744E-03
-1.049287966E-03
-1.048511476E-03
-1.047702157E-03
-1.046859310E-03
-1.045982703E-03
-1.045071753E-03
-1.044125878E-03
-1.043144730E-03
-1.042127609E-03
-1.041073934E-03
-1.039983123E-03
-1.038854360E-03
-1.037687063E-03
-1.036480418E-03
-1.035233610E-03
-1.033945824E-03
-1.032616128E-03
-1.031243475E-03
-1.029826817E-03
-1.028365223E-03
-1.026857295E-03
-1.025301754E-03
-1.023697434E-03
-1.022042707E-03
-1.020336058E-03
-1.018575858E-03
-1.016760012E-03
-1.014886773E-03
-1.012953697E-03
-1.010958687E-03
-1.008898951E-03
-1.006771694E-03
-1.004573656E-03
-1.002301462E-03
-9.999510366E-04
-9.975180728E-04
-9.949975647E-04
-9.923838079E-04
-9.896701667E-04
-9.868491907E-04
-9.839120321E-04
-9.808478644E-04
-9.776439983E-04
-9.742844268E-04
-9.707490681E-04
-9.670113213E-04
-9.630348650E-04
-9.587674285E-04
-9.541240288E-04
-9.489535005E-04
-9.428160265E-04
-1.058829250E-03
-1.058807713E-03
-1.058758120E-03
-1.058680355E-03
-1.058574300E-03
-1.058440073E-03
-1.058277441E-03
-1.058086520E-03
-1.057866961E-03
-1.057618996E-03
-1.057342277E-03
-1.057036687E-03
-1.056702109E-03
-1.056338544E-03
-1.055945642E-03
-1.055523288E-03
-1.055071247E-03
-1.054589404E-03
-1.054077409E-03
-1.053535147E-03
-1.052962150E-03
-1.052358421E-03
-1.051723375E-03
-1.051056897E-03
-1.050358638E-03
-1.049628132E-03
-1.048865146E-03
-1.048069098E-03
-1.047239639E-03
-1.046376419E-03
-1.045478857E-03
-1.044546370E-03
-1.043578610E-03
-1.042574877E-03
-1.041534590E-03
-1.040457166E-03
-1.039341791E-03
-1.038187882E-03
-1.036994625E-03
-1.035761321E-03
-1.034486806E-03
-1.033170498E-03
-1.031811349E-03
-1.030408079E-03
-1.028959872E-03
-1.027465332E-03
-1.025923295E-03
-1.024332480E-03
-1.022691140E-03
-1.020997996E-03
-1.019251067E-03
-1.017448725E-03
-1.015588990E-03
-1.013669418E-03
-1.011687797E-03
-1.009641564E-03
-1.007527811E-03
-1.005343278E-03
-1.003084471E-03
-1.000747667E-03
-9.983280906E-04
-9.958210867E-04
-9.932208341E-04
-9.905206971E-04
-9.877133416E-04
-9.847896872E-04
-9.817390237E-04
-9.785487782E-04
-9.752027108E-04
-9.716809145E-04
-9.679567302E-04
-9.639938944E-04
-9.597399621E-04
-9.551101248E-04
-9.499532753E-04
-9.438294219E-04
