-1.049315440E-03
-9.292160394E-04
-9.302363032E-04
-9.365425212E-04
-9.420992574E-04
-9.469834622E-04
-9.514244157E-04
-9.555388824E-04
-9.593907744E-04
-9.630238637E-04
-9.664686513E-04
-9.697483620E-04
-9.728807490E-04
-9.758801898E-04
-9.787582094E-04
-9.815245867E-04
-9.841875872E-04
-9.867541958E-04
-9.892303497E-04
-9.916216368E-04
-9.939325973E-04
-9.961673059E-04
-9.983296040E-04
-1.000422868E-03
-1.002450008E-03
-1.004413818E-03
-1.006316743E-03
-1.008161111E-03
-1.009948901E-03
-1.011682209E-03
-1.013362780E-03
-1.014992129E-03
-1.016571885E-03
-1.018103445E-03
-1.019588090E-03
-1.021027099E-03
-1.022421638E-03
-1.023772755E-03
-1.025081379E-03
-1.026348677E-03
-1.027575228E-03
-1.028762083E-03
-1.029910054E-03
-1.031019725E-03
-1.032091910E-03
-1.033127191E-03
-1.034126268E-03
-1.035089721E-03
-1.036018017E-03
-1.036911737E-03
-1.037771348E-03
-1.038597431E-03
-1.039390219E-03
-1.040150295E-03
-1.040878007E-03
-1.041573705E-03
-1.042237622E-03
-1.042870339E-03
-1.043471973E-03
-1.044042874E-03
-1.044583390E-03
-1.045093522E-03
-1.045573852E-03
-1.046024263E-03
-1.046445221E-03
-1.046836842E-03
-1.047199243E-03
-1.047532540E-03
-1.047836966E-03
-1.048112637E-03
-1.048359787E-03
-1.048578299E-03
-1.048768405E-03
-1.048930106E-03
-1.049063634E-03
-1.049168874E-03
-1.049245824E-03
-1.049294719E-03
-1.049308106E-03
-1.049272600E-03
-1.049208804E-03
-1.049116952E-03
-1.048996812E-03
-1.048848382E-03
-1.048671664E-03
-1.048466424E-03
-1.048232778E-03
-1.047970378E-03
-1.047679223E-03
-1.047359197E-03
-1.047010184E-03
-1.046631951E-03
-1.046224381E-03
-1.045787241E-03
-1.045320416E-03
-1.044823439E-03
-1.044296427E-03
-1.043738797E-03
-1.043150551E-03
-1.042531221E-03
-1.041880576E-03
-1.041198266E-03
-1.040483941E-03
-1.039737253E-03
-1.038957736E-03
-1.038145158E-03
-1.037298818E-03
-1.036418485E-03
-1.035503577E-03
-1.034553512E-03
-1.033567823E-03
-1.032545930E-03
-1.031487132E-03
-1.030390849E-03
-1.029256266E-03
-1.028082799E-03
-1.026869635E-03
-1.025615842E-03
-1.024320489E-03
-1.022982877E-03
-1.021601725E-03
-1.020176103E-03
-1.018704963E-03
-1.017186791E-03
-1.015620423E-03
-1.014004461E-03
-1.012337394E-03
-1.010617591E-03
-1.008843188E-03
-1.007012208E-03
-1.005122787E-03
-1.003172481E-03
-1.001158846E-03
-9.990790859E-04
-9.969301755E-04
-9.947089711E-04
-9.924115147E-04
-9.900337318E-04
-9.875709657E-04
-9.850179777E-04
-9.823684813E-04
-9.796156082E-04
-9.767510928E-04
-9.737652726E-04
-9.706463898E-04
-9.673802415E-04
-9.639489581E-04
-9.603294893E-04
-9.564911597E-04
-9.523902554E-04
-9.479629225E-04
-9.430922801E-04
-9.375492227E-04
-1.049308688E-03
-1.049273880E-03
-1.049210900E-03
-1.049119746E-03
-1.049000421E-03
-1.048852806E-03
-1.048676902E-03
-1.048472594E-03
-1.048239763E-03
-1.047978410E-03
-1.047688304E-03
-1.047369442E-03
-1.047021593E-03
-1.046644640E-03
-1.046238467E-03
-1.045802725E-03
-1.045337413E-03
-1.044842182E-03
-1.044316916E-03
-1.043761265E-03
-1.043174998E-03
-1.042557880E-03
-1.041909563E-03
-1.041229814E-03
-1.040518167E-03
-1.039774390E-03
-1.038997900E-03
-1.038188580E-03
-1.037345850E-03
-1.036469126E-03
-1.035558176E-03
-1.034612418E-03
-1.033631270E-03
-1.032614149E-03
-1.031560474E-03
-1.030469663E-03
-1.029340900E-03
-1.028173603E-03
-1.026966958E-03
-1.025720150E-03
-1.024432364E-03
-1.023102552E-03
-1.021729899E-03
-1.020313241E-03
-1.018851530E-03
-1.017343602E-03
-1.015788177E-03
-1.014183741E-03
-1.012529014E-03
-1.010822249E-03
-1.009061933E-03
-1.007246086E-03
-1.005372731E-03
-1.003439655E-03
-1.001444529E-03
-9.993846761E-04
-9.972573025E-04
-9.950592648E-04
-9.927868377E-04
-9.904362960E-04
-9.880032158E-04
-9.854824748E-04
-9.828686016E-04
-9.801548440E-04
-9.773336351E-04
-9.743963019E-04
-9.713320178E-04
-9.681279189E-04
-9.647681727E-04
-9.612325230E-04
-9.574946016E-04
-9.535179124E-04
-9.492501849E-04
-9.446064942E-04
-9.394357330E-04
-9.332979680E-04
-1.049315324E-03
-1.049293787E-03
-1.049244194E-03
-1.049166429E-03
-1.049060374E-03
-1.048926148E-03
-1.048763632E-03
-1.048572594E-03
-1.048353151E-03
-1.048105070E-03
-1.047828351E-03
-1.047522877E-03
-1.047188416E-03
-1.046824735E-03
-1.046431833E-03
-1.046009478E-03
-1.045557554E-03
-1.045075711E-03
-1.044563716E-03
-1.044021454E-03
-1.043448574E-03
-1.042844728E-03
-1.042209798E-03
-1.041543321E-03
-1.040845062E-03
-1.040114672E-03
-1.039351569E-03
-1.038555638E-03
-1.037726179E-03
-1.036862959E-03
-1.035965397E-03
-1.035032910E-03
-1.034065150E-03
-1.033061417E-03
-1.032021130E-03
-1.030943706E-03
-1.029828331E-03
-1.028674538E-03
-1.027481281E-03
-1.026247861E-03
-1.024973462E-03
-1.023657038E-03
-1.022297773E-03
-1.020894619E-03
-1.019446296E-03
-1.017951756E-03
-1.016409718E-03
-1.014818787E-03
-1.013177447E-03
-1.011484186E-03
-1.009737258E-03
-1.007934916E-03
-1.006074948E-03
-1.004155376E-03
-1.002173754E-03
-1.000127406E-03
-9.980134200E-04
-9.958288865E-04
-9.935699636E-04
-9.912329260E-04
-9.888133500E-04
-9.863061132E-04
-9.837057441E-04
-9.810054908E-04
-9.781979024E-04
-9.752740152E-04
-9.722232353E-04
-9.690327570E-04
-9.656865150E-04
-9.621644858E-04
-9.584400686E-04
-9.544770001E-04
-9.502228349E-04
-9.455927066E-04
-9.404355660E-04
-9.343114216E-04
