-1.033979701E-03
-9.138752939E-04
-9.148959653E-04
-9.212022414E-04
-9.267593850E-04
-9.316440555E-04
-9.360853583E-04
-9.402001742E-04
-9.440524154E-04
-9.476858540E-04
-9.511309327E-04
-9.544109926E-04
-9.575436125E-04
-9.605432861E-04
-9.634215967E-04
-9.661882650E-04
-9.688513819E-04
-9.714182233E-04
-9.738946101E-04
-9.762860718E-04
-9.785970906E-04
-9.808320319E-04
-9.829944465E-04
-9.850878268E-04
-9.871150833E-04
-9.890790097E-04
-9.909820510E-04
-9.928264190E-04
-9.946143255E-04
-9.963477496E-04
-9.980283212E-04
-9.996576700E-04
-1.001237542E-03
-1.002769102E-03
-1.004253747E-03
-1.005692757E-03
-1.007087296E-03
-1.008438412E-03
-1.009747037E-03
-1.011014218E-03
-1.012240886E-03
-1.013427740E-03
-1.014575595E-03
-1.015685266E-03
-1.016757451E-03
-1.017792732E-03
-1.018791692E-03
-1.019755029E-03
-1.020683325E-03
-1.021577045E-03
-1.022436656E-03
-1.023262623E-03
-1.024055295E-03
-1.024815370E-03
-1.025542966E-03
-1.026238664E-03
-1.026902581E-03
-1.027535181E-03
-1.028136816E-03
-1.028707717E-03
-1.029248117E-03
-1.029758248E-03
-1.030238462E-03
-1.030688873E-03
-1.031109830E-03
-1.031501335E-03
-1.031863620E-03
-1.032196917E-03
-1.032501343E-03
-1.032777014E-03
-1.033024048E-03
-1.033242675E-03
-1.033432665E-03
-1.033594483E-03
-1.033727895E-03
-1.033833134E-03
-1.033910201E-03
-1.033958979E-03
-1.033972367E-03
-1.033936860E-03
-1.033873181E-03
-1.033781213E-03
-1.033661189E-03
-1.033512759E-03
-1.033336041E-03
-1.033130800E-03
-1.032897155E-03
-1.032634871E-03
-1.032343716E-03
-1.032023807E-03
-1.031674794E-03
-1.031296561E-03
-1.030889107E-03
-1.030451967E-03
-1.029985142E-03
-1.029488281E-03
-1.028961269E-03
-1.028403756E-03
-1.027815510E-03
-1.027196296E-03
-1.026545651E-03
-1.025863341E-03
-1.025149133E-03
-1.024402445E-03
-1.023623045E-03
-1.022810466E-03
-1.021964243E-03
-1.021084026E-03
-1.020169118E-03
-1.019219169E-03
-1.018233481E-03
-1.017211587E-03
-1.016152790E-03
-1.015056623E-03
-1.013922039E-03
-1.012748689E-03
-1.011535409E-03
-1.010281616E-03
-1.008986379E-03
-1.007648767E-03
-1.006267616E-03
-1.004841994E-03
-1.003370737E-03
-1.001852681E-03
-1.000286313E-03
-9.986703517E-04
-9.970031679E-04
-9.952832479E-04
-9.935088456E-04
-9.916778654E-04
-9.897882119E-04
-9.878379060E-04
-9.858240373E-04
-9.837442776E-04
-9.815952508E-04
-9.793738136E-04
-9.770762408E-04
-9.746983415E-04
-9.722354007E-04
-9.696821799E-04
-9.670325089E-04
-9.642794030E-04
-9.614146547E-04
-9.584284853E-04
-9.553093696E-04
-9.520429303E-04
-9.486113559E-04
-9.449915378E-04
-9.411529172E-04
-9.370516054E-04
-9.326239233E-04
-9.277528734E-04
-9.222093504E-04
-1.033972949E-03
-1.033938141E-03
-1.033875160E-03
-1.033784007E-03
-1.033664681E-03
-1.033517066E-03
-1.033341163E-03
-1.033136970E-03
-1.032904140E-03
-1.032642787E-03
-1.032352797E-03
-1.032033935E-03
-1.031686086E-03
-1.031309250E-03
-1.030903077E-03
-1.030467334E-03
-1.030002139E-03
-1.029506908E-03
-1.028981642E-03
-1.028426108E-03
-1.027839840E-03
-1.027222839E-03
-1.026574522E-03
-1.025894773E-03
-1.025183243E-03
-1.024439465E-03
-1.023663091E-03
-1.022853772E-03
-1.022011042E-03
-1.021134434E-03
-1.020223601E-03
-1.019277843E-03
-1.018296694E-03
-1.017279574E-03
-1.016226015E-03
-1.015135203E-03
-1.014006441E-03
-1.012839261E-03
-1.011632616E-03
-1.010385808E-03
-1.009098021E-03
-1.007768209E-03
-1.006395556E-03
-1.004978898E-03
-1.003517187E-03
-1.002009260E-03
-1.000453718E-03
-9.988492820E-04
-9.971945547E-04
-9.954877896E-04
-9.937273571E-04
-9.919113945E-04
-9.900379227E-04
-9.881047299E-04
-9.861094877E-04
-9.840496350E-04
-9.819221450E-04
-9.797238745E-04
-9.774513310E-04
-9.751006728E-04
-9.726673597E-04
-9.701464442E-04
-9.675323381E-04
-9.648183477E-04
-9.619969642E-04
-9.590593399E-04
-9.559947648E-04
-9.527903749E-04
-9.494303376E-04
-9.458943969E-04
-9.421560680E-04
-9.381790296E-04
-9.339108947E-04
-9.292668547E-04
-9.240956861E-04
-9.179574554E-04
-1.033979584E-03
-1.033958164E-03
-1.033908455E-03
-1.033830689E-03
-1.033724751E-03
-1.033590524E-03
-1.033427892E-03
-1.033236971E-03
-1.033017528E-03
-1.032769564E-03
-1.032492844E-03
-1.032187371E-03
-1.031852909E-03
-1.031489344E-03
-1.031096559E-03
-1.030674204E-03
-1.030222280E-03
-1.029740437E-03
-1.029228559E-03
-1.028686296E-03
-1.028113533E-03
-1.027509803E-03
-1.026874874E-03
-1.026208512E-03
-1.025510253E-03
-1.024779864E-03
-1.024016878E-03
-1.023220946E-03
-1.022391603E-03
-1.021528384E-03
-1.020630938E-03
-1.019698568E-03
-1.018730807E-03
-1.017727074E-03
-1.016686903E-03
-1.015609480E-03
-1.014494104E-03
-1.013340312E-03
-1.012147055E-03
-1.010913635E-03
-1.009639236E-03
-1.008322928E-03
-1.006963663E-03
-1.005560509E-03
-1.004112186E-03
-1.002617646E-03
-1.001075609E-03
-9.994845605E-04
-9.978432208E-04
-9.961499600E-04
-9.944030317E-04
-9.926004568E-04
-9.907404892E-04
-9.888208006E-04
-9.868390625E-04
-9.847925976E-04
-9.826786118E-04
-9.804938454E-04
-9.782348061E-04
-9.758975939E-04
-9.734777850E-04
-9.709704318E-04
-9.683697717E-04
-9.656693437E-04
-9.628615226E-04
-9.599374025E-04
-9.568863898E-04
-9.536956204E-04
-9.503490874E-04
-9.468267090E-04
-9.431019425E-04
-9.391385247E-04
-9.348839521E-04
-9.302534745E-04
-9.250959265E-04
-9.189713746E-04
