-1.015708433E-03
-8.956022793E-04
-8.966234745E-04
-9.029296925E-04
-9.084873018E-04
-9.133723215E-04
-9.178140317E-04
-9.219292551E-04
-9.257818456E-04
-9.294155752E-04
-9.328610031E-04
-9.361412958E-04
-9.392742068E-04
-9.422741132E-04
-9.451525984E-04
-9.479194996E-04
-9.505828493E-04
-9.531497490E-04
-9.556263103E-04
-9.580178885E-04
-9.603290819E-04
-9.625640814E-04
-9.647266124E-04
-9.668200510E-04
-9.688473656E-04
-9.708112921E-04
-9.727143333E-04
-9.745587595E-04
-9.763467242E-04
-9.780800901E-04
-9.797606617E-04
-9.813900106E-04
-9.829697665E-04
-9.845013265E-04
-9.859859711E-04
-9.874248644E-04
-9.888194036E-04
-9.901704034E-04
-9.914789116E-04
-9.927460924E-04
-9.939725278E-04
-9.951593820E-04
-9.963071207E-04
-9.974166751E-04
-9.984887438E-04
-9.995239088E-04
-1.000522752E-03
-1.001486089E-03
-1.002414152E-03
-1.003307756E-03
-1.004167250E-03
-1.004993101E-03
-1.005785773E-03
-1.006545615E-03
-1.007273211E-03
-1.007968676E-03
-1.008632593E-03
-1.009265077E-03
-1.009866595E-03
-1.010437380E-03
-1.010977663E-03
-1.011487679E-03
-1.011967892E-03
-1.012418186E-03
-1.012839028E-03
-1.013230416E-03
-1.013592700E-03
-1.013925998E-03
-1.014230307E-03
-1.014505979E-03
-1.014753012E-03
-1.014971407E-03
-1.015161513E-03
-1.015323214E-03
-1.015456626E-03
-1.015561866E-03
-1.015638816E-03
-1.015687711E-03
-1.015701098E-03
-1.015665592E-03
-1.015601913E-03
-1.015510061E-03
-1.015389920E-03
-1.015241607E-03
-1.015064889E-03
-1.014859765E-03
-1.014626119E-03
-1.014363836E-03
-1.014072797E-03
-1.013752888E-03
-1.013403991E-03
-1.013025991E-03
-1.012618537E-03
-1.012181514E-03
-1.011714689E-03
-1.011217944E-03
-1.010691049E-03
-1.010133652E-03
-1.009545522E-03
-1.008926425E-03
-1.008275896E-03
-1.007593703E-03
-1.006879611E-03
-1.006133039E-03
-1.005353755E-03
-1.004541293E-03
-1.003695186E-03
-1.002815086E-03
-1.001900295E-03
-1.000950462E-03
-9.999648901E-04
-9.989431128E-04
-9.978845483E-04
-9.967883816E-04
-9.956539143E-04
-9.944805643E-04
-9.932675166E-04
-9.920138400E-04
-9.907187195E-04
-9.893811075E-04
-9.880000725E-04
-9.865745669E-04
-9.851033101E-04
-9.835852543E-04
-9.820188861E-04
-9.804029251E-04
-9.787358576E-04
-9.770159377E-04
-9.752415353E-04
-9.734105552E-04
-9.715209599E-04
-9.695704794E-04
-9.675566689E-04
-9.654767928E-04
-9.633277077E-04
-9.611062123E-04
-9.588085231E-04
-9.564305074E-04
-9.539674502E-04
-9.514139965E-04
-9.487641510E-04
-9.460108704E-04
-9.431458893E-04
-9.401595453E-04
-9.370401967E-04
-9.337734664E-04
-9.303416009E-04
-9.267214919E-04
-9.228824638E-04
-9.187808027E-04
-9.143527132E-04
-9.094812558E-04
-9.039373253E-04
-1.015701564E-03
-1.015666756E-03
-1.015603892E-03
-1.015512738E-03
-1.015393413E-03
-1.015245914E-03
-1.015070011E-03
-1.014865818E-03
-1.014632988E-03
-1.014371752E-03
-1.014081761E-03
-1.013763016E-03
-1.013415284E-03
-1.013038447E-03
-1.012632274E-03
-1.012196764E-03
-1.011731569E-03
-1.011236454E-03
-1.010711305E-03
-1.010155771E-03
-1.009569736E-03
-1.008952735E-03
-1.008304534E-03
-1.007624902E-03
-1.006913488E-03
-1.006169827E-03
-1.005393569E-03
-1.004584366E-03
-1.003741752E-03
-1.002865261E-03
-1.001954428E-03
-1.001008786E-03
-1.000027871E-03
-9.990108665E-04
-9.979573078E-04
-9.968666127E-04
-9.957380826E-04
-9.945709025E-04
-9.933643742E-04
-9.921176825E-04
-9.908298962E-04
-9.895002004E-04
-9.881276637E-04
-9.867110057E-04
-9.852494113E-04
-9.837414837E-04
-9.821859421E-04
-9.805816226E-04
-9.789267788E-04
-9.772201302E-04
-9.754596977E-04
-9.736437351E-04
-9.717702633E-04
-9.698370704E-04
-9.678417700E-04
-9.657818009E-04
-9.636541945E-04
-9.614558658E-04
-9.591832641E-04
-9.568324313E-04
-9.543990018E-04
-9.518779698E-04
-9.492636309E-04
-9.465494659E-04
-9.437278495E-04
-9.407899925E-04
-9.377252427E-04
-9.345205617E-04
-9.311601752E-04
-9.276239434E-04
-9.238853236E-04
-9.199078777E-04
-9.156393935E-04
-9.109949460E-04
-9.058233118E-04
-8.996847318E-04
-1.015708316E-03
-1.015686779E-03
-1.015637186E-03
-1.015559421E-03
-1.015453483E-03
-1.015319256E-03
-1.015156740E-03
-1.014965936E-03
-1.014746493E-03
-1.014498528E-03
-1.014221925E-03
-1.013916568E-03
-1.013582107E-03
-1.013218658E-03
-1.012825873E-03
-1.012403634E-03
-1.011951827E-03
-1.011470100E-03
-1.010958338E-03
-1.010416192E-03
-1.009843429E-03
-1.009239815E-03
-1.008605119E-03
-1.007938758E-03
-1.007240731E-03
-1.006510458E-03
-1.005747588E-03
-1.004951773E-03
-1.004122547E-03
-1.003259444E-03
-1.002361998E-03
-1.001429744E-03
-1.000462100E-03
-9.994585998E-04
-9.984184289E-04
-9.973411215E-04
-9.962259792E-04
-9.950721869E-04
-9.938790463E-04
-9.926458588E-04
-9.913714603E-04
-9.900552686E-04
-9.886961197E-04
-9.872929659E-04
-9.858447593E-04
-9.843502194E-04
-9.828081820E-04
-9.812172502E-04
-9.795759106E-04
-9.778826497E-04
-9.761356632E-04
-9.743332048E-04
-9.724732372E-04
-9.705534903E-04
-9.685716941E-04
-9.665251710E-04
-9.644110687E-04
-9.622262442E-04
-9.599671466E-04
-9.576298180E-04
-9.552098927E-04
-9.527023649E-04
-9.501015302E-04
-9.474009275E-04
-9.445929318E-04
-9.416685789E-04
-9.386173333E-04
-9.354262729E-04
-9.320794488E-04
-9.285567794E-04
-9.248316637E-04
-9.208678966E-04
-9.166129748E-04
-9.119820897E-04
-9.068241343E-04
-9.006991750E-04
