-1.198553364E-03
-1.078585978E-03
-1.079606474E-03
-1.085907104E-03
-1.091458602E-03
-1.096337801E-03
-1.100773807E-03
-1.104883500E-03
-1.108730794E-03
-1.112359343E-03
-1.115799765E-03
-1.119075343E-03
-1.122203656E-03
-1.125199138E-03
-1.128073316E-03
-1.130836084E-03
-1.133495476E-03
-1.136058709E-03
-1.138531603E-03
-1.140919630E-03
-1.143227564E-03
-1.145459362E-03
-1.147618867E-03
-1.149709336E-03
-1.151733915E-03
-1.153695164E-03
-1.155595761E-03
-1.157437800E-03
-1.159223495E-03
-1.160954591E-03
-1.162633183E-03
-1.164260553E-03
-1.165838563E-03
-1.167368260E-03
-1.168851275E-03
-1.170288771E-03
-1.171681797E-03
-1.173031400E-03
-1.174338628E-03
-1.175604528E-03
-1.176829915E-03
-1.178015722E-03
-1.179162413E-03
-1.180271152E-03
-1.181342290E-03
-1.182376640E-03
-1.183374785E-03
-1.184337423E-03
-1.185264904E-03
-1.186157926E-03
-1.187016838E-03
-1.187842223E-03
-1.188634429E-03
-1.189393923E-03
-1.190121053E-03
-1.190816285E-03
-1.191479852E-03
-1.192112104E-03
-1.192713273E-03
-1.193283824E-03
-1.193823875E-03
-1.194333890E-03
-1.194813754E-03
-1.195264049E-03
-1.195684657E-03
-1.196076046E-03
-1.196438214E-03
-1.196771394E-03
-1.197075588E-03
-1.197351259E-03
-1.197598176E-03
-1.197816571E-03
-1.198006561E-03
-1.198168262E-03
-1.198301674E-03
-1.198406797E-03
-1.198483864E-03
-1.198532642E-03
-1.198546030E-03
-1.198510523E-03
-1.198446844E-03
-1.198354992E-03
-1.198234968E-03
-1.198086655E-03
-1.197909936E-03
-1.197704813E-03
-1.197471283E-03
-1.197209116E-03
-1.196918078E-03
-1.196598285E-03
-1.196249505E-03
-1.195871504E-03
-1.195464167E-03
-1.195027260E-03
-1.194560667E-03
-1.194064156E-03
-1.193537377E-03
-1.192980213E-03
-1.192392316E-03
-1.191773452E-03
-1.191123272E-03
-1.190441428E-03
-1.189727685E-03
-1.188981580E-03
-1.188202645E-03
-1.187390648E-03
-1.186545123E-03
-1.185665489E-03
-1.184751396E-03
-1.183802146E-03
-1.182817388E-03
-1.181796426E-03
-1.180738676E-03
-1.179643325E-03
-1.178510021E-03
-1.177337719E-03
-1.176125719E-03
-1.174873207E-03
-1.173579367E-03
-1.172243035E-03
-1.170863514E-03
-1.169439522E-03
-1.167969895E-03
-1.166453585E-03
-1.164889080E-03
-1.163275097E-03
-1.161610009E-03
-1.159892301E-03
-1.158119994E-03
-1.156291459E-03
-1.154404366E-03
-1.152456505E-03
-1.150445547E-03
-1.148368465E-03
-1.146222465E-03
-1.144004171E-03
-1.141709741E-03
-1.139335218E-03
-1.136875711E-03
-1.134326099E-03
-1.131680212E-03
-1.128930948E-03
-1.126070274E-03
-1.123088296E-03
-1.119973487E-03
-1.116711646E-03
-1.113284612E-03
-1.109669684E-03
-1.105836011E-03
-1.101739821E-03
-1.097317436E-03
-1.092451857E-03
-1.086914097E-03
-1.198546612E-03
-1.198511804E-03
-1.198448823E-03
-1.198357786E-03
-1.198238460E-03
-1.198090962E-03
-1.197915175E-03
-1.197710866E-03
-1.197478268E-03
-1.197217032E-03
-1.196927158E-03
-1.196608413E-03
-1.196260797E-03
-1.195884077E-03
-1.195478020E-03
-1.195042627E-03
-1.194577548E-03
-1.194082666E-03
-1.193557633E-03
-1.193002332E-03
-1.192416530E-03
-1.191799878E-03
-1.191151910E-03
-1.190472627E-03
-1.189761562E-03
-1.189018250E-03
-1.188242459E-03
-1.187433721E-03
-1.186591573E-03
-1.185715664E-03
-1.184805529E-03
-1.183860586E-03
-1.182880253E-03
-1.181864063E-03
-1.180811320E-03
-1.179721556E-03
-1.178593840E-03
-1.177427708E-03
-1.176222228E-03
-1.174976700E-03
-1.173690311E-03
-1.172361895E-03
-1.170990756E-03
-1.169575611E-03
-1.168115530E-03
-1.166609349E-03
-1.165055670E-03
-1.163453213E-03
-1.161800348E-03
-1.160095679E-03
-1.158337574E-03
-1.156523940E-03
-1.154652913E-03
-1.152722281E-03
-1.150729717E-03
-1.148672542E-03
-1.146547962E-03
-1.144352718E-03
-1.142083434E-03
-1.139735919E-03
-1.137305982E-03
-1.134788734E-03
-1.132178237E-03
-1.129468088E-03
-1.126650721E-03
-1.123717171E-03
-1.120656962E-03
-1.117456937E-03
-1.114101498E-03
-1.110570272E-03
-1.106836833E-03
-1.102864859E-03
-1.098601962E-03
-1.093963278E-03
-1.088797697E-03
-1.082665287E-03
-1.198553247E-03
-1.198531827E-03
-1.198482234E-03
-1.198404469E-03
-1.198298531E-03
-1.198164304E-03
-1.198001788E-03
-1.197810983E-03
-1.197591657E-03
-1.197343809E-03
-1.197067206E-03
-1.196761848E-03
-1.196427504E-03
-1.196064171E-03
-1.195671503E-03
-1.195249381E-03
-1.194797689E-03
-1.194316195E-03
-1.193804550E-03
-1.193262637E-03
-1.192690106E-03
-1.192086725E-03
-1.191452262E-03
-1.190786366E-03
-1.190088573E-03
-1.189358649E-03
-1.188596245E-03
-1.187800895E-03
-1.186972135E-03
-1.186109614E-03
-1.185212750E-03
-1.184281195E-03
-1.183314249E-03
-1.182311447E-03
-1.181272208E-03
-1.180195715E-03
-1.179081504E-03
-1.177928760E-03
-1.176736667E-03
-1.175504527E-03
-1.174231526E-03
-1.172916498E-03
-1.171558746E-03
-1.170157106E-03
-1.168710529E-03
-1.167217619E-03
-1.165677444E-03
-1.164088375E-03
-1.162449014E-03
-1.160757849E-03
-1.159013133E-03
-1.157212886E-03
-1.155355363E-03
-1.153438236E-03
-1.151459059E-03
-1.149415388E-03
-1.147304312E-03
-1.145122573E-03
-1.142866677E-03
-1.140532782E-03
-1.138116349E-03
-1.135612605E-03
-1.133015612E-03
-1.130318968E-03
-1.127515105E-03
-1.124595175E-03
-1.121548354E-03
-1.118361950E-03
-1.115020015E-03
-1.111502410E-03
-1.107782591E-03
-1.103824121E-03
-1.099574845E-03
-1.094949781E-03
-1.089797821E-03
-1.083678915E-03
