-1.096423832E-03
-9.763513226E-04
-9.773756610E-04
-9.836762911E-04
-9.892315138E-04
-9.941143217E-04
-9.985538200E-04
-1.002667006E-03
-1.006517676E-03
-1.010149485E-03
-1.013593166E-03
-1.016871771E-03
-1.020003110E-03
-1.023001503E-03
-1.025878475E-03
-1.028644037E-03
-1.031306107E-03
-1.033871784E-03
-1.036347239E-03
-1.038737711E-03
-1.041047974E-03
-1.043282100E-03
-1.045443700E-03
-1.047536382E-03
-1.049562939E-03
-1.051526167E-03
-1.053428627E-03
-1.055272529E-03
-1.057059970E-03
-1.058792812E-03
-1.060473034E-03
-1.062102034E-03
-1.063681440E-03
-1.065212651E-03
-1.066697063E-03
-1.068135840E-03
-1.069530146E-03
-1.070881030E-03
-1.072189538E-03
-1.073456602E-03
-1.074683038E-03
-1.075869892E-03
-1.077017630E-03
-1.078127301E-03
-1.079199370E-03
-1.080234651E-03
-1.081233611E-03
-1.082196948E-03
-1.083125244E-03
-1.084018964E-03
-1.084878575E-03
-1.085704658E-03
-1.086497447E-03
-1.087257522E-03
-1.087985234E-03
-1.088680932E-03
-1.089344965E-03
-1.089977683E-03
-1.090579433E-03
-1.091150334E-03
-1.091690850E-03
-1.092201099E-03
-1.092681428E-03
-1.093131956E-03
-1.093552914E-03
-1.093944535E-03
-1.094307052E-03
-1.094640349E-03
-1.094944892E-03
-1.095220679E-03
-1.095467829E-03
-1.095686341E-03
-1.095876563E-03
-1.096038264E-03
-1.096171793E-03
-1.096277032E-03
-1.096354099E-03
-1.096402993E-03
-1.096416498E-03
-1.096380875E-03
-1.096317195E-03
-1.096225344E-03
-1.096105203E-03
-1.095956890E-03
-1.095780055E-03
-1.095574931E-03
-1.095341169E-03
-1.095078769E-03
-1.094787731E-03
-1.094467705E-03
-1.094118692E-03
-1.093740459E-03
-1.093332889E-03
-1.092895749E-03
-1.092428807E-03
-1.091931947E-03
-1.091404818E-03
-1.090847305E-03
-1.090259058E-03
-1.089639729E-03
-1.088989084E-03
-1.088306773E-03
-1.087592449E-03
-1.086845878E-03
-1.086066477E-03
-1.085253782E-03
-1.084407675E-03
-1.083527342E-03
-1.082612434E-03
-1.081662602E-03
-1.080676913E-03
-1.079655136E-03
-1.078596455E-03
-1.077500288E-03
-1.076365937E-03
-1.075192704E-03
-1.073979656E-03
-1.072726096E-03
-1.071431092E-03
-1.070093596E-03
-1.068712794E-03
-1.067287521E-03
-1.065816614E-03
-1.064298791E-03
-1.062732772E-03
-1.061117277E-03
-1.059450675E-03
-1.057731220E-03
-1.055957284E-03
-1.054126886E-03
-1.052238047E-03
-1.050288207E-03
-1.048275153E-03
-1.046196092E-03
-1.044047996E-03
-1.041827374E-03
-1.039530733E-03
-1.037153881E-03
-1.034691930E-03
-1.032139757E-03
-1.029491308E-03
-1.026739366E-03
-1.023875899E-03
-1.020891126E-03
-1.017773291E-03
-1.014508423E-03
-1.011078362E-03
-1.007460058E-03
-1.003623125E-03
-9.995235596E-04
-9.950976819E-04
-9.902284946E-04
-9.846870089E-04
-1.096416963E-03
-1.096382155E-03
-1.096319174E-03
-1.096228021E-03
-1.096108579E-03
-1.095960964E-03
-1.095784944E-03
-1.095580636E-03
-1.095347805E-03
-1.095086336E-03
-1.094796229E-03
-1.094477368E-03
-1.094129402E-03
-1.093752449E-03
-1.093346160E-03
-1.092910417E-03
-1.092444989E-03
-1.091949758E-03
-1.091424376E-03
-1.090868725E-03
-1.090282458E-03
-1.089665224E-03
-1.089016907E-03
-1.088337041E-03
-1.087625395E-03
-1.086881617E-03
-1.086105127E-03
-1.085295808E-03
-1.084453077E-03
-1.083576353E-03
-1.082665520E-03
-1.081719762E-03
-1.080738613E-03
-1.079721493E-03
-1.078667934E-03
-1.077577122E-03
-1.076448592E-03
-1.075281412E-03
-1.074074884E-03
-1.072828192E-03
-1.071540522E-03
-1.070210943E-03
-1.068838523E-03
-1.067422098E-03
-1.065960736E-03
-1.064453041E-03
-1.062897849E-03
-1.061293762E-03
-1.059639384E-03
-1.057933085E-03
-1.056173118E-03
-1.054357737E-03
-1.052484848E-03
-1.050552237E-03
-1.048557693E-03
-1.046498423E-03
-1.044371747E-03
-1.042174292E-03
-1.039902680E-03
-1.037552836E-03
-1.035120455E-03
-1.032600645E-03
-1.029987470E-03
-1.027274644E-03
-1.024454483E-03
-1.021518139E-03
-1.018454903E-03
-1.015251852E-03
-1.011893270E-03
-1.008358784E-03
-1.004622085E-03
-1.000646735E-03
-9.963803459E-04
-9.917380521E-04
-9.865687462E-04
-9.804324945E-04
-1.096423599E-03
-1.096402179E-03
-1.096352586E-03
-1.096274820E-03
-1.096168882E-03
-1.096034539E-03
-1.095872023E-03
-1.095681102E-03
-1.095461659E-03
-1.095213578E-03
-1.094936859E-03
-1.094631269E-03
-1.094296807E-03
-1.093933242E-03
-1.093540341E-03
-1.093117986E-03
-1.092666062E-03
-1.092184102E-03
-1.091672224E-03
-1.091129961E-03
-1.090557082E-03
-1.089953235E-03
-1.089318306E-03
-1.088651945E-03
-1.087953686E-03
-1.087223296E-03
-1.086460310E-03
-1.085664262E-03
-1.084834919E-03
-1.083971816E-03
-1.083074254E-03
-1.082142000E-03
-1.081174240E-03
-1.080170623E-03
-1.079130452E-03
-1.078053145E-03
-1.076938002E-03
-1.075784210E-03
-1.074591186E-03
-1.073357998E-03
-1.072083833E-03
-1.070767641E-03
-1.069408725E-03
-1.068005804E-03
-1.066557830E-03
-1.065063640E-03
-1.063521951E-03
-1.061931369E-03
-1.060290495E-03
-1.058597583E-03
-1.056851237E-03
-1.055049244E-03
-1.053189975E-03
-1.051270869E-03
-1.049289829E-03
-1.047244063E-03
-1.045130892E-03
-1.042946940E-03
-1.040688832E-03
-1.038352610E-03
-1.035933848E-03
-1.033427543E-03
-1.030827989E-03
-1.028128783E-03
-1.025322126E-03
-1.022399287E-03
-1.019349671E-03
-1.016160357E-03
-1.012815279E-03
-1.009294414E-03
-1.005571336E-03
-1.001609606E-03
-9.973568376E-04
-9.927281644E-04
-9.875725955E-04
-9.814499645E-04
