-1.082343399E-03
-9.622626822E-04
-9.632823057E-04
-9.695880581E-04
-9.751437465E-04
-9.800270200E-04
-9.844669839E-04
-9.885805193E-04
-9.924315382E-04
-9.960636962E-04
-9.995077271E-04
-1.002786681E-03
-1.005918253E-03
-1.008916995E-03
-1.011794317E-03
-1.014560112E-03
-1.017222530E-03
-1.019788557E-03
-1.022264129E-03
-1.024654950E-03
-1.026965328E-03
-1.029199688E-03
-1.031361520E-03
-1.033454319E-03
-1.035481109E-03
-1.037444570E-03
-1.039347146E-03
-1.041191164E-03
-1.042978722E-03
-1.044711797E-03
-1.046392019E-03
-1.048021135E-03
-1.049600774E-03
-1.051132102E-03
-1.052616630E-03
-1.054055407E-03
-1.055449829E-03
-1.056800829E-03
-1.058109337E-03
-1.059376402E-03
-1.060602954E-03
-1.061789808E-03
-1.062937663E-03
-1.064047217E-03
-1.065119402E-03
-1.066154684E-03
-1.067153644E-03
-1.068117097E-03
-1.069045393E-03
-1.069939113E-03
-1.070798724E-03
-1.071624807E-03
-1.072417595E-03
-1.073177671E-03
-1.073905383E-03
-1.074601081E-03
-1.075265114E-03
-1.075897831E-03
-1.076499466E-03
-1.077070367E-03
-1.077610883E-03
-1.078121131E-03
-1.078601461E-03
-1.079051988E-03
-1.079472946E-03
-1.079864451E-03
-1.080226852E-03
-1.080560265E-03
-1.080864691E-03
-1.081140479E-03
-1.081387512E-03
-1.081606140E-03
-1.081796247E-03
-1.081957947E-03
-1.082091476E-03
-1.082196715E-03
-1.082273782E-03
-1.082322677E-03
-1.082335948E-03
-1.082300441E-03
-1.082236646E-03
-1.082144794E-03
-1.082024653E-03
-1.081876224E-03
-1.081699389E-03
-1.081494149E-03
-1.081260387E-03
-1.080998103E-03
-1.080706948E-03
-1.080386923E-03
-1.080037793E-03
-1.079659560E-03
-1.079251873E-03
-1.078814734E-03
-1.078347792E-03
-1.077850931E-03
-1.077323803E-03
-1.076766173E-03
-1.076177810E-03
-1.075558481E-03
-1.074907836E-03
-1.074225409E-03
-1.073511085E-03
-1.072764397E-03
-1.071984880E-03
-1.071172301E-03
-1.070325961E-03
-1.069445629E-03
-1.068530721E-03
-1.067580655E-03
-1.066594967E-03
-1.065573073E-03
-1.064514392E-03
-1.063418109E-03
-1.062283642E-03
-1.061110292E-03
-1.059897128E-03
-1.058643451E-03
-1.057348214E-03
-1.056010718E-03
-1.054629800E-03
-1.053204294E-03
-1.051733270E-03
-1.050215331E-03
-1.048649196E-03
-1.047033467E-03
-1.045366633E-03
-1.043647062E-03
-1.041872893E-03
-1.040042262E-03
-1.038153190E-03
-1.036203117E-03
-1.034189831E-03
-1.032110536E-03
-1.029962092E-03
-1.027741353E-03
-1.025444362E-03
-1.023067161E-03
-1.020604977E-03
-1.018052455E-03
-1.015403541E-03
-1.012651366E-03
-1.009787549E-03
-1.006802311E-03
-1.003684243E-03
-1.000418793E-03
-9.969883831E-04
-9.933697293E-04
-9.895323310E-04
-9.854322998E-04
-9.810059564E-04
-9.761362453E-04
-9.705941775E-04
-1.082336530E-03
-1.082301722E-03
-1.082238741E-03
-1.082147588E-03
-1.082028262E-03
-1.081880648E-03
-1.081704744E-03
-1.081500435E-03
-1.081267605E-03
-1.081006252E-03
-1.080716145E-03
-1.080397167E-03
-1.080049318E-03
-1.079672365E-03
-1.079266076E-03
-1.078830333E-03
-1.078365021E-03
-1.077869791E-03
-1.077344408E-03
-1.076788758E-03
-1.076202490E-03
-1.075585373E-03
-1.074937056E-03
-1.074257190E-03
-1.073545543E-03
-1.072801650E-03
-1.072025276E-03
-1.071215956E-03
-1.070373110E-03
-1.069496502E-03
-1.068585552E-03
-1.067639794E-03
-1.066658646E-03
-1.065641642E-03
-1.064587967E-03
-1.063497155E-03
-1.062368508E-03
-1.061201328E-03
-1.059994684E-03
-1.058747992E-03
-1.057460322E-03
-1.056130626E-03
-1.054758090E-03
-1.053341664E-03
-1.051880070E-03
-1.050372375E-03
-1.048817066E-03
-1.047212863E-03
-1.045558369E-03
-1.043851953E-03
-1.042091870E-03
-1.040276373E-03
-1.038403250E-03
-1.036470523E-03
-1.034475747E-03
-1.032416360E-03
-1.030289452E-03
-1.028091763E-03
-1.025819918E-03
-1.023469842E-03
-1.021037227E-03
-1.018517185E-03
-1.015903777E-03
-1.013190718E-03
-1.010370208E-03
-1.007433515E-03
-1.004369929E-03
-1.001166645E-03
-9.978075977E-04
-9.942728793E-04
-9.905357147E-04
-9.865600150E-04
-9.822931606E-04
-9.776505176E-04
-9.724807460E-04
-9.663440287E-04
-1.082343166E-03
-1.082321745E-03
-1.082272036E-03
-1.082194271E-03
-1.082088216E-03
-1.081953989E-03
-1.081791357E-03
-1.081600320E-03
-1.081380877E-03
-1.081132796E-03
-1.080856076E-03
-1.080550486E-03
-1.080216025E-03
-1.079852344E-03
-1.079459442E-03
-1.079037087E-03
-1.078585046E-03
-1.078103087E-03
-1.077591092E-03
-1.077048830E-03
-1.076475834E-03
-1.075872104E-03
-1.075237058E-03
-1.074570580E-03
-1.073872321E-03
-1.073141815E-03
-1.072378829E-03
-1.071582781E-03
-1.070753322E-03
-1.069890102E-03
-1.068992540E-03
-1.068060170E-03
-1.067092293E-03
-1.066088676E-03
-1.065048389E-03
-1.063970965E-03
-1.062855707E-03
-1.061701914E-03
-1.060508657E-03
-1.059275353E-03
-1.058001071E-03
-1.056684880E-03
-1.055325731E-03
-1.053922693E-03
-1.052474487E-03
-1.050980180E-03
-1.049438375E-03
-1.047847560E-03
-1.046206569E-03
-1.044513541E-03
-1.042766846E-03
-1.040964737E-03
-1.039105118E-03
-1.037185895E-03
-1.035204623E-03
-1.033158624E-03
-1.031045220E-03
-1.028861036E-03
-1.026602578E-03
-1.024266123E-03
-1.021846896E-03
-1.019340358E-03
-1.016740454E-03
-1.014040899E-03
-1.011233893E-03
-1.008310821E-03
-1.005260739E-03
-1.002070960E-03
-9.987255326E-04
-9.952043183E-04
-9.914806578E-04
-9.875185788E-04
-9.832653450E-04
-9.786362061E-04
-9.734800551E-04
-9.673569584E-04
