-1.019794960E-03
-9.007093613E-04
-8.996888064E-04
-1.019787509E-03
-1.019752002E-03
-1.019688323E-03
-1.019596471E-03
-1.019476331E-03
-1.019328018E-03
-1.019151299E-03
-1.018946175E-03
-1.018712530E-03
-1.018450246E-03
-1.018159208E-03
-1.017839299E-03
-1.017490285E-03
-1.017112168E-03
-1.016704715E-03
-1.016267692E-03
-1.015800866E-03
-1.015304122E-03
-1.014777226E-03
-1.014219713E-03
-1.013631583E-03
-1.013012370E-03
-1.012361841E-03
-1.011679647E-03
-1.010965439E-03
-1.010218984E-03
-1.009439584E-03
-1.008627121E-03
-1.007781015E-03
-1.006900799E-03
-1.005986007E-03
-1.005036058E-03
-1.004050486E-03
-1.003028709E-03
-1.001970028E-03
-1.000873861E-03
-9.997393936E-04
-9.985660436E-04
-9.973528795E-04
-9.960992029E-04
-9.948039660E-04
-9.934663540E-04
-9.920853190E-04
-9.906596970E-04
-9.891885566E-04
-9.876703843E-04
-9.861040162E-04
-9.844880551E-04
-9.828209877E-04
-9.811010677E-04
-9.793265490E-04
-9.774955688E-04
-9.756060317E-04
-9.736555512E-04
-9.716417408E-04
-9.695618064E-04
-9.674127796E-04
-9.651912842E-04
-9.628935950E-04
-9.605155792E-04
-9.580525220E-04
-9.554991266E-04
-9.528493392E-04
-9.500960587E-04
-9.472310776E-04
-9.442447918E-04
-9.411254432E-04
-9.378587711E-04
-9.344269638E-04
-9.308069129E-04
-9.269679431E-04
-9.228663985E-04
-9.184383671E-04
-9.135669679E-04
-9.080231539E-04
-9.070161614E-04
-9.125736542E-04
-9.174586157E-04
-9.219002095E-04
-9.260153747E-04
-9.298679070E-04
-9.335015202E-04
-9.369468899E-04
-9.402271244E-04
-9.433600353E-04
-9.463598835E-04
-9.492383106E-04
-9.520051535E-04
-9.546684450E-04
-9.572354029E-04
-9.597119060E-04
-9.621034842E-04
-9.644146194E-04
-9.666496189E-04
-9.688121499E-04
-9.709055303E-04
-9.729328449E-04
-9.748967714E-04
-9.767998708E-04
-9.786442388E-04
-9.804322617E-04
-9.821655694E-04
-9.838461410E-04
-9.854756063E-04
-9.870553622E-04
-9.885869222E-04
-9.900715668E-04
-9.915105766E-04
-9.929049993E-04
-9.942559991E-04
-9.955646237E-04
-9.968318045E-04
-9.980583563E-04
-9.992450941E-04
-1.000392949E-03
-1.001502504E-03
-1.002574572E-03
-1.003609737E-03
-1.004608697E-03
-1.005572034E-03
-1.006500213E-03
-1.007393817E-03
-1.008253312E-03
-1.009079162E-03
-1.009871834E-03
-1.010631793E-03
-1.011359273E-03
-1.012054854E-03
-1.012718771E-03
-1.013351255E-03
-1.013952773E-03
-1.014523557E-03
-1.015063957E-03
-1.015574089E-03
-1.016054186E-03
-1.016504597E-03
-1.016925438E-03
-1.017316827E-03
-1.017679111E-03
-1.018012408E-03
-1.018316834E-03
-1.018592389E-03
-1.018839423E-03
-1.019057934E-03
-1.019247924E-03
-1.019409625E-03
-1.019543153E-03
-1.019648276E-03
-1.019725343E-03
-1.019774238E-03
-1.019794727E-03
-1.019773306E-03
-1.019723713E-03
-1.019645948E-03
-1.019539894E-03
-1.019405783E-03
-1.019243151E-03
-1.019052230E-03
-1.018832903E-03
-1.018584939E-03
-1.018308336E-03
-1.018002862E-03
-1.017668401E-03
-1.017304952E-03
-1.016912167E-03
-1.016489929E-03
-1.016038004E-03
-1.015556278E-03
-1.015044400E-03
-1.014502253E-03
-1.013929490E-03
-1.013325877E-03
-1.012691064E-03
-1.012024703E-03
-1.011326560E-03
-1.010596287E-03
-1.009833417E-03
-1.009037485E-03
-1.008208259E-03
-1.007345156E-03
-1.006447710E-03
-1.005515456E-03
-1.004547812E-03
-1.003544196E-03
-1.002504025E-03
-1.001426717E-03
-1.000311458E-03
-9.991576662E-04
-9.979645256E-04
-9.967312217E-04
-9.954568231E-04
-9.941405151E-04
-9.927813662E-04
-9.913782123E-04
-9.899298893E-04
-9.884353494E-04
-9.868933121E-04
-9.853023803E-04
-9.836610407E-04
-9.819677798E-04
-9.802207351E-04
-9.784182766E-04
-9.765582508E-04
-9.746385040E-04
-9.726567077E-04
-9.706102428E-04
-9.684961406E-04
-9.663113160E-04
-9.640521603E-04
-9.617148899E-04
-9.592949646E-04
-9.567874949E-04
-9.541866602E-04
-9.514861158E-04
-9.486780618E-04
-9.457538254E-04
-9.427025798E-04
-9.395115776E-04
-9.361648117E-04
-9.326422005E-04
-9.289171430E-04
-9.249534342E-04
-9.206985706E-04
-9.160677437E-04
-9.109099046E-04
-9.047849453E-04
-1.019788091E-03
-1.019753283E-03
-1.019690302E-03
-1.019599265E-03
-1.019479940E-03
-1.019332325E-03
-1.019156538E-03
-1.018952229E-03
-1.018719515E-03
-1.018458162E-03
-1.018168172E-03
-1.017849427E-03
-1.017501694E-03
-1.017124741E-03
-1.016718685E-03
-1.016283059E-03
-1.015817863E-03
-1.015322749E-03
-1.014797599E-03
-1.014242065E-03
-1.013655914E-03
-1.013038913E-03
-1.012390712E-03
-1.011711080E-03
-1.010999549E-03
-1.010255888E-03
-1.009479631E-03
-1.008670428E-03
-1.007827697E-03
-1.006951206E-03
-1.006040373E-03
-1.005094731E-03
-1.004113699E-03
-1.003096695E-03
-1.002043136E-03
-1.000952441E-03
-9.998237947E-04
-9.986566147E-04
-9.974500863E-04
-9.962032782E-04
-9.949156083E-04
-9.935859125E-04
-9.922132595E-04
-9.907967178E-04
-9.893350070E-04
-9.878270794E-04
-9.862715378E-04
-9.846672183E-04
-9.830123745E-04
-9.813056095E-04
-9.795451770E-04
-9.777292144E-04
-9.758557426E-04
-9.739225497E-04
-9.719273075E-04
-9.698673384E-04
-9.677397320E-04
-9.655414033E-04
-9.632688598E-04
-9.609180270E-04
-9.584845975E-04
-9.559635655E-04
-9.533492848E-04
-9.506351780E-04
-9.478136199E-04
-9.448758210E-04
-9.418110712E-04
-9.386064485E-04
-9.352461202E-04
-9.317099466E-04
-9.279713850E-04
-9.239940555E-04
-9.197256295E-04
-9.150812402E-04
-9.099097224E-04
-9.037711425E-04
