-1.150381053E-03
-1.030358486E-03
-1.031383523E-03
-1.037681475E-03
-1.043234835E-03
-1.048115781E-03
-1.052553416E-03
-1.056664856E-03
-1.060513780E-03
-1.064143959E-03
-1.067585894E-03
-1.070862985E-03
-1.073992811E-03
-1.076989691E-03
-1.079865382E-03
-1.082629431E-03
-1.085290220E-03
-1.087854733E-03
-1.090328908E-03
-1.092718216E-03
-1.095027197E-03
-1.097260276E-03
-1.099420828E-03
-1.101512462E-03
-1.103537972E-03
-1.105500269E-03
-1.107401797E-03
-1.109244884E-03
-1.111031510E-03
-1.112763537E-03
-1.114442945E-03
-1.116071246E-03
-1.117649954E-03
-1.119180582E-03
-1.120664296E-03
-1.122102491E-03
-1.123496215E-03
-1.124846516E-03
-1.126154442E-03
-1.127421041E-03
-1.128647011E-03
-1.129833283E-03
-1.130980672E-03
-1.132089878E-03
-1.133161597E-03
-1.134196413E-03
-1.135195140E-03
-1.136158127E-03
-1.137086074E-03
-1.137979561E-03
-1.138838823E-03
-1.139664673E-03
-1.140457229E-03
-1.141217072E-03
-1.141944551E-03
-1.142640016E-03
-1.143303933E-03
-1.143936417E-03
-1.144537935E-03
-1.145108836E-03
-1.145649119E-03
-1.146159251E-03
-1.146639464E-03
-1.147089875E-03
-1.147510717E-03
-1.147902338E-03
-1.148264622E-03
-1.148597919E-03
-1.148902345E-03
-1.149178133E-03
-1.149425167E-03
-1.149643678E-03
-1.149833784E-03
-1.149995602E-03
-1.150129014E-03
-1.150234253E-03
-1.150311320E-03
-1.150360215E-03
-1.150373602E-03
-1.150338096E-03
-1.150274533E-03
-1.150182681E-03
-1.150062541E-03
-1.149914227E-03
-1.149737509E-03
-1.149532385E-03
-1.149298740E-03
-1.149036456E-03
-1.148745418E-03
-1.148425508E-03
-1.148076495E-03
-1.147698378E-03
-1.147290925E-03
-1.146853901E-03
-1.146387192E-03
-1.145890448E-03
-1.145363436E-03
-1.144806040E-03
-1.144218026E-03
-1.143598813E-03
-1.142948400E-03
-1.142266323E-03
-1.141552231E-03
-1.140805893E-03
-1.140026725E-03
-1.139214379E-03
-1.138368505E-03
-1.137488522E-03
-1.136573963E-03
-1.135624363E-03
-1.134639140E-03
-1.133617712E-03
-1.132559497E-03
-1.131463679E-03
-1.130329794E-03
-1.129157026E-03
-1.127944444E-03
-1.126691350E-03
-1.125396928E-03
-1.124060014E-03
-1.122679794E-03
-1.121255103E-03
-1.119784894E-03
-1.118267770E-03
-1.116702566E-03
-1.115087769E-03
-1.113421866E-03
-1.111703226E-03
-1.109930221E-03
-1.108100638E-03
-1.106212731E-03
-1.104263938E-03
-1.102251816E-03
-1.100173802E-03
-1.098026754E-03
-1.095807296E-03
-1.093511819E-03
-1.091136015E-03
-1.088675344E-03
-1.086124568E-03
-1.083477400E-03
-1.080726855E-03
-1.077864785E-03
-1.074881409E-03
-1.071765204E-03
-1.068501850E-03
-1.065073418E-03
-1.061456860E-03
-1.057621557E-03
-1.053523854E-03
-1.049099839E-03
-1.044232515E-03
-1.038692892E-03
-1.150374184E-03
-1.150339376E-03
-1.150276395E-03
-1.150185242E-03
-1.150065800E-03
-1.149918186E-03
-1.149742282E-03
-1.149537973E-03
-1.149305142E-03
-1.149043790E-03
-1.148753799E-03
-1.148434938E-03
-1.148087089E-03
-1.147710136E-03
-1.147303963E-03
-1.146868337E-03
-1.146403141E-03
-1.145908027E-03
-1.145382761E-03
-1.144827227E-03
-1.144241076E-03
-1.143624075E-03
-1.142975874E-03
-1.142296242E-03
-1.141584828E-03
-1.140841166E-03
-1.140065026E-03
-1.139255939E-03
-1.138413441E-03
-1.137537067E-03
-1.136626466E-03
-1.135681057E-03
-1.134700258E-03
-1.133683603E-03
-1.132630277E-03
-1.131539932E-03
-1.130411751E-03
-1.129245036E-03
-1.128038974E-03
-1.126792864E-03
-1.125505776E-03
-1.124176662E-03
-1.122804824E-03
-1.121388981E-03
-1.119928202E-03
-1.118421205E-03
-1.116866712E-03
-1.115263323E-03
-1.113609760E-03
-1.111904159E-03
-1.110145124E-03
-1.108330558E-03
-1.106458483E-03
-1.104526920E-03
-1.102533308E-03
-1.100475085E-03
-1.098349341E-03
-1.096152933E-03
-1.093882485E-03
-1.091533806E-03
-1.089102705E-03
-1.086584060E-03
-1.083972282E-03
-1.081260853E-03
-1.078441972E-03
-1.075507025E-03
-1.072445302E-03
-1.069243881E-03
-1.065886812E-03
-1.062354073E-03
-1.058619004E-03
-1.054645400E-03
-1.050380757E-03
-1.045740442E-03
-1.040572999E-03
-1.034438610E-03
-1.150380820E-03
-1.150359400E-03
-1.150309807E-03
-1.150232041E-03
-1.150126103E-03
-1.149991876E-03
-1.149829361E-03
-1.149638440E-03
-1.149419113E-03
-1.149171148E-03
-1.148894546E-03
-1.148589072E-03
-1.148254611E-03
-1.147891162E-03
-1.147498377E-03
-1.147076138E-03
-1.146624214E-03
-1.146142487E-03
-1.145630726E-03
-1.145088580E-03
-1.144515933E-03
-1.143912319E-03
-1.143277623E-03
-1.142611378E-03
-1.141913352E-03
-1.141183195E-03
-1.140420442E-03
-1.139624743E-03
-1.138795633E-03
-1.137932763E-03
-1.137035550E-03
-1.136103529E-03
-1.135136234E-03
-1.134132966E-03
-1.133093261E-03
-1.132016303E-03
-1.130901626E-03
-1.129748300E-03
-1.128555741E-03
-1.127323019E-03
-1.126049319E-03
-1.124733826E-03
-1.123375376E-03
-1.121973037E-03
-1.120525762E-03
-1.119032269E-03
-1.117491280E-03
-1.115901396E-03
-1.114261337E-03
-1.112569240E-03
-1.110823709E-03
-1.109022647E-03
-1.107164193E-03
-1.105246018E-03
-1.103265909E-03
-1.101221307E-03
-1.099109068E-03
-1.096926280E-03
-1.094669336E-03
-1.092334278E-03
-1.089916681E-03
-1.087411656E-03
-1.084813382E-03
-1.082115457E-03
-1.079310314E-03
-1.076388988E-03
-1.073340769E-03
-1.070152968E-03
-1.066809520E-03
-1.063290401E-03
-1.059568953E-03
-1.055608969E-03
-1.051358064E-03
-1.046731253E-03
-1.041577547E-03
-1.035456778E-03
