-1.130289864E-03
-1.010249951E-03
-1.011269516E-03
-1.017573639E-03
-1.023127581E-03
-1.028009225E-03
-1.032447559E-03
-1.036559581E-03
-1.040409203E-03
-1.044039964E-03
-1.047482598E-03
-1.050760155E-03
-1.053890446E-03
-1.056887908E-03
-1.059764065E-03
-1.062528696E-03
-1.065189950E-03
-1.067754929E-03
-1.070229569E-03
-1.072619227E-03
-1.074928790E-03
-1.077162102E-03
-1.079323119E-03
-1.081415103E-03
-1.083441079E-03
-1.085403725E-03
-1.087305602E-03
-1.089148922E-03
-1.090935781E-03
-1.092668157E-03
-1.094347797E-03
-1.095976448E-03
-1.097555389E-03
-1.099086250E-03
-1.100570196E-03
-1.102008624E-03
-1.103402581E-03
-1.104752999E-03
-1.106061158E-03
-1.107327873E-03
-1.108554075E-03
-1.109740580E-03
-1.110888086E-03
-1.111997408E-03
-1.113069244E-03
-1.114104292E-03
-1.115103019E-03
-1.116066240E-03
-1.116994303E-03
-1.117887790E-03
-1.118747285E-03
-1.119573019E-03
-1.120365690E-03
-1.121125650E-03
-1.121853245E-03
-1.122548827E-03
-1.123212744E-03
-1.123845228E-03
-1.124446862E-03
-1.125017647E-03
-1.125558047E-03
-1.126068295E-03
-1.126548508E-03
-1.126998919E-03
-1.127419760E-03
-1.127811382E-03
-1.128173666E-03
-1.128506963E-03
-1.128811506E-03
-1.129087177E-03
-1.129334210E-03
-1.129552722E-03
-1.129742828E-03
-1.129904529E-03
-1.130038057E-03
-1.130143297E-03
-1.130220247E-03
-1.130269142E-03
-1.130282530E-03
-1.130246907E-03
-1.130183227E-03
-1.130091376E-03
-1.129971235E-03
-1.129822806E-03
-1.129646087E-03
-1.129440847E-03
-1.129207085E-03
-1.128944801E-03
-1.128653646E-03
-1.128333621E-03
-1.127984608E-03
-1.127606491E-03
-1.127198921E-03
-1.126761781E-03
-1.126294956E-03
-1.125798095E-03
-1.125271083E-03
-1.124713570E-03
-1.124125323E-03
-1.123506110E-03
-1.122855465E-03
-1.122173271E-03
-1.121459063E-03
-1.120712492E-03
-1.119933208E-03
-1.119120745E-03
-1.118274638E-03
-1.117394539E-03
-1.116479747E-03
-1.115530031E-03
-1.114544575E-03
-1.113522914E-03
-1.112464466E-03
-1.111368532E-03
-1.110234414E-03
-1.109061297E-03
-1.107848599E-03
-1.106595271E-03
-1.105300500E-03
-1.103963354E-03
-1.102582901E-03
-1.101157861E-03
-1.099687302E-03
-1.098169945E-03
-1.096604276E-03
-1.094989246E-03
-1.093322993E-03
-1.091604005E-03
-1.089830534E-03
-1.088000718E-03
-1.086112228E-03
-1.084163086E-03
-1.082150615E-03
-1.080072136E-03
-1.077924506E-03
-1.075704698E-03
-1.073408639E-03
-1.071032370E-03
-1.068571233E-03
-1.066019875E-03
-1.063372125E-03
-1.060620998E-03
-1.057758345E-03
-1.054774388E-03
-1.051657600E-03
-1.048393548E-03
-1.044964418E-03
-1.041347277E-03
-1.037511276E-03
-1.033412875E-03
-1.028988045E-03
-1.024120022E-03
-1.018579584E-03
-1.130282995E-03
-1.130248304E-03
-1.130185323E-03
-1.130094170E-03
-1.129974844E-03
-1.129827229E-03
-1.129651326E-03
-1.129447017E-03
-1.129214303E-03
-1.128952834E-03
-1.128662843E-03
-1.128343982E-03
-1.127996133E-03
-1.127619296E-03
-1.127213007E-03
-1.126777381E-03
-1.126312069E-03
-1.125816954E-03
-1.125291688E-03
-1.124736154E-03
-1.124149887E-03
-1.123532886E-03
-1.122884685E-03
-1.122204936E-03
-1.121493406E-03
-1.120749745E-03
-1.119973487E-03
-1.119164284E-03
-1.118321787E-03
-1.117445296E-03
-1.116534579E-03
-1.115589053E-03
-1.114608138E-03
-1.113591366E-03
-1.112537924E-03
-1.111447462E-03
-1.110319165E-03
-1.109152217E-03
-1.107946038E-03
-1.106699696E-03
-1.105412375E-03
-1.104083145E-03
-1.102711074E-03
-1.101294998E-03
-1.099833986E-03
-1.098326757E-03
-1.096772030E-03
-1.095168409E-03
-1.093514496E-03
-1.091808663E-03
-1.090049278E-03
-1.088234480E-03
-1.086362056E-03
-1.084430143E-03
-1.082436182E-03
-1.080377609E-03
-1.078251400E-03
-1.076054759E-03
-1.073783846E-03
-1.071434701E-03
-1.069003134E-03
-1.066484023E-03
-1.063871779E-03
-1.061159768E-03
-1.058340538E-03
-1.055405010E-03
-1.052342821E-03
-1.049140817E-03
-1.045783167E-03
-1.042249729E-03
-1.038514078E-03
-1.034539891E-03
-1.030274550E-03
-1.025633537E-03
-1.020465395E-03
-1.014330424E-03
-1.130289747E-03
-1.130268211E-03
-1.130218618E-03
-1.130140852E-03
-1.130034798E-03
-1.129900571E-03
-1.129737939E-03
-1.129547018E-03
-1.129327575E-03
-1.129079494E-03
-1.128802774E-03
-1.128497301E-03
-1.128162839E-03
-1.127799158E-03
-1.127406373E-03
-1.126984018E-03
-1.126532094E-03
-1.126050251E-03
-1.125538372E-03
-1.124996110E-03
-1.124423230E-03
-1.123819617E-03
-1.123184687E-03
-1.122518326E-03
-1.121820183E-03
-1.121089910E-03
-1.120326924E-03
-1.119531109E-03
-1.118701883E-03
-1.117838896E-03
-1.116941450E-03
-1.116009313E-03
-1.115041785E-03
-1.114038401E-03
-1.112998347E-03
-1.111921272E-03
-1.110806246E-03
-1.109652803E-03
-1.108460012E-03
-1.107227057E-03
-1.105953124E-03
-1.104637282E-03
-1.103278599E-03
-1.101876027E-03
-1.100428402E-03
-1.098934561E-03
-1.097393222E-03
-1.095802989E-03
-1.094162581E-03
-1.092470135E-03
-1.090724254E-03
-1.088922843E-03
-1.087063923E-03
-1.085145399E-03
-1.083164942E-03
-1.081119757E-03
-1.079007168E-03
-1.076823915E-03
-1.074566389E-03
-1.072230865E-03
-1.069812803E-03
-1.067307196E-03
-1.064708456E-03
-1.062009949E-03
-1.059204224E-03
-1.056282199E-03
-1.053233398E-03
-1.050045015E-03
-1.046700985E-03
-1.043181168E-03
-1.039459021E-03
-1.035498339E-03
-1.031246618E-03
-1.026619109E-03
-1.021464588E-03
-1.015343238E-03
