-1.069811289E-03
-9.497223073E-04
-9.507421637E-04
-9.570481488E-04
-9.626042447E-04
-9.674878675E-04
-9.719281807E-04
-9.760421235E-04
-9.798934916E-04
-9.835259989E-04
-9.869703790E-04
-9.902496822E-04
-9.933816036E-04
-9.963805787E-04
-9.992581327E-04
-1.002024277E-03
-1.004686812E-03
-1.007253071E-03
-1.009728992E-03
-1.012119930E-03
-1.014430542E-03
-1.016665134E-03
-1.018827199E-03
-1.020920114E-03
-1.022947021E-03
-1.024910598E-03
-1.026813406E-03
-1.028657542E-03
-1.030445332E-03
-1.032178407E-03
-1.033858862E-03
-1.035488094E-03
-1.037067734E-03
-1.038599177E-03
-1.040083705E-03
-1.041522715E-03
-1.042917138E-03
-1.044268138E-03
-1.045576762E-03
-1.046843943E-03
-1.048070495E-03
-1.049257349E-03
-1.050405321E-03
-1.051514992E-03
-1.052587060E-03
-1.053622458E-03
-1.054621534E-03
-1.055584871E-03
-1.056513167E-03
-1.057407004E-03
-1.058266615E-03
-1.059092698E-03
-1.059885486E-03
-1.060645562E-03
-1.061373274E-03
-1.062068972E-03
-1.062733005E-03
-1.063365722E-03
-1.063967473E-03
-1.064538374E-03
-1.065078774E-03
-1.065589022E-03
-1.066069352E-03
-1.066519879E-03
-1.066940837E-03
-1.067332458E-03
-1.067694859E-03
-1.068028156E-03
-1.068332698E-03
-1.068608370E-03
-1.068855519E-03
-1.069074031E-03
-1.069264137E-03
-1.069425954E-03
-1.069559366E-03
-1.069664606E-03
-1.069741673E-03
-1.069790567E-03
-1.069803839E-03
-1.069768332E-03
-1.069704653E-03
-1.069612685E-03
-1.069492544E-03
-1.069344115E-03
-1.069167396E-03
-1.068962156E-03
-1.068728394E-03
-1.068465994E-03
-1.068174839E-03
-1.067854813E-03
-1.067505800E-03
-1.067127450E-03
-1.066719880E-03
-1.066282741E-03
-1.065815799E-03
-1.065318822E-03
-1.064791693E-03
-1.064234180E-03
-1.063645817E-03
-1.063026488E-03
-1.062375726E-03
-1.061693416E-03
-1.060979092E-03
-1.060232404E-03
-1.059452887E-03
-1.058640191E-03
-1.057793852E-03
-1.056913519E-03
-1.055998611E-03
-1.055048546E-03
-1.054062857E-03
-1.053040964E-03
-1.051982166E-03
-1.050885883E-03
-1.049751416E-03
-1.048577949E-03
-1.047364669E-03
-1.046110992E-03
-1.044815755E-03
-1.043478143E-03
-1.042097108E-03
-1.040671603E-03
-1.039200346E-03
-1.037682407E-03
-1.036116155E-03
-1.034500310E-03
-1.032833359E-03
-1.031113672E-03
-1.029339386E-03
-1.027508639E-03
-1.025619335E-03
-1.023669261E-03
-1.021655742E-03
-1.019576332E-03
-1.017427654E-03
-1.015206682E-03
-1.012909459E-03
-1.010532025E-03
-1.008069608E-03
-1.005516970E-03
-1.002867823E-03
-1.000115299E-03
-9.972511325E-04
-9.942657780E-04
-9.911473608E-04
-9.878816782E-04
-9.844508022E-04
-9.808319155E-04
-9.769940516E-04
-9.728936711E-04
-9.684669785E-04
-9.635969182E-04
-9.580544429E-04
-1.069804421E-03
-1.069769613E-03
-1.069706632E-03
-1.069615479E-03
-1.069496153E-03
-1.069348538E-03
-1.069172635E-03
-1.068968326E-03
-1.068735495E-03
-1.068474143E-03
-1.068184036E-03
-1.067865058E-03
-1.067517209E-03
-1.067140256E-03
-1.066734083E-03
-1.066298340E-03
-1.065832912E-03
-1.065337681E-03
-1.064812415E-03
-1.064256649E-03
-1.063670381E-03
-1.063053263E-03
-1.062404946E-03
-1.061725081E-03
-1.061013434E-03
-1.060269657E-03
-1.059493166E-03
-1.058683847E-03
-1.057841000E-03
-1.056964393E-03
-1.056053443E-03
-1.055107568E-03
-1.054126420E-03
-1.053109299E-03
-1.052055624E-03
-1.050964813E-03
-1.049836166E-03
-1.048668870E-03
-1.047462225E-03
-1.046215533E-03
-1.044927747E-03
-1.043598051E-03
-1.042225398E-03
-1.040808856E-03
-1.039347262E-03
-1.037839334E-03
-1.036284026E-03
-1.034679706E-03
-1.033025095E-03
-1.031318563E-03
-1.029558363E-03
-1.027742634E-03
-1.025869511E-03
-1.023936551E-03
-1.021941658E-03
-1.019882038E-03
-1.017754897E-03
-1.015557093E-03
-1.013285015E-03
-1.010934822E-03
-1.008501975E-03
-1.005981583E-03
-1.003368059E-03
-1.000654651E-03
-9.978339076E-04
-9.948968654E-04
-9.918330470E-04
-9.886294138E-04
-9.852701332E-04
-9.817350656E-04
-9.779975517E-04
-9.740213864E-04
-9.697542409E-04
-9.651111905E-04
-9.599410114E-04
-9.538037702E-04
-1.069811056E-03
-1.069789636E-03
-1.069739927E-03
-1.069662161E-03
-1.069556107E-03
-1.069421880E-03
-1.069259248E-03
-1.069068327E-03
-1.068848767E-03
-1.068600803E-03
-1.068323967E-03
-1.068018493E-03
-1.067683916E-03
-1.067320234E-03
-1.066927332E-03
-1.066504978E-03
-1.066052937E-03
-1.065571094E-03
-1.065059099E-03
-1.064516720E-03
-1.063943841E-03
-1.063339994E-03
-1.062705065E-03
-1.062038587E-03
-1.061340328E-03
-1.060609822E-03
-1.059846720E-03
-1.059050672E-03
-1.058221329E-03
-1.057357993E-03
-1.056460431E-03
-1.055527944E-03
-1.054560184E-03
-1.053556451E-03
-1.052516163E-03
-1.051438740E-03
-1.050323481E-03
-1.049169572E-03
-1.047976315E-03
-1.046743011E-03
-1.045468613E-03
-1.044152305E-03
-1.042793156E-03
-1.041390002E-03
-1.039941795E-03
-1.038447372E-03
-1.036905334E-03
-1.035314519E-03
-1.033673296E-03
-1.031980268E-03
-1.030233456E-03
-1.028431230E-03
-1.026571495E-03
-1.024652040E-03
-1.022670651E-03
-1.020624535E-03
-1.018510782E-03
-1.016326481E-03
-1.014067791E-03
-1.011731103E-03
-1.009311760E-03
-1.006804989E-03
-1.004204853E-03
-1.001504948E-03
-9.986977093E-04
-9.957742877E-04
-9.927239735E-04
-9.895339608E-04
-9.861881845E-04
-9.826666210E-04
-9.789427277E-04
-9.749801247E-04
-9.707265417E-04
-9.660969954E-04
-9.609405533E-04
-9.548168746E-04
