-1.227295143E-03
-1.107356627E-03
-1.108385273E-03
-1.114676706E-03
-1.120227273E-03
-1.125105424E-03
-1.129540498E-03
-1.133649261E-03
-1.137495623E-03
-1.141123241E-03
-1.144562848E-03
-1.147837611E-03
-1.150965109E-03
-1.153959776E-03
-1.156833139E-03
-1.159595209E-03
-1.162253902E-03
-1.164816320E-03
-1.167288516E-03
-1.169675961E-03
-1.171983196E-03
-1.174214412E-03
-1.176373218E-03
-1.178463106E-03
-1.180487103E-03
-1.182447770E-03
-1.184347784E-03
-1.186189242E-03
-1.187974471E-03
-1.189705101E-03
-1.191383228E-03
-1.193010132E-03
-1.194587676E-03
-1.196117024E-03
-1.197599573E-03
-1.199036604E-03
-1.200429280E-03
-1.201778534E-03
-1.203085412E-03
-1.204350963E-03
-1.205576002E-03
-1.206761459E-03
-1.207907917E-03
-1.209016307E-03
-1.210087212E-03
-1.211121329E-03
-1.212119241E-03
-1.213081530E-03
-1.214008895E-03
-1.214901567E-03
-1.215760363E-03
-1.216585515E-03
-1.217377605E-03
-1.218136866E-03
-1.218863879E-03
-1.219558879E-03
-1.220222330E-03
-1.220854465E-03
-1.221455517E-03
-1.222025952E-03
-1.222566003E-03
-1.223075786E-03
-1.223555650E-03
-1.224005828E-03
-1.224426436E-03
-1.224817708E-03
-1.225179760E-03
-1.225512940E-03
-1.225817134E-03
-1.226092689E-03
-1.226339606E-03
-1.226558117E-03
-1.226748107E-03
-1.226909808E-03
-1.227043220E-03
-1.227148343E-03
-1.227225410E-03
-1.227274304E-03
-1.227287808E-03
-1.227252302E-03
-1.227188739E-03
-1.227097004E-03
-1.226976980E-03
-1.226828783E-03
-1.226652181E-03
-1.226447173E-03
-1.226213761E-03
-1.225951710E-03
-1.225660904E-03
-1.225341228E-03
-1.224992564E-03
-1.224614680E-03
-1.224207575E-03
-1.223770902E-03
-1.223304425E-03
-1.222808030E-03
-1.222281600E-03
-1.221724553E-03
-1.221136888E-03
-1.220518257E-03
-1.219868311E-03
-1.219186815E-03
-1.218473306E-03
-1.217727433E-03
-1.216948847E-03
-1.216137200E-03
-1.215291908E-03
-1.214412623E-03
-1.213498879E-03
-1.212549978E-03
-1.211565570E-03
-1.210544957E-03
-1.209487556E-03
-1.208392670E-03
-1.207259716E-03
-1.206087763E-03
-1.204876229E-03
-1.203624182E-03
-1.202330808E-03
-1.200995059E-03
-1.199616003E-03
-1.198192476E-03
-1.196723431E-03
-1.195207587E-03
-1.193643664E-03
-1.192030264E-03
-1.190365758E-03
-1.188648632E-03
-1.186877023E-03
-1.185049070E-03
-1.183162676E-03
-1.181215513E-03
-1.179205137E-03
-1.177128870E-03
-1.174983568E-03
-1.172765973E-03
-1.170472358E-03
-1.168098534E-03
-1.165639958E-03
-1.163091045E-03
-1.160445972E-03
-1.157697639E-03
-1.154837897E-03
-1.151856850E-03
-1.148742973E-03
-1.145481947E-03
-1.142055960E-03
-1.138441963E-03
-1.134609338E-03
-1.130514196E-03
-1.126092859E-03
-1.121228444E-03
-1.115691615E-03
-1.227288158E-03
-1.227253349E-03
-1.227190369E-03
-1.227099332E-03
-1.226980006E-03
-1.226832392E-03
-1.226656605E-03
-1.226452412E-03
-1.226219698E-03
-1.225958578E-03
-1.225668704E-03
-1.225349959E-03
-1.225002343E-03
-1.224625739E-03
-1.224219799E-03
-1.223784406E-03
-1.223319443E-03
-1.222824678E-03
-1.222299761E-03
-1.221744576E-03
-1.221158775E-03
-1.220542239E-03
-1.219894504E-03
-1.219215337E-03
-1.218504389E-03
-1.217761310E-03
-1.216985635E-03
-1.216177130E-03
-1.215335215E-03
-1.214459538E-03
-1.213549520E-03
-1.212604810E-03
-1.211624709E-03
-1.210608752E-03
-1.209556358E-03
-1.208466827E-03
-1.207339461E-03
-1.206173678E-03
-1.204968547E-03
-1.203723368E-03
-1.202437212E-03
-1.201109146E-03
-1.199738355E-03
-1.198323676E-03
-1.196864061E-03
-1.195358229E-03
-1.193805016E-03
-1.192203024E-03
-1.190550625E-03
-1.188846538E-03
-1.187088783E-03
-1.185275731E-03
-1.183405286E-03
-1.181475120E-03
-1.179483137E-03
-1.177426660E-03
-1.175302546E-03
-1.173108001E-03
-1.170839299E-03
-1.168492599E-03
-1.166063361E-03
-1.163546694E-03
-1.160937012E-03
-1.158227562E-03
-1.155410893E-03
-1.152478275E-03
-1.149418764E-03
-1.146219671E-03
-1.142864930E-03
-1.139334636E-03
-1.135602128E-03
-1.131631085E-03
-1.127369120E-03
-1.122731483E-03
-1.117566833E-03
-1.111435355E-03
-1.227294910E-03
-1.227273489E-03
-1.227224013E-03
-1.227146364E-03
-1.227040542E-03
-1.226906432E-03
-1.226744032E-03
-1.226553228E-03
-1.226334018E-03
-1.226086286E-03
-1.225809916E-03
-1.225504675E-03
-1.225170447E-03
-1.224807231E-03
-1.224414795E-03
-1.223992906E-03
-1.223541331E-03
-1.223060070E-03
-1.222548657E-03
-1.222006860E-03
-1.221434562E-03
-1.220831531E-03
-1.220197300E-03
-1.219531521E-03
-1.218834077E-03
-1.218104386E-03
-1.217342331E-03
-1.216547214E-03
-1.215718803E-03
-1.214856631E-03
-1.213960117E-03
-1.213028794E-03
-1.212062314E-03
-1.211059862E-03
-1.210020855E-03
-1.208944828E-03
-1.207830966E-03
-1.206678688E-03
-1.205487060E-03
-1.204255386E-03
-1.202982734E-03
-1.201668289E-03
-1.200311002E-03
-1.198909828E-03
-1.197463716E-03
-1.195971388E-03
-1.194431796E-03
-1.192843192E-03
-1.191204530E-03
-1.189513830E-03
-1.187769813E-03
-1.185970264E-03
-1.184113324E-03
-1.182196778E-03
-1.180218416E-03
-1.178175444E-03
-1.176064950E-03
-1.173884026E-03
-1.171628828E-03
-1.169295749E-03
-1.166880131E-03
-1.164377085E-03
-1.161781023E-03
-1.159085194E-03
-1.156282262E-03
-1.153363148E-03
-1.150317257E-03
-1.147131901E-03
-1.143790898E-03
-1.140274224E-03
-1.136555336E-03
-1.132598030E-03
-1.128349802E-03
-1.123725669E-03
-1.118574874E-03
-1.112457132E-03
