-1.028183266E-03
-9.090985404E-04
-9.080777527E-04
-1.028175931E-03
-1.028140425E-03
-1.028076629E-03
-1.027984777E-03
-1.027864753E-03
-1.027716324E-03
-1.027539605E-03
-1.027334481E-03
-1.027100720E-03
-1.026838436E-03
-1.026547397E-03
-1.026227488E-03
-1.025878475E-03
-1.025500358E-03
-1.025092788E-03
-1.024655765E-03
-1.024188939E-03
-1.023692079E-03
-1.023165067E-03
-1.022607670E-03
-1.022019424E-03
-1.021400210E-03
-1.020749565E-03
-1.020067371E-03
-1.019353163E-03
-1.018606476E-03
-1.017827191E-03
-1.017014612E-03
-1.016168389E-03
-1.015288173E-03
-1.014373265E-03
-1.013423316E-03
-1.012437744E-03
-1.011415850E-03
-1.010357169E-03
-1.009260886E-03
-1.008126419E-03
-1.006953069E-03
-1.005739905E-03
-1.004486112E-03
-1.003190875E-03
-1.001853263E-03
-1.000472112E-03
-9.990464896E-04
-9.975752328E-04
-9.960571770E-04
-9.944908088E-04
-9.928748477E-04
-9.912076639E-04
-9.894877439E-04
-9.877132252E-04
-9.858822450E-04
-9.839927079E-04
-9.820422856E-04
-9.800285334E-04
-9.779486572E-04
-9.757995722E-04
-9.735781350E-04
-9.712805040E-04
-9.689025464E-04
-9.664395475E-04
-9.638862684E-04
-9.612365393E-04
-9.584833169E-04
-9.556185105E-04
-9.526323411E-04
-9.495131089E-04
-9.462465532E-04
-9.428148624E-04
-9.391949279E-04
-9.353561909E-04
-9.312547627E-04
-9.268269641E-04
-9.219557396E-04
-9.164121002E-04
-9.154048166E-04
-9.209621348E-04
-9.258469217E-04
-9.302883409E-04
-9.344033315E-04
-9.382556891E-04
-9.418891859E-04
-9.453344392E-04
-9.486145573E-04
-9.517472936E-04
-9.547470836E-04
-9.576253942E-04
-9.603921208E-04
-9.630553541E-04
-9.656222537E-04
-9.680986986E-04
-9.704901604E-04
-9.728012956E-04
-9.750362369E-04
-9.771987097E-04
-9.792920901E-04
-9.813194629E-04
-9.832832729E-04
-9.851863142E-04
-9.870307986E-04
-9.888187051E-04
-9.905521292E-04
-9.922327008E-04
-9.938620497E-04
-9.954419220E-04
-9.969734820E-04
-9.984581266E-04
-9.998971364E-04
-1.001291675E-03
-1.002642792E-03
-1.003951416E-03
-1.005218597E-03
-1.006445149E-03
-1.007632003E-03
-1.008779858E-03
-1.009889529E-03
-1.010961598E-03
-1.011996879E-03
-1.012995839E-03
-1.013959176E-03
-1.014887472E-03
-1.015781076E-03
-1.016640686E-03
-1.017466537E-03
-1.018259325E-03
-1.019019284E-03
-1.019746880E-03
-1.020442462E-03
-1.021106495E-03
-1.021739095E-03
-1.022340613E-03
-1.022911514E-03
-1.023451798E-03
-1.023962046E-03
-1.024442143E-03
-1.024892554E-03
-1.025313511E-03
-1.025705016E-03
-1.026067301E-03
-1.026400598E-03
-1.026705024E-03
-1.026980695E-03
-1.027227729E-03
-1.027446240E-03
-1.027636230E-03
-1.027798047E-03
-1.027931459E-03
-1.028036699E-03
-1.028113649E-03
-1.028162544E-03
-1.028183149E-03
-1.028161612E-03
-1.028112019E-03
-1.028034254E-03
-1.027928316E-03
-1.027794089E-03
-1.027631573E-03
-1.027440536E-03
-1.027221209E-03
-1.026973245E-03
-1.026696526E-03
-1.026391052E-03
-1.026056590E-03
-1.025693025E-03
-1.025300240E-03
-1.024878002E-03
-1.024426077E-03
-1.023944234E-03
-1.023432356E-03
-1.022890210E-03
-1.022317330E-03
-1.021713717E-03
-1.021078788E-03
-1.020412426E-03
-1.019714284E-03
-1.018983894E-03
-1.018220908E-03
-1.017425093E-03
-1.016595750E-03
-1.015732531E-03
-1.014835085E-03
-1.013902714E-03
-1.012935070E-03
-1.011931337E-03
-1.010891167E-03
-1.009813743E-03
-1.008698484E-03
-1.007544692E-03
-1.006351435E-03
-1.005118131E-03
-1.003843732E-03
-1.002527424E-03
-1.001168159E-03
-9.997650050E-04
-9.983166819E-04
-9.968221420E-04
-9.952801047E-04
-9.936890565E-04
-9.920477169E-04
-9.903544560E-04
-9.886075277E-04
-9.868049528E-04
-9.849449852E-04
-9.830252966E-04
-9.810434422E-04
-9.789969772E-04
-9.768829914E-04
-9.746981668E-04
-9.724390693E-04
-9.701018571E-04
-9.676819900E-04
-9.651745786E-04
-9.625738603E-04
-9.598733741E-04
-9.570654365E-04
-9.541412583E-04
-9.510901291E-04
-9.478992433E-04
-9.445526521E-04
-9.410301573E-04
-9.373052744E-04
-9.333417402E-04
-9.290870512E-04
-9.244563989E-04
-9.192987345E-04
-9.131740080E-04
-1.028176397E-03
-1.028141589E-03
-1.028078725E-03
-1.027987571E-03
-1.027868246E-03
-1.027720631E-03
-1.027544728E-03
-1.027340535E-03
-1.027107704E-03
-1.026846468E-03
-1.026556361E-03
-1.026237500E-03
-1.025889767E-03
-1.025512931E-03
-1.025106758E-03
-1.024671132E-03
-1.024205820E-03
-1.023710705E-03
-1.023185439E-03
-1.022629905E-03
-1.022043754E-03
-1.021426637E-03
-1.020778436E-03
-1.020098687E-03
-1.019387157E-03
-1.018643379E-03
-1.017867122E-03
-1.017057803E-03
-1.016215072E-03
-1.015338581E-03
-1.014427631E-03
-1.013481990E-03
-1.012500841E-03
-1.011483837E-03
-1.010430162E-03
-1.009339467E-03
-1.008210704E-03
-1.007043524E-03
-1.005836879E-03
-1.004590071E-03
-1.003302285E-03
-1.001972589E-03
-1.000599936E-03
-9.991832776E-04
-9.977215668E-04
-9.962136392E-04
-9.946580976E-04
-9.930536617E-04
-9.913989343E-04
-9.896921692E-04
-9.879317367E-04
-9.861157741E-04
-9.842423024E-04
-9.823091095E-04
-9.803138673E-04
-9.782538982E-04
-9.761263500E-04
-9.739280795E-04
-9.716555360E-04
-9.693047614E-04
-9.668713901E-04
-9.643504745E-04
-9.617362521E-04
-9.590222035E-04
-9.562007617E-04
-9.532630211E-04
-9.501983877E-04
-9.469939396E-04
-9.436337277E-04
-9.400976705E-04
-9.363592835E-04
-9.323820705E-04
-9.281138191E-04
-9.234696627E-04
-9.182983194E-04
-9.121599724E-04
