-1.172985882E-03
-1.052990207E-03
-1.054010121E-03
-1.060312265E-03
-1.065864693E-03
-1.070744824E-03
-1.075181644E-03
-1.079292269E-03
-1.083140378E-03
-1.086769742E-03
-1.090211095E-03
-1.093487372E-03
-1.096616499E-03
-1.099612680E-03
-1.102487673E-03
-1.105251140E-03
-1.107911230E-03
-1.110475045E-03
-1.112948637E-03
-1.115337363E-03
-1.117645879E-03
-1.119878259E-03
-1.122038346E-03
-1.124129398E-03
-1.126154559E-03
-1.128116390E-03
-1.130017452E-03
-1.131859957E-03
-1.133646118E-03
-1.135377795E-03
-1.137056737E-03
-1.138684573E-03
-1.140262932E-03
-1.141793211E-03
-1.143276575E-03
-1.144714421E-03
-1.146107796E-03
-1.147457748E-03
-1.148765441E-03
-1.150031574E-03
-1.151257311E-03
-1.152443350E-03
-1.153590390E-03
-1.154699363E-03
-1.155770849E-03
-1.156805432E-03
-1.157803927E-03
-1.158766681E-03
-1.159694395E-03
-1.160587650E-03
-1.161446795E-03
-1.162272412E-03
-1.163064735E-03
-1.163824461E-03
-1.164551708E-03
-1.165247057E-03
-1.165910740E-03
-1.166543225E-03
-1.167144626E-03
-1.167715178E-03
-1.168255461E-03
-1.168765477E-03
-1.169245574E-03
-1.169695868E-03
-1.170116593E-03
-1.170508098E-03
-1.170870266E-03
-1.171203563E-03
-1.171507873E-03
-1.171783544E-03
-1.172030461E-03
-1.172248973E-03
-1.172438962E-03
-1.172600663E-03
-1.172734075E-03
-1.172839315E-03
-1.172916382E-03
-1.172965160E-03
-1.172978547E-03
-1.172943041E-03
-1.172879362E-03
-1.172787510E-03
-1.172667369E-03
-1.172519056E-03
-1.172342338E-03
-1.172137214E-03
-1.171903452E-03
-1.171641285E-03
-1.171350246E-03
-1.171030337E-03
-1.170681440E-03
-1.170303323E-03
-1.169895870E-03
-1.169458963E-03
-1.168992254E-03
-1.168495510E-03
-1.167968614E-03
-1.167411334E-03
-1.166823320E-03
-1.166204223E-03
-1.165553927E-03
-1.164871966E-03
-1.164157991E-03
-1.163411653E-03
-1.162632601E-03
-1.161820488E-03
-1.160974614E-03
-1.160094864E-03
-1.159180421E-03
-1.158231054E-03
-1.157245948E-03
-1.156224753E-03
-1.155166654E-03
-1.154071069E-03
-1.152937417E-03
-1.151764765E-03
-1.150552416E-03
-1.149299671E-03
-1.148005365E-03
-1.146668801E-03
-1.145288814E-03
-1.143864472E-03
-1.142394496E-03
-1.140877721E-03
-1.139312750E-03
-1.137698302E-03
-1.136032864E-03
-1.134314574E-03
-1.132541918E-03
-1.130712801E-03
-1.128825243E-03
-1.126876799E-03
-1.124865259E-03
-1.122787595E-03
-1.120641013E-03
-1.118422020E-03
-1.116127009E-03
-1.113751903E-03
-1.111291698E-03
-1.108741388E-03
-1.106094802E-03
-1.103344839E-03
-1.100483467E-03
-1.097500790E-03
-1.094385167E-03
-1.091122394E-03
-1.087694662E-03
-1.084078802E-03
-1.080244314E-03
-1.076147310E-03
-1.071723993E-03
-1.066857483E-03
-1.061318675E-03
-1.172979129E-03
-1.172944321E-03
-1.172881341E-03
-1.172790304E-03
-1.172670978E-03
-1.172523363E-03
-1.172347576E-03
-1.172143267E-03
-1.171910553E-03
-1.171649317E-03
-1.171359327E-03
-1.171040582E-03
-1.170692849E-03
-1.170316013E-03
-1.169909956E-03
-1.169474446E-03
-1.169009251E-03
-1.168514253E-03
-1.167989103E-03
-1.167433686E-03
-1.166847767E-03
-1.166230883E-03
-1.165582915E-03
-1.164903399E-03
-1.164192101E-03
-1.163448673E-03
-1.162672648E-03
-1.161863795E-03
-1.161021413E-03
-1.160145272E-03
-1.159234904E-03
-1.158289728E-03
-1.157309161E-03
-1.156292739E-03
-1.155239763E-03
-1.154149650E-03
-1.153021702E-03
-1.151855220E-03
-1.150649507E-03
-1.149403630E-03
-1.148116775E-03
-1.146788127E-03
-1.145416521E-03
-1.144001144E-03
-1.142540714E-03
-1.141033950E-03
-1.139479922E-03
-1.137877000E-03
-1.136223786E-03
-1.134518650E-03
-1.132759964E-03
-1.130945864E-03
-1.129074371E-03
-1.127143158E-03
-1.125150011E-03
-1.123092370E-03
-1.120967208E-03
-1.118771383E-03
-1.116501400E-03
-1.114153303E-03
-1.111722784E-03
-1.109204837E-03
-1.106593641E-03
-1.103882794E-03
-1.101064612E-03
-1.098130364E-03
-1.095069339E-03
-1.091868617E-03
-1.088512363E-03
-1.084980322E-03
-1.081246068E-03
-1.077273162E-03
-1.073009451E-03
-1.068369835E-03
-1.063203323E-03
-1.057069749E-03
-1.172985765E-03
-1.172964345E-03
-1.172914635E-03
-1.172836870E-03
-1.172730932E-03
-1.172596705E-03
-1.172434189E-03
-1.172243268E-03
-1.172023942E-03
-1.171775977E-03
-1.171499374E-03
-1.171193901E-03
-1.170859556E-03
-1.170495991E-03
-1.170103322E-03
-1.169681083E-03
-1.169229276E-03
-1.168747665E-03
-1.168235904E-03
-1.167693874E-03
-1.167121227E-03
-1.166517730E-03
-1.165883034E-03
-1.165216905E-03
-1.164518995E-03
-1.163788955E-03
-1.163026318E-03
-1.162230736E-03
-1.161401742E-03
-1.160538988E-03
-1.159642008E-03
-1.158710103E-03
-1.157742925E-03
-1.156739891E-03
-1.155700302E-03
-1.154623576E-03
-1.153509016E-03
-1.152356039E-03
-1.151163597E-03
-1.149931224E-03
-1.148657757E-03
-1.147342497E-03
-1.145984279E-03
-1.144582289E-03
-1.143135247E-03
-1.141641987E-03
-1.140101347E-03
-1.138511812E-03
-1.136872103E-03
-1.135180355E-03
-1.133435173E-03
-1.131634461E-03
-1.129776472E-03
-1.127858763E-03
-1.125879120E-03
-1.123834867E-03
-1.121723093E-03
-1.119540771E-03
-1.117284293E-03
-1.114949817E-03
-1.112532686E-03
-1.110028243E-03
-1.107430551E-03
-1.104733208E-03
-1.101928647E-03
-1.099007903E-03
-1.095960382E-03
-1.092773280E-03
-1.089430414E-03
-1.085911994E-03
-1.082191244E-03
-1.078232075E-03
-1.073981868E-03
-1.069355756E-03
-1.064202865E-03
-1.058083028E-03
