-1.023424906E-03
-9.043397731E-04
-9.033186943E-04
-1.023417455E-03
-1.023381948E-03
-1.023318269E-03
-1.023226418E-03
-1.023106393E-03
-1.022957964E-03
-1.022781245E-03
-1.022576122E-03
-1.022342476E-03
-1.022080076E-03
-1.021789038E-03
-1.021469128E-03
-1.021120232E-03
-1.020742115E-03
-1.020334545E-03
-1.019897521E-03
-1.019430696E-03
-1.018933952E-03
-1.018406940E-03
-1.017849543E-03
-1.017261297E-03
-1.016642200E-03
-1.015991555E-03
-1.015309361E-03
-1.014595153E-03
-1.013848581E-03
-1.013069297E-03
-1.012256718E-03
-1.011410612E-03
-1.010530395E-03
-1.009615487E-03
-1.008665655E-03
-1.007680083E-03
-1.006658189E-03
-1.005599508E-03
-1.004503341E-03
-1.003368874E-03
-1.002195408E-03
-1.000982360E-03
-9.997285670E-04
-9.984333301E-04
-9.970957180E-04
-9.957146831E-04
-9.942890611E-04
-9.928178042E-04
-9.912997484E-04
-9.897333803E-04
-9.881174192E-04
-9.864503518E-04
-9.847304318E-04
-9.829559131E-04
-9.811249329E-04
-9.792352794E-04
-9.772848571E-04
-9.752710466E-04
-9.731911705E-04
-9.710421436E-04
-9.688206483E-04
-9.665230173E-04
-9.641450015E-04
-9.616820025E-04
-9.591286071E-04
-9.564788779E-04
-9.537255974E-04
-9.508607327E-04
-9.478744469E-04
-9.447551565E-04
-9.414886008E-04
-9.380567935E-04
-9.344368009E-04
-9.305979474E-04
-9.264964028E-04
-9.220684879E-04
-9.171972051E-04
-9.116534493E-04
-9.106458747E-04
-9.162033093E-04
-9.210882126E-04
-9.255297482E-04
-9.296447970E-04
-9.334972710E-04
-9.371308843E-04
-9.405761957E-04
-9.438563720E-04
-9.469892248E-04
-9.499890148E-04
-9.528674418E-04
-9.556342266E-04
-9.582975181E-04
-9.608644177E-04
-9.633409209E-04
-9.657324408E-04
-9.680435760E-04
-9.702785756E-04
-9.724411066E-04
-9.745344869E-04
-9.765618015E-04
-9.785257280E-04
-9.804287693E-04
-9.822732536E-04
-9.840611601E-04
-9.857945843E-04
-9.874751559E-04
-9.891045047E-04
-9.906843770E-04
-9.922159370E-04
-9.937005816E-04
-9.951395914E-04
-9.965340141E-04
-9.978851303E-04
-9.991937550E-04
-1.000460936E-03
-1.001687488E-03
-1.002874225E-03
-1.004022080E-03
-1.005131751E-03
-1.006203820E-03
-1.007239101E-03
-1.008238061E-03
-1.009201282E-03
-1.010129577E-03
-1.011023181E-03
-1.011882676E-03
-1.012708643E-03
-1.013501314E-03
-1.014261274E-03
-1.014988869E-03
-1.015684451E-03
-1.016348368E-03
-1.016980968E-03
-1.017582486E-03
-1.018153271E-03
-1.018693671E-03
-1.019203803E-03
-1.019683899E-03
-1.020134310E-03
-1.020555152E-03
-1.020946656E-03
-1.021308941E-03
-1.021642238E-03
-1.021946664E-03
-1.022222335E-03
-1.022469252E-03
-1.022687764E-03
-1.022877870E-03
-1.023039571E-03
-1.023172983E-03
-1.023278222E-03
-1.023355289E-03
-1.023404184E-03
-1.023424673E-03
-1.023403252E-03
-1.023353660E-03
-1.023275894E-03
-1.023169956E-03
-1.023035729E-03
-1.022873214E-03
-1.022682176E-03
-1.022462850E-03
-1.022214885E-03
-1.021938166E-03
-1.021632692E-03
-1.021298347E-03
-1.020934782E-03
-1.020541997E-03
-1.020119758E-03
-1.019667834E-03
-1.019186107E-03
-1.018674229E-03
-1.018132083E-03
-1.017559320E-03
-1.016955706E-03
-1.016320777E-03
-1.015654532E-03
-1.014956273E-03
-1.014226000E-03
-1.013463014E-03
-1.012667199E-03
-1.011837856E-03
-1.010974753E-03
-1.010077307E-03
-1.009145053E-03
-1.008177293E-03
-1.007173676E-03
-1.006133505E-03
-1.005056198E-03
-1.003940939E-03
-1.002787030E-03
-1.001593890E-03
-1.000360586E-03
-9.990861872E-04
-9.977698792E-04
-9.964107303E-04
-9.950074600E-04
-9.935592534E-04
-9.920647135E-04
-9.905226761E-04
-9.889317444E-04
-9.872904047E-04
-9.855970275E-04
-9.838500991E-04
-9.820476407E-04
-9.801875567E-04
-9.782678680E-04
-9.762860718E-04
-9.742395487E-04
-9.721255046E-04
-9.699406801E-04
-9.676815826E-04
-9.653443121E-04
-9.629244450E-04
-9.604169754E-04
-9.578161989E-04
-9.551156545E-04
-9.523077169E-04
-9.493834805E-04
-9.463322931E-04
-9.431413491E-04
-9.397946415E-04
-9.362720884E-04
-9.325470892E-04
-9.285834385E-04
-9.243286913E-04
-9.196979227E-04
-9.145402000E-04
-9.084151825E-04
-1.023418037E-03
-1.023383229E-03
-1.023320248E-03
-1.023229212E-03
-1.023109886E-03
-1.022962271E-03
-1.022786368E-03
-1.022582175E-03
-1.022349345E-03
-1.022088109E-03
-1.021798002E-03
-1.021479256E-03
-1.021131407E-03
-1.020754571E-03
-1.020348398E-03
-1.019912772E-03
-1.019447576E-03
-1.018952462E-03
-1.018427196E-03
-1.017871662E-03
-1.017285511E-03
-1.016668510E-03
-1.016020309E-03
-1.015340677E-03
-1.014629146E-03
-1.013885369E-03
-1.013109111E-03
-1.012299792E-03
-1.011457178E-03
-1.010580687E-03
-1.009669737E-03
-1.008724095E-03
-1.007743063E-03
-1.006725943E-03
-1.005672384E-03
-1.004581689E-03
-1.003453042E-03
-1.002285746E-03
-1.001079218E-03
-9.998324094E-04
-9.985446231E-04
-9.972149273E-04
-9.958422743E-04
-9.944257326E-04
-9.929640219E-04
-9.914559778E-04
-9.899005527E-04
-9.882961167E-04
-9.866412729E-04
-9.849345079E-04
-9.831741918E-04
-9.813582292E-04
-9.794847574E-04
-9.775514482E-04
-9.755562060E-04
-9.734962368E-04
-9.713686886E-04
-9.691703599E-04
-9.668978164E-04
-9.645469836E-04
-9.621136123E-04
-9.595926385E-04
-9.569783579E-04
-9.542642510E-04
-9.514427511E-04
-9.485049522E-04
-9.454402607E-04
-9.422356961E-04
-9.388754261E-04
-9.353393107E-04
-9.316008072E-04
-9.276235360E-04
-9.233551682E-04
-9.187108953E-04
-9.135394357E-04
-9.074008558E-04
