-1.323536737E-03
-1.173417782E-03
-1.174692996E-03
-1.182575594E-03
-1.189521165E-03
-1.195626101E-03
-1.201176899E-03
-1.206319663E-03
-1.211134251E-03
-1.215675264E-03
-1.219981001E-03
-1.224080450E-03
-1.227995614E-03
-1.231744653E-03
-1.235342002E-03
-1.238799887E-03
-1.242128317E-03
-1.245336374E-03
-1.248431508E-03
-1.251420355E-03
-1.254308852E-03
-1.257102238E-03
-1.259804936E-03
-1.262421370E-03
-1.264955150E-03
-1.267409767E-03
-1.269788365E-03
-1.272093737E-03
-1.274328446E-03
-1.276495052E-03
-1.278595650E-03
-1.280632336E-03
-1.282606972E-03
-1.284521306E-03
-1.286377199E-03
-1.288175932E-03
-1.289919019E-03
-1.291607856E-03
-1.293243608E-03
-1.294827671E-03
-1.296360861E-03
-1.297844457E-03
-1.299279393E-03
-1.300666481E-03
-1.302006771E-03
-1.303300844E-03
-1.304549747E-03
-1.305754064E-03
-1.306914375E-03
-1.308031613E-03
-1.309106126E-03
-1.310138730E-03
-1.311129774E-03
-1.312079839E-03
-1.312989509E-03
-1.313859131E-03
-1.314689172E-03
-1.315479982E-03
-1.316232141E-03
-1.316945767E-03
-1.317621325E-03
-1.318259165E-03
-1.318859519E-03
-1.319422619E-03
-1.319948817E-03
-1.320438227E-03
-1.320891199E-03
-1.321307966E-03
-1.321688527E-03
-1.322033117E-03
-1.322341966E-03
-1.322615193E-03
-1.322852797E-03
-1.323055010E-03
-1.323221833E-03
-1.323353383E-03
-1.323449775E-03
-1.323510776E-03
-1.323527540E-03
-1.323483069E-03
-1.323403441E-03
-1.323288539E-03
-1.323138364E-03
-1.322952914E-03
-1.322731841E-03
-1.322475378E-03
-1.322183176E-03
-1.321855234E-03
-1.321491320E-03
-1.321091317E-03
-1.320654992E-03
-1.320182229E-03
-1.319672680E-03
-1.319126226E-03
-1.318542636E-03
-1.317921444E-03
-1.317262533E-03
-1.316565555E-03
-1.315830159E-03
-1.315055997E-03
-1.314242720E-03
-1.313389745E-03
-1.312496839E-03
-1.311563421E-03
-1.310589025E-03
-1.309573301E-03
-1.308515435E-03
-1.307414961E-03
-1.306271297E-03
-1.305083744E-03
-1.303851604E-03
-1.302574179E-03
-1.301250653E-03
-1.299880329E-03
-1.298462157E-03
-1.296995324E-03
-1.295478782E-03
-1.293911599E-03
-1.292292494E-03
-1.290620421E-03
-1.288894098E-03
-1.287112129E-03
-1.285273116E-03
-1.283375430E-03
-1.281417557E-03
-1.279397751E-03
-1.277313917E-03
-1.275164192E-03
-1.272946247E-03
-1.270657755E-03
-1.268295920E-03
-1.265858184E-03
-1.263341168E-03
-1.260741614E-03
-1.258055680E-03
-1.255279290E-03
-1.252407674E-03
-1.249435591E-03
-1.246357337E-03
-1.243166276E-03
-1.239854610E-03
-1.236413722E-03
-1.232833252E-03
-1.229101210E-03
-1.225202810E-03
-1.221120474E-03
-1.216831617E-03
-1.212307485E-03
-1.207509893E-03
-1.202384126E-03
-1.196850324E-03
-1.190762268E-03
-1.183833811E-03
-1.323528122E-03
-1.323484699E-03
-1.323406002E-03
-1.323292032E-03
-1.323142904E-03
-1.322958386E-03
-1.322738477E-03
-1.322483062E-03
-1.322192024E-03
-1.321865362E-03
-1.321502728E-03
-1.321104122E-03
-1.320669311E-03
-1.320198062E-03
-1.319690258E-03
-1.319145667E-03
-1.318563940E-03
-1.317944960E-03
-1.317288261E-03
-1.316593727E-03
-1.315860893E-03
-1.315089408E-03
-1.314279041E-03
-1.313429209E-03
-1.312539680E-03
-1.311609871E-03
-1.310639316E-03
-1.309627667E-03
-1.308574108E-03
-1.307478407E-03
-1.306339633E-03
-1.305157435E-03
-1.303930883E-03
-1.302659512E-03
-1.301342389E-03
-1.299978816E-03
-1.298567979E-03
-1.297108829E-03
-1.295600552E-03
-1.294042100E-03
-1.292432309E-03
-1.290770131E-03
-1.289054286E-03
-1.287283609E-03
-1.285456470E-03
-1.283571590E-03
-1.281627221E-03
-1.279621851E-03
-1.277553500E-03
-1.275420189E-03
-1.273219823E-03
-1.270950073E-03
-1.268608379E-03
-1.266192179E-03
-1.263698330E-03
-1.261123689E-03
-1.258464647E-03
-1.255717129E-03
-1.252876827E-03
-1.249938854E-03
-1.246897620E-03
-1.243746956E-03
-1.240479643E-03
-1.237087650E-03
-1.233561430E-03
-1.229890040E-03
-1.226059860E-03
-1.222055056E-03
-1.217855606E-03
-1.213436364E-03
-1.208764152E-03
-1.203793567E-03
-1.198459300E-03
-1.192655065E-03
-1.186191919E-03
-1.178520033E-03
-1.323536504E-03
-1.323509729E-03
-1.323447679E-03
-1.323350356E-03
-1.323217875E-03
-1.323050004E-03
-1.322846860E-03
-1.322608092E-03
-1.322333701E-03
-1.322023687E-03
-1.321677817E-03
-1.321295858E-03
-1.320877695E-03
-1.320423209E-03
-1.319932053E-03
-1.319404109E-03
-1.318839029E-03
-1.318236697E-03
-1.317596762E-03
-1.316918875E-03
-1.316202688E-03
-1.315447967E-03
-1.314654248E-03
-1.313821180E-03
-1.312948298E-03
-1.312035252E-03
-1.311081462E-03
-1.310086343E-03
-1.309049665E-03
-1.307970495E-03
-1.306848601E-03
-1.305683050E-03
-1.304473262E-03
-1.303218654E-03
-1.301918179E-03
-1.300571370E-03
-1.299177296E-03
-1.297734911E-03
-1.296243281E-03
-1.294701593E-03
-1.293108566E-03
-1.291463152E-03
-1.289764070E-03
-1.288010157E-03
-1.286199782E-03
-1.284331665E-03
-1.282404177E-03
-1.280415570E-03
-1.278363983E-03
-1.276247436E-03
-1.274063950E-03
-1.271810965E-03
-1.269486151E-03
-1.267086715E-03
-1.264609746E-03
-1.262051985E-03
-1.259409706E-03
-1.256679068E-03
-1.253855648E-03
-1.250934554E-03
-1.247910201E-03
-1.244776417E-03
-1.241525984E-03
-1.238150871E-03
-1.234641648E-03
-1.230987022E-03
-1.227173838E-03
-1.223185915E-03
-1.219003461E-03
-1.214601099E-03
-1.209945884E-03
-1.204992295E-03
-1.199674909E-03
-1.193887671E-03
-1.187441638E-03
-1.179786748E-03
