-1.390409307E-03
-1.240338432E-03
-1.241612830E-03
-1.249493915E-03
-1.256437157E-03
-1.262539998E-03
-1.268088701E-03
-1.273229485E-03
-1.278042095E-03
-1.282581245E-03
-1.286885235E-03
-1.290982938E-03
-1.294896472E-03
-1.298643881E-03
-1.302239718E-03
-1.305695972E-03
-1.309023122E-03
-1.312229782E-03
-1.315323636E-03
-1.318311319E-03
-1.321198652E-03
-1.323990873E-03
-1.326692523E-03
-1.329307910E-03
-1.331840758E-03
-1.334294444E-03
-1.336672110E-03
-1.338976668E-03
-1.341210678E-03
-1.343376469E-03
-1.345476368E-03
-1.347512356E-03
-1.349486411E-03
-1.351400279E-03
-1.353255473E-03
-1.355053741E-03
-1.356796362E-03
-1.358484733E-03
-1.360120135E-03
-1.361703849E-03
-1.363236690E-03
-1.364719938E-03
-1.366154524E-03
-1.367541379E-03
-1.368881320E-03
-1.370175276E-03
-1.371423947E-03
-1.372628030E-03
-1.373788225E-03
-1.374905230E-03
-1.375979627E-03
-1.377011999E-03
-1.378003042E-03
-1.378952991E-03
-1.379862544E-03
-1.380732050E-03
-1.381562091E-03
-1.382352784E-03
-1.383104827E-03
-1.383818453E-03
-1.384494011E-03
-1.385131851E-03
-1.385732088E-03
-1.386295189E-03
-1.386821386E-03
-1.387310796E-03
-1.387763768E-03
-1.388180535E-03
-1.388561097E-03
-1.388905686E-03
-1.389214536E-03
-1.389487763E-03
-1.389725367E-03
-1.389927580E-03
-1.390094403E-03
-1.390225952E-03
-1.390322228E-03
-1.390383346E-03
-1.390399993E-03
-1.390355523E-03
-1.390275895E-03
-1.390161109E-03
-1.390010933E-03
-1.389825367E-03
-1.389604411E-03
-1.389347832E-03
-1.389055629E-03
-1.388727687E-03
-1.388363773E-03
-1.387963770E-03
-1.387527445E-03
-1.387054683E-03
-1.386545133E-03
-1.385998679E-03
-1.385415089E-03
-1.384794014E-03
-1.384135103E-03
-1.383438241E-03
-1.382702845E-03
-1.381928683E-03
-1.381115406E-03
-1.380262547E-03
-1.379369758E-03
-1.378436456E-03
-1.377462177E-03
-1.376446453E-03
-1.375388703E-03
-1.374288462E-03
-1.373144914E-03
-1.371957595E-03
-1.370725688E-03
-1.369448495E-03
-1.368125202E-03
-1.366755110E-03
-1.365337288E-03
-1.363870688E-03
-1.362354495E-03
-1.360787661E-03
-1.359169022E-03
-1.357497415E-03
-1.355771441E-03
-1.353990054E-03
-1.352151507E-03
-1.350254519E-03
-1.348297228E-03
-1.346278004E-03
-1.344194869E-03
-1.342045842E-03
-1.339828712E-03
-1.337540918E-03
-1.335180132E-03
-1.332743210E-03
-1.330227125E-03
-1.327628619E-03
-1.324943732E-03
-1.322168391E-03
-1.319297939E-03
-1.316327136E-03
-1.313250163E-03
-1.310060383E-03
-1.306750113E-03
-1.303310739E-03
-1.299731783E-03
-1.296001254E-03
-1.292104600E-03
-1.288023894E-03
-1.283736899E-03
-1.279214630E-03
-1.274419017E-03
-1.269295113E-03
-1.263763406E-03
-1.257677563E-03
-1.250751317E-03
-1.390400692E-03
-1.390357153E-03
-1.390278456E-03
-1.390164602E-03
-1.390015474E-03
-1.389830955E-03
-1.389611047E-03
-1.389355632E-03
-1.389064593E-03
-1.388737932E-03
-1.388375298E-03
-1.387976692E-03
-1.387541881E-03
-1.387070748E-03
-1.386562944E-03
-1.386018237E-03
-1.385436626E-03
-1.384817646E-03
-1.384161063E-03
-1.383466413E-03
-1.382733695E-03
-1.381962327E-03
-1.381151960E-03
-1.380302245E-03
-1.379412832E-03
-1.378483023E-03
-1.377512701E-03
-1.376501052E-03
-1.375447726E-03
-1.374352025E-03
-1.373213483E-03
-1.372031518E-03
-1.370805199E-03
-1.369534060E-03
-1.368217170E-03
-1.366853830E-03
-1.365443342E-03
-1.363984426E-03
-1.362476498E-03
-1.360918395E-03
-1.359309070E-03
-1.357647241E-03
-1.355931861E-03
-1.354161650E-03
-1.352335094E-03
-1.350450679E-03
-1.348507009E-03
-1.346502220E-03
-1.344434568E-03
-1.342301955E-03
-1.340102288E-03
-1.337833470E-03
-1.335492590E-03
-1.333077322E-03
-1.330584404E-03
-1.328010811E-03
-1.325352699E-03
-1.322606346E-03
-1.319767209E-03
-1.316830399E-03
-1.313790330E-03
-1.310641062E-03
-1.307375147E-03
-1.303984551E-03
-1.300459844E-03
-1.296789967E-03
-1.292961533E-03
-1.288958360E-03
-1.284760656E-03
-1.280343276E-03
-1.275672927E-03
-1.270704437E-03
-1.265372150E-03
-1.259570010E-03
-1.253109076E-03
-1.245439285E-03
-1.390409074E-03
-1.390382182E-03
-1.390320132E-03
-1.390222926E-03
-1.390090329E-03
-1.389922574E-03
-1.389719313E-03
-1.389480545E-03
-1.389206271E-03
-1.388896140E-03
-1.388550270E-03
-1.388168312E-03
-1.387750148E-03
-1.387295662E-03
-1.386804506E-03
-1.386276563E-03
-1.385711599E-03
-1.385109266E-03
-1.384469331E-03
-1.383791445E-03
-1.383075374E-03
-1.382320654E-03
-1.381526934E-03
-1.380693982E-03
-1.379821217E-03
-1.378908171E-03
-1.377954497E-03
-1.376959495E-03
-1.375922933E-03
-1.374843996E-03
-1.373722102E-03
-1.372556784E-03
-1.371347229E-03
-1.370092737E-03
-1.368792611E-03
-1.367446035E-03
-1.366052194E-03
-1.364610158E-03
-1.363118878E-03
-1.361577539E-03
-1.359984861E-03
-1.358339912E-03
-1.356641296E-03
-1.354887732E-03
-1.353077940E-03
-1.351210405E-03
-1.349283499E-03
-1.347295474E-03
-1.345244586E-03
-1.343128737E-03
-1.340945950E-03
-1.338693779E-03
-1.336369896E-03
-1.333971275E-03
-1.331495238E-03
-1.328938408E-03
-1.326297177E-03
-1.323567703E-03
-1.320745330E-03
-1.317825401E-03
-1.314802328E-03
-1.311669825E-03
-1.308420789E-03
-1.305047190E-03
-1.301539363E-03
-1.297886367E-03
-1.294074696E-03
-1.290088519E-03
-1.285907812E-03
-1.281507313E-03
-1.276853960E-03
-1.271902351E-03
-1.266587060E-03
-1.260801801E-03
-1.254357980E-03
-1.246705302E-03
