-1.274743699E-03
-1.125886687E-03
-1.124611008E-03
-1.274734386E-03
-1.274690032E-03
-1.274610404E-03
-1.274495618E-03
-1.274345443E-03
-1.274159993E-03
-1.273939153E-03
-1.273682690E-03
-1.273390604E-03
-1.273062779E-03
-1.272698981E-03
-1.272299094E-03
-1.271862886E-03
-1.271390240E-03
-1.270880923E-03
-1.270334586E-03
-1.269751112E-03
-1.269130153E-03
-1.268471475E-03
-1.267774729E-03
-1.267039450E-03
-1.266265521E-03
-1.265452360E-03
-1.264599618E-03
-1.263706828E-03
-1.262773643E-03
-1.261799480E-03
-1.260783873E-03
-1.259726239E-03
-1.258625998E-03
-1.257482450E-03
-1.256295131E-03
-1.255063107E-03
-1.253785915E-03
-1.252462505E-03
-1.251092297E-03
-1.249674242E-03
-1.248207525E-03
-1.246691099E-03
-1.245124033E-03
-1.243505045E-03
-1.241832972E-03
-1.240106649E-03
-1.238324679E-03
-1.236485667E-03
-1.234587980E-03
-1.232630108E-03
-1.230610185E-03
-1.228526235E-03
-1.226376393E-03
-1.224158215E-03
-1.221869490E-03
-1.219507540E-03
-1.217069454E-03
-1.214552205E-03
-1.211952302E-03
-1.209266018E-03
-1.206489047E-03
-1.203616965E-03
-1.200644416E-03
-1.197565696E-03
-1.194373937E-03
-1.191061689E-03
-1.187620102E-03
-1.184038934E-03
-1.180305961E-03
-1.176406862E-03
-1.172323478E-03
-1.168033690E-03
-1.163508627E-03
-1.158709987E-03
-1.153582940E-03
-1.148047973E-03
-1.141958754E-03
-1.135028899E-03
-1.133770216E-03
-1.140717068E-03
-1.146823284E-03
-1.152375247E-03
-1.157519175E-03
-1.162334811E-03
-1.166876871E-03
-1.171183656E-03
-1.175283920E-03
-1.179200015E-03
-1.182949869E-03
-1.186547917E-03
-1.190006384E-03
-1.193335629E-03
-1.196544268E-03
-1.199639868E-03
-1.202629297E-03
-1.205518260E-03
-1.208311995E-03
-1.211015158E-03
-1.213631942E-03
-1.216166071E-03
-1.218620921E-03
-1.220999751E-03
-1.223305357E-03
-1.225540298E-03
-1.227707020E-03
-1.229807734E-03
-1.231844421E-03
-1.233819174E-03
-1.235733624E-03
-1.237589400E-03
-1.239388133E-03
-1.241131220E-03
-1.242820057E-03
-1.244455809E-03
-1.246039756E-03
-1.247572829E-03
-1.249056426E-03
-1.250491128E-03
-1.251878100E-03
-1.253218157E-03
-1.254512230E-03
-1.255760901E-03
-1.256964984E-03
-1.258125179E-03
-1.259242184E-03
-1.260316581E-03
-1.261348953E-03
-1.262339763E-03
-1.263289712E-03
-1.264199149E-03
-1.265068538E-03
-1.265898463E-03
-1.266689156E-03
-1.267441083E-03
-1.268154476E-03
-1.268829918E-03
-1.269467524E-03
-1.270067762E-03
-1.270630746E-03
-1.271156711E-03
-1.271646121E-03
-1.272098976E-03
-1.272515510E-03
-1.272895955E-03
-1.273240545E-03
-1.273549278E-03
-1.273822389E-03
-1.274059992E-03
-1.274262089E-03
-1.274428912E-03
-1.274560345E-03
-1.274656621E-03
-1.274717739E-03
-1.274743467E-03
-1.274716575E-03
-1.274654642E-03
-1.274557435E-03
-1.274424954E-03
-1.274257200E-03
-1.274054055E-03
-1.273815404E-03
-1.273541129E-03
-1.273231115E-03
-1.272885362E-03
-1.272503519E-03
-1.272085472E-03
-1.271631103E-03
-1.271140180E-03
-1.270612353E-03
-1.270047505E-03
-1.269445289E-03
-1.268805587E-03
-1.268127817E-03
-1.267411863E-03
-1.266657375E-03
-1.265863772E-03
-1.265030936E-03
-1.264158287E-03
-1.263245358E-03
-1.262291800E-03
-1.261296915E-03
-1.260260353E-03
-1.259181416E-03
-1.258059638E-03
-1.256894320E-03
-1.255684765E-03
-1.254430157E-03
-1.253130031E-03
-1.251783338E-03
-1.250389265E-03
-1.248947112E-03
-1.247455599E-03
-1.245913911E-03
-1.244321000E-03
-1.242675702E-03
-1.240976620E-03
-1.239222707E-03
-1.237412449E-03
-1.235544216E-03
-1.233616727E-03
-1.231628004E-03
-1.229576301E-03
-1.227459637E-03
-1.225275919E-03
-1.223022817E-03
-1.220697886E-03
-1.218298217E-03
-1.215820899E-03
-1.213262789E-03
-1.210620161E-03
-1.207889174E-03
-1.205065288E-03
-1.202143612E-03
-1.199118677E-03
-1.195984310E-03
-1.192733296E-03
-1.189357601E-03
-1.185847563E-03
-1.182192238E-03
-1.178378239E-03
-1.174389501E-03
-1.170206000E-03
-1.165802707E-03
-1.161146443E-03
-1.156191807E-03
-1.150873257E-03
-1.145084738E-03
-1.138637424E-03
-1.130981254E-03
-1.274735085E-03
-1.274691545E-03
-1.274612965E-03
-1.274498994E-03
-1.274349866E-03
-1.274165465E-03
-1.273945556E-03
-1.273690257E-03
-1.273399335E-03
-1.273072674E-03
-1.272710273E-03
-1.272311783E-03
-1.271877089E-03
-1.271405956E-03
-1.270898269E-03
-1.270353794E-03
-1.269772300E-03
-1.269153436E-03
-1.268496970E-03
-1.267802552E-03
-1.267069951E-03
-1.266298699E-03
-1.265488449E-03
-1.264638850E-03
-1.263749436E-03
-1.262819860E-03
-1.261849538E-03
-1.260838006E-03
-1.259784680E-03
-1.258689095E-03
-1.257550553E-03
-1.256368472E-03
-1.255142153E-03
-1.253870898E-03
-1.252554008E-03
-1.251190552E-03
-1.249779831E-03
-1.248320797E-03
-1.246812521E-03
-1.245254185E-03
-1.243644510E-03
-1.241982332E-03
-1.240266603E-03
-1.238495810E-03
-1.236668788E-03
-1.234783791E-03
-1.232839422E-03
-1.230833936E-03
-1.228765468E-03
-1.226632041E-03
-1.224431442E-03
-1.222161576E-03
-1.219819766E-03
-1.217403216E-03
-1.214909134E-03
-1.212334144E-03
-1.209674636E-03
-1.206926769E-03
-1.204086002E-03
-1.201147563E-03
-1.198105747E-03
-1.194954501E-03
-1.191686606E-03
-1.188293914E-03
-1.184766996E-03
-1.181094791E-03
-1.177263795E-03
-1.173258061E-03
-1.169057679E-03
-1.164637390E-03
-1.159964246E-03
-1.154992497E-03
-1.149657066E-03
-1.143851550E-03
-1.137387124E-03
-1.129713957E-03
