-1.412862330E-03
-1.262812410E-03
-1.264086924E-03
-1.271966961E-03
-1.278909505E-03
-1.285011531E-03
-1.290559536E-03
-1.295699505E-03
-1.300511416E-03
-1.305049867E-03
-1.309353160E-03
-1.313450164E-03
-1.317363116E-03
-1.321109943E-03
-1.324705081E-03
-1.328160870E-03
-1.331487438E-03
-1.334693632E-03
-1.337786904E-03
-1.340774121E-03
-1.343660988E-03
-1.346452627E-03
-1.349153928E-03
-1.351768849E-03
-1.354301348E-03
-1.356754568E-03
-1.359132002E-03
-1.361436094E-03
-1.363669755E-03
-1.365835196E-03
-1.367934863E-03
-1.369970501E-03
-1.371944207E-03
-1.373857725E-03
-1.375712804E-03
-1.377510722E-03
-1.379253110E-03
-1.380941365E-03
-1.382576535E-03
-1.384159899E-03
-1.385692623E-03
-1.387175638E-03
-1.388610108E-03
-1.389996731E-03
-1.391336555E-03
-1.392630278E-03
-1.393878832E-03
-1.395082800E-03
-1.396242878E-03
-1.397359767E-03
-1.398434048E-03
-1.399466302E-03
-1.400457229E-03
-1.401407062E-03
-1.402316499E-03
-1.403186005E-03
-1.404015929E-03
-1.404806622E-03
-1.405558549E-03
-1.406272175E-03
-1.406947616E-03
-1.407585340E-03
-1.408185577E-03
-1.408748678E-03
-1.409274759E-03
-1.409764169E-03
-1.410217141E-03
-1.410633791E-03
-1.411014353E-03
-1.411358942E-03
-1.411667792E-03
-1.411940902E-03
-1.412178506E-03
-1.412380720E-03
-1.412547543E-03
-1.412679092E-03
-1.412775367E-03
-1.412836486E-03
-1.412853133E-03
-1.412808662E-03
-1.412729034E-03
-1.412614132E-03
-1.412464073E-03
-1.412278507E-03
-1.412057551E-03
-1.411801088E-03
-1.411508885E-03
-1.411180943E-03
-1.410817029E-03
-1.410417026E-03
-1.409980818E-03
-1.409508055E-03
-1.408998622E-03
-1.408452168E-03
-1.407868578E-03
-1.407247619E-03
-1.406588824E-03
-1.405891962E-03
-1.405156683E-03
-1.404382638E-03
-1.403569360E-03
-1.402716618E-03
-1.401823829E-03
-1.400890644E-03
-1.399916480E-03
-1.398900873E-03
-1.397843356E-03
-1.396743115E-03
-1.395599684E-03
-1.394412480E-03
-1.393180690E-03
-1.391903730E-03
-1.390580670E-03
-1.389210694E-03
-1.387792989E-03
-1.386326621E-03
-1.384810661E-03
-1.383244060E-03
-1.381625654E-03
-1.379954163E-03
-1.378228539E-03
-1.376447384E-03
-1.374609186E-03
-1.372712315E-03
-1.370755374E-03
-1.368736499E-03
-1.366653712E-03
-1.364505035E-03
-1.362288254E-03
-1.360000810E-03
-1.357640373E-03
-1.355203800E-03
-1.352688181E-03
-1.350090140E-03
-1.347405720E-03
-1.344630844E-03
-1.341760857E-03
-1.338790520E-03
-1.335714012E-03
-1.332524815E-03
-1.329215127E-03
-1.325776218E-03
-1.322197961E-03
-1.318468014E-03
-1.314572059E-03
-1.310491934E-03
-1.306205639E-03
-1.301684068E-03
-1.296889153E-03
-1.291766064E-03
-1.286235056E-03
-1.280150027E-03
-1.273224596E-03
-1.412853831E-03
-1.412810292E-03
-1.412731595E-03
-1.412617741E-03
-1.412468497E-03
-1.412284095E-03
-1.412064186E-03
-1.411808771E-03
-1.411517849E-03
-1.411191071E-03
-1.410828554E-03
-1.410429948E-03
-1.409995253E-03
-1.409524004E-03
-1.409016317E-03
-1.408471726E-03
-1.407890115E-03
-1.407271135E-03
-1.406614552E-03
-1.405920135E-03
-1.405187417E-03
-1.404416165E-03
-1.403605798E-03
-1.402756199E-03
-1.401866786E-03
-1.400937210E-03
-1.399966888E-03
-1.398955355E-03
-1.397902146E-03
-1.396806678E-03
-1.395668252E-03
-1.394486288E-03
-1.393260201E-03
-1.391989179E-03
-1.390672405E-03
-1.389309298E-03
-1.387898927E-03
-1.386440243E-03
-1.384932548E-03
-1.383374562E-03
-1.381765469E-03
-1.380103873E-03
-1.378388843E-03
-1.376618864E-03
-1.374792540E-03
-1.372908475E-03
-1.370965037E-03
-1.368960482E-03
-1.366893179E-03
-1.364760799E-03
-1.362561597E-03
-1.360293012E-03
-1.357952598E-03
-1.355537679E-03
-1.353045227E-03
-1.350471983E-03
-1.347814337E-03
-1.345068333E-03
-1.342229778E-03
-1.339293434E-03
-1.336253947E-03
-1.333105029E-03
-1.329839812E-03
-1.326449797E-03
-1.322925673E-03
-1.319256378E-03
-1.315428526E-03
-1.311425935E-03
-1.307228929E-03
-1.302812248E-03
-1.298142597E-03
-1.293174806E-03
-1.287843217E-03
-1.282041892E-03
-1.275581773E-03
-1.267913030E-03
-1.412862097E-03
-1.412835321E-03
-1.412773272E-03
-1.412676065E-03
-1.412543468E-03
-1.412375714E-03
-1.412172453E-03
-1.411933801E-03
-1.411659410E-03
-1.411349396E-03
-1.411003526E-03
-1.410621568E-03
-1.410203520E-03
-1.409749035E-03
-1.409257879E-03
-1.408730051E-03
-1.408165088E-03
-1.407562755E-03
-1.406922936E-03
-1.406245166E-03
-1.405529096E-03
-1.404774492E-03
-1.403980888E-03
-1.403147937E-03
-1.402275288E-03
-1.401362359E-03
-1.400408684E-03
-1.399413915E-03
-1.398377353E-03
-1.397298533E-03
-1.396176871E-03
-1.395011670E-03
-1.393802231E-03
-1.392547973E-03
-1.391247963E-03
-1.389901619E-03
-1.388507895E-03
-1.387065975E-03
-1.385574928E-03
-1.384033822E-03
-1.382441376E-03
-1.380796661E-03
-1.379098278E-03
-1.377344946E-03
-1.375535503E-03
-1.373668201E-03
-1.371741528E-03
-1.369753852E-03
-1.367703197E-03
-1.365587697E-03
-1.363405259E-03
-1.361153438E-03
-1.358829904E-03
-1.356431749E-03
-1.353956177E-03
-1.351399696E-03
-1.348758931E-03
-1.346029807E-03
-1.343208016E-03
-1.340288552E-03
-1.337265945E-03
-1.334134024E-03
-1.330885454E-03
-1.327512437E-03
-1.324005192E-03
-1.320352778E-03
-1.316541806E-03
-1.312556327E-03
-1.308376202E-03
-1.303976402E-03
-1.299323747E-03
-1.294372836E-03
-1.289058244E-03
-1.283273916E-03
-1.276830793E-03
-1.269179047E-03
