-1.285229111E-03
-1.136373146E-03
-1.135097118E-03
-1.285219914E-03
-1.285175444E-03
-1.285095816E-03
-1.284981030E-03
-1.284830854E-03
-1.284645405E-03
-1.284424565E-03
-1.284168102E-03
-1.283875899E-03
-1.283548074E-03
-1.283184276E-03
-1.282784273E-03
-1.282348065E-03
-1.281875418E-03
-1.281365985E-03
-1.280819648E-03
-1.280236174E-03
-1.279615099E-03
-1.278956421E-03
-1.278259559E-03
-1.277524279E-03
-1.276750234E-03
-1.275936957E-03
-1.275084214E-03
-1.274191425E-03
-1.273258124E-03
-1.272283960E-03
-1.271268236E-03
-1.270210487E-03
-1.269110129E-03
-1.267966582E-03
-1.266779145E-03
-1.265547122E-03
-1.264269813E-03
-1.262946404E-03
-1.261576195E-03
-1.260158024E-03
-1.258691307E-03
-1.257174765E-03
-1.255607582E-03
-1.253988594E-03
-1.252316521E-03
-1.250590198E-03
-1.248808112E-03
-1.246969099E-03
-1.245071413E-03
-1.243113540E-03
-1.241093501E-03
-1.239009667E-03
-1.236859709E-03
-1.234641648E-03
-1.232352923E-03
-1.229990856E-03
-1.227552886E-03
-1.225035638E-03
-1.222435734E-03
-1.219749451E-03
-1.216972712E-03
-1.214100630E-03
-1.211128198E-03
-1.208049478E-03
-1.204857836E-03
-1.201545703E-03
-1.198104233E-03
-1.194523182E-03
-1.190790441E-03
-1.186891343E-03
-1.182808192E-03
-1.178518520E-03
-1.173993689E-03
-1.169195166E-03
-1.164068468E-03
-1.158533618E-03
-1.152444631E-03
-1.145515125E-03
-1.144256094E-03
-1.151202712E-03
-1.157308579E-03
-1.162860426E-03
-1.168004121E-03
-1.172819640E-03
-1.177361468E-03
-1.181668020E-03
-1.185768167E-03
-1.189684146E-03
-1.193433767E-03
-1.197031816E-03
-1.200490166E-03
-1.203819178E-03
-1.207027817E-03
-1.210123417E-03
-1.213112730E-03
-1.216001576E-03
-1.218795311E-03
-1.221498474E-03
-1.224115142E-03
-1.226649270E-03
-1.229104120E-03
-1.231482951E-03
-1.233788440E-03
-1.236023498E-03
-1.238190103E-03
-1.240290818E-03
-1.242327620E-03
-1.244302373E-03
-1.246216823E-03
-1.248072716E-03
-1.249871450E-03
-1.251614653E-03
-1.253303490E-03
-1.254939241E-03
-1.256523188E-03
-1.258056494E-03
-1.259539975E-03
-1.260974794E-03
-1.262361882E-03
-1.263702055E-03
-1.264996128E-03
-1.266244799E-03
-1.267448999E-03
-1.268609311E-03
-1.269726316E-03
-1.270800829E-03
-1.271833200E-03
-1.272824127E-03
-1.273774193E-03
-1.274683629E-03
-1.275553135E-03
-1.276383060E-03
-1.277173869E-03
-1.277925796E-03
-1.278639305E-03
-1.279314747E-03
-1.279952470E-03
-1.280552708E-03
-1.281115692E-03
-1.281641889E-03
-1.282131183E-03
-1.282584155E-03
-1.283000689E-03
-1.283381251E-03
-1.283725840E-03
-1.284034573E-03
-1.284307800E-03
-1.284545287E-03
-1.284747501E-03
-1.284914324E-03
-1.285045873E-03
-1.285142149E-03
-1.285203150E-03
-1.285228878E-03
-1.285202103E-03
-1.285140053E-03
-1.285042847E-03
-1.284910366E-03
-1.284742611E-03
-1.284539350E-03
-1.284300699E-03
-1.284026424E-03
-1.283716527E-03
-1.283370657E-03
-1.282988815E-03
-1.282570767E-03
-1.282116282E-03
-1.281625358E-03
-1.281097415E-03
-1.280532568E-03
-1.279930351E-03
-1.279290533E-03
-1.278612763E-03
-1.277896692E-03
-1.277142088E-03
-1.276348485E-03
-1.275515533E-03
-1.274642884E-03
-1.273729838E-03
-1.272776164E-03
-1.271781279E-03
-1.270744717E-03
-1.269665663E-03
-1.268543885E-03
-1.267378451E-03
-1.266168780E-03
-1.264914172E-03
-1.263613929E-03
-1.262267237E-03
-1.260873163E-03
-1.259430777E-03
-1.257939264E-03
-1.256397576E-03
-1.254804665E-03
-1.253159251E-03
-1.251460169E-03
-1.249706140E-03
-1.247895882E-03
-1.246027648E-03
-1.244100160E-03
-1.242111321E-03
-1.240059733E-03
-1.237943070E-03
-1.235759351E-03
-1.233506249E-03
-1.231181202E-03
-1.228781533E-03
-1.226304332E-03
-1.223746222E-03
-1.221103710E-03
-1.218372723E-03
-1.215548837E-03
-1.212627278E-03
-1.209602458E-03
-1.206468209E-03
-1.203217311E-03
-1.199841732E-03
-1.196331810E-03
-1.192676602E-03
-1.188862720E-03
-1.184874098E-03
-1.180690830E-03
-1.176287653E-03
-1.171631622E-03
-1.166677102E-03
-1.161358785E-03
-1.155570499E-03
-1.149123418E-03
-1.141467481E-03
-1.285220496E-03
-1.285177073E-03
-1.285098377E-03
-1.284984522E-03
-1.284835278E-03
-1.284650876E-03
-1.284430968E-03
-1.284175669E-03
-1.283884631E-03
-1.283557969E-03
-1.283195452E-03
-1.282796962E-03
-1.282362267E-03
-1.281891135E-03
-1.281383447E-03
-1.280838856E-03
-1.280257246E-03
-1.279638382E-03
-1.278981799E-03
-1.278287382E-03
-1.277554664E-03
-1.276783296E-03
-1.275973045E-03
-1.275123330E-03
-1.274233917E-03
-1.273304224E-03
-1.272333902E-03
-1.271322253E-03
-1.270268927E-03
-1.269173226E-03
-1.268034568E-03
-1.266852487E-03
-1.265626051E-03
-1.264354796E-03
-1.263037790E-03
-1.261674217E-03
-1.260263496E-03
-1.258804346E-03
-1.257296070E-03
-1.255737618E-03
-1.254127943E-03
-1.252465765E-03
-1.250749920E-03
-1.248979126E-03
-1.247151988E-03
-1.245266991E-03
-1.243322622E-03
-1.241317135E-03
-1.239248668E-03
-1.237115124E-03
-1.234914642E-03
-1.232644776E-03
-1.230302849E-03
-1.227886416E-03
-1.225392334E-03
-1.222817344E-03
-1.220157952E-03
-1.217410085E-03
-1.214569435E-03
-1.211630995E-03
-1.208589179E-03
-1.205438050E-03
-1.202170271E-03
-1.198777696E-03
-1.195250894E-03
-1.191578805E-03
-1.187748043E-03
-1.183742424E-03
-1.179542160E-03
-1.175122103E-03
-1.170449075E-03
-1.165477559E-03
-1.160142245E-03
-1.154337078E-03
-1.147872885E-03
-1.140199951E-03
