-1.352929161E-03
-1.202828367E-03
-1.204102882E-03
-1.211985131E-03
-1.218929654E-03
-1.225033775E-03
-1.230583643E-03
-1.235725591E-03
-1.240539365E-03
-1.245079678E-03
-1.249384717E-03
-1.253483351E-03
-1.257397933E-03
-1.261146273E-03
-1.264742925E-03
-1.268200227E-03
-1.271528075E-03
-1.274735667E-03
-1.277830219E-03
-1.280818600E-03
-1.283706632E-03
-1.286499551E-03
-1.289201900E-03
-1.291817869E-03
-1.294351416E-03
-1.296805684E-03
-1.299183932E-03
-1.301488956E-03
-1.303723431E-03
-1.305889688E-03
-1.307990053E-03
-1.310026506E-03
-1.312000910E-03
-1.313915127E-03
-1.315770787E-03
-1.317569287E-03
-1.319312258E-03
-1.321000978E-03
-1.322636614E-03
-1.324220560E-03
-1.325753750E-03
-1.327237231E-03
-1.328672050E-03
-1.330059022E-03
-1.331399195E-03
-1.332693268E-03
-1.333942055E-03
-1.335146371E-03
-1.336306683E-03
-1.337423921E-03
-1.338498434E-03
-1.339530922E-03
-1.340521965E-03
-1.341472031E-03
-1.342381700E-03
-1.343251322E-03
-1.344081364E-03
-1.344872289E-03
-1.345624332E-03
-1.346338075E-03
-1.347013633E-03
-1.347651472E-03
-1.348251826E-03
-1.348814927E-03
-1.349341124E-03
-1.349830651E-03
-1.350283623E-03
-1.350700390E-03
-1.351080951E-03
-1.351425541E-03
-1.351734507E-03
-1.352007617E-03
-1.352245337E-03
-1.352447551E-03
-1.352614374E-03
-1.352745923E-03
-1.352842199E-03
-1.352903317E-03
-1.352919964E-03
-1.352875493E-03
-1.352795865E-03
-1.352680963E-03
-1.352530788E-03
-1.352345222E-03
-1.352124265E-03
-1.351867802E-03
-1.351575600E-03
-1.351247542E-03
-1.350883627E-03
-1.350483624E-03
-1.350047300E-03
-1.349574421E-03
-1.349064871E-03
-1.348518417E-03
-1.347934711E-03
-1.347313635E-03
-1.346654724E-03
-1.345957746E-03
-1.345222350E-03
-1.344448072E-03
-1.343634794E-03
-1.342781819E-03
-1.341888914E-03
-1.340955496E-03
-1.339981100E-03
-1.338965376E-03
-1.337907510E-03
-1.336807036E-03
-1.335663372E-03
-1.334475819E-03
-1.333243796E-03
-1.331966370E-03
-1.330642961E-03
-1.329272636E-03
-1.327854581E-03
-1.326387865E-03
-1.324871439E-03
-1.323304255E-03
-1.321685384E-03
-1.320013427E-03
-1.318287221E-03
-1.316505368E-03
-1.314666471E-03
-1.312769135E-03
-1.310811494E-03
-1.308791805E-03
-1.306708204E-03
-1.304558711E-03
-1.302341116E-03
-1.300052856E-03
-1.297691371E-03
-1.295253984E-03
-1.292737317E-03
-1.290138229E-03
-1.287452644E-03
-1.284676604E-03
-1.281805453E-03
-1.278833952E-03
-1.275756164E-03
-1.272565569E-03
-1.269254484E-03
-1.265814179E-03
-1.262234407E-03
-1.258502947E-03
-1.254605246E-03
-1.250523492E-03
-1.246235450E-03
-1.241712132E-03
-1.236915356E-03
-1.231790287E-03
-1.226257416E-03
-1.220170292E-03
-1.213242766E-03
-1.352920663E-03
-1.352877123E-03
-1.352798427E-03
-1.352684572E-03
-1.352535328E-03
-1.352350810E-03
-1.352130901E-03
-1.351875486E-03
-1.351584448E-03
-1.351257786E-03
-1.350895152E-03
-1.350496546E-03
-1.350061619E-03
-1.349590486E-03
-1.349082682E-03
-1.348537975E-03
-1.347956248E-03
-1.347337267E-03
-1.346680569E-03
-1.345985918E-03
-1.345253084E-03
-1.344481716E-03
-1.343671232E-03
-1.342821517E-03
-1.341931871E-03
-1.341002178E-03
-1.340031624E-03
-1.339019858E-03
-1.337966416E-03
-1.336870715E-03
-1.335731940E-03
-1.334549743E-03
-1.333323307E-03
-1.332051936E-03
-1.330734929E-03
-1.329371473E-03
-1.327960636E-03
-1.326501602E-03
-1.324993442E-03
-1.323434990E-03
-1.321825432E-03
-1.320163370E-03
-1.318447641E-03
-1.316677080E-03
-1.314850175E-03
-1.312965411E-03
-1.311021275E-03
-1.309016137E-03
-1.306948019E-03
-1.304814941E-03
-1.302614808E-03
-1.300345408E-03
-1.298004063E-03
-1.295588212E-03
-1.293094712E-03
-1.290520537E-03
-1.287861727E-03
-1.285114675E-03
-1.282274839E-03
-1.279337332E-03
-1.276296563E-03
-1.273146481E-03
-1.269879751E-03
-1.266488340E-03
-1.262962702E-03
-1.259291894E-03
-1.255462412E-03
-1.251458307E-03
-1.247259555E-03
-1.242841012E-03
-1.238169731E-03
-1.233199961E-03
-1.227866509E-03
-1.222063089E-03
-1.215600874E-03
-1.207930036E-03
-1.352928928E-03
-1.352902153E-03
-1.352840103E-03
-1.352742780E-03
-1.352610299E-03
-1.352442428E-03
-1.352239167E-03
-1.352000516E-03
-1.351726125E-03
-1.351415995E-03
-1.351070125E-03
-1.350688166E-03
-1.350270002E-03
-1.349815400E-03
-1.349324244E-03
-1.348796301E-03
-1.348231221E-03
-1.347628888E-03
-1.346988953E-03
-1.346310950E-03
-1.345594879E-03
-1.344840042E-03
-1.344046323E-03
-1.343213255E-03
-1.342340373E-03
-1.341427327E-03
-1.340473420E-03
-1.339478418E-03
-1.338441740E-03
-1.337362570E-03
-1.336240675E-03
-1.335075125E-03
-1.333865453E-03
-1.332610846E-03
-1.331310486E-03
-1.329963794E-03
-1.328569604E-03
-1.327127335E-03
-1.325635822E-03
-1.324094250E-03
-1.322501339E-03
-1.320856041E-03
-1.319157192E-03
-1.317403279E-03
-1.315593137E-03
-1.313725254E-03
-1.311797881E-03
-1.309809508E-03
-1.307758153E-03
-1.305641839E-03
-1.303458586E-03
-1.301205950E-03
-1.298881485E-03
-1.296482398E-03
-1.294005779E-03
-1.291448367E-03
-1.288806438E-03
-1.286076265E-03
-1.283253194E-03
-1.280332566E-03
-1.277308678E-03
-1.274175476E-03
-1.270925626E-03
-1.267551095E-03
-1.264042454E-03
-1.260388410E-03
-1.256575924E-03
-1.252588700E-03
-1.248406945E-03
-1.244005398E-03
-1.239350880E-03
-1.234398107E-03
-1.229081652E-03
-1.223295229E-03
-1.216850011E-03
-1.209196169E-03
