-1.437976258E-03
-1.287948224E-03
-1.289229491E-03
-1.297101844E-03
-1.304043457E-03
-1.310144668E-03
-1.315691858E-03
-1.320831012E-03
-1.325642224E-03
-1.330179861E-03
-1.334482455E-03
-1.338578761E-03
-1.342491014E-03
-1.346237143E-03
-1.349831698E-03
-1.353286789E-03
-1.356612775E-03
-1.359818387E-03
-1.362911076E-03
-1.365897711E-03
-1.368783996E-03
-1.371575287E-03
-1.374276006E-03
-1.376890461E-03
-1.379422494E-03
-1.381875365E-03
-1.384252333E-03
-1.386556076E-03
-1.388789387E-03
-1.390954480E-03
-1.393053681E-03
-1.395088970E-03
-1.397062442E-03
-1.398975728E-03
-1.400830341E-03
-1.402628026E-03
-1.404370181E-03
-1.406058087E-03
-1.407693024E-03
-1.409276272E-03
-1.410808763E-03
-1.412291662E-03
-1.413725782E-03
-1.415112289E-03
-1.416451880E-03
-1.417745487E-03
-1.418993808E-03
-1.420197659E-03
-1.421357621E-03
-1.422474394E-03
-1.423548558E-03
-1.424580812E-03
-1.425571507E-03
-1.426521339E-03
-1.427430660E-03
-1.428300049E-03
-1.429129858E-03
-1.429920550E-03
-1.430672477E-03
-1.431385987E-03
-1.432061428E-03
-1.432699151E-03
-1.433299272E-03
-1.433862373E-03
-1.434388454E-03
-1.434877864E-03
-1.435330836E-03
-1.435747487E-03
-1.436127932E-03
-1.436472638E-03
-1.436781487E-03
-1.437054598E-03
-1.437292201E-03
-1.437494415E-03
-1.437661354E-03
-1.437792904E-03
-1.437889179E-03
-1.437950297E-03
-1.437967061E-03
-1.437922707E-03
-1.437843079E-03
-1.437728293E-03
-1.437578234E-03
-1.437392784E-03
-1.437171828E-03
-1.436915481E-03
-1.436623395E-03
-1.436295453E-03
-1.435931656E-03
-1.435531769E-03
-1.435095677E-03
-1.434623031E-03
-1.434113714E-03
-1.433567377E-03
-1.432983903E-03
-1.432363060E-03
-1.431704382E-03
-1.431007637E-03
-1.430272474E-03
-1.429498545E-03
-1.428685500E-03
-1.427832991E-03
-1.426940318E-03
-1.426007366E-03
-1.425033319E-03
-1.424017944E-03
-1.422960544E-03
-1.421860652E-03
-1.420717454E-03
-1.419530483E-03
-1.418298925E-03
-1.417022082E-03
-1.415699371E-03
-1.414329628E-03
-1.412912272E-03
-1.411446254E-03
-1.409930526E-03
-1.408364158E-03
-1.406746102E-03
-1.405075076E-03
-1.403349801E-03
-1.401568879E-03
-1.399731031E-03
-1.397834742E-03
-1.395878149E-03
-1.393859624E-03
-1.391777303E-03
-1.389629091E-03
-1.387412776E-03
-1.385125797E-03
-1.382765826E-03
-1.380329835E-03
-1.377814799E-03
-1.375217224E-03
-1.372533385E-03
-1.369759091E-03
-1.366889686E-03
-1.363920048E-03
-1.360844239E-03
-1.357655623E-03
-1.354346634E-03
-1.350908540E-03
-1.347330981E-03
-1.343601849E-03
-1.339706592E-03
-1.335627283E-03
-1.331341802E-03
-1.326821046E-03
-1.322027063E-03
-1.316904789E-03
-1.311374712E-03
-1.305290614E-03
-1.298366114E-03
-1.437967643E-03
-1.437924104E-03
-1.437845407E-03
-1.437731436E-03
-1.437582308E-03
-1.437397790E-03
-1.437177882E-03
-1.436922466E-03
-1.436631428E-03
-1.436304767E-03
-1.435942249E-03
-1.435543643E-03
-1.435108832E-03
-1.434637699E-03
-1.434130012E-03
-1.433585421E-03
-1.433003927E-03
-1.432384946E-03
-1.431728480E-03
-1.431033947E-03
-1.430301345E-03
-1.429530093E-03
-1.428719843E-03
-1.427870360E-03
-1.426981064E-03
-1.426051487E-03
-1.425081282E-03
-1.424069866E-03
-1.423016773E-03
-1.421921421E-03
-1.420783112E-03
-1.419601263E-03
-1.418375294E-03
-1.417104388E-03
-1.415787963E-03
-1.414424973E-03
-1.413014717E-03
-1.411556266E-03
-1.410048688E-03
-1.408491051E-03
-1.406882191E-03
-1.405220828E-03
-1.403506030E-03
-1.401736285E-03
-1.399910194E-03
-1.398026478E-03
-1.396083389E-03
-1.394079183E-03
-1.392012113E-03
-1.389880199E-03
-1.387681346E-03
-1.385413227E-03
-1.383073162E-03
-1.380658592E-03
-1.378166606E-03
-1.375593827E-03
-1.372936647E-03
-1.370191225E-03
-1.367353136E-03
-1.364417258E-03
-1.361378352E-03
-1.358230133E-03
-1.354965381E-03
-1.351575949E-03
-1.348052523E-03
-1.344383811E-03
-1.340556657E-03
-1.336554880E-03
-1.332358574E-03
-1.327942591E-03
-1.323273755E-03
-1.318306662E-03
-1.312976005E-03
-1.307175495E-03
-1.300716191E-03
-1.293048146E-03
-1.437976025E-03
-1.437949250E-03
-1.437887317E-03
-1.437790110E-03
-1.437657629E-03
-1.437489875E-03
-1.437286730E-03
-1.437048079E-03
-1.436773920E-03
-1.436463906E-03
-1.436118153E-03
-1.435736311E-03
-1.435318263E-03
-1.434863894E-03
-1.434372971E-03
-1.433845144E-03
-1.433280297E-03
-1.432678197E-03
-1.432038378E-03
-1.431360724E-03
-1.430644887E-03
-1.429890399E-03
-1.429097028E-03
-1.428264193E-03
-1.427391660E-03
-1.426478964E-03
-1.425525523E-03
-1.424530870E-03
-1.423494541E-03
-1.422415953E-03
-1.421294408E-03
-1.420129440E-03
-1.418920234E-03
-1.417666208E-03
-1.416366547E-03
-1.415020437E-03
-1.413626946E-03
-1.412185375E-03
-1.410694676E-03
-1.409153803E-03
-1.407561707E-03
-1.405917224E-03
-1.404219307E-03
-1.402466325E-03
-1.400657231E-03
-1.398790278E-03
-1.396864071E-03
-1.394876745E-03
-1.392826554E-03
-1.390711521E-03
-1.388529548E-03
-1.386278309E-03
-1.383955125E-03
-1.381557551E-03
-1.379082445E-03
-1.376526547E-03
-1.373886364E-03
-1.371157821E-03
-1.368336612E-03
-1.365417847E-03
-1.362395822E-03
-1.359264483E-03
-1.356016728E-03
-1.352644409E-03
-1.349137863E-03
-1.345486147E-03
-1.341675990E-03
-1.337691210E-03
-1.333511900E-03
-1.329112914E-03
-1.324461191E-03
-1.319511211E-03
-1.314197551E-03
-1.308414037E-03
-1.301971963E-03
-1.294321031E-03
