-1.292474684E-03
-1.142344088E-03
-1.143620000E-03
-1.151502831E-03
-1.158449217E-03
-1.164555084E-03
-1.170106698E-03
-1.175250276E-03
-1.180065563E-03
-1.184607274E-03
-1.188913709E-03
-1.193013741E-03
-1.196929486E-03
-1.200679108E-03
-1.204276923E-03
-1.207735273E-03
-1.211064286E-03
-1.214272692E-03
-1.217368292E-03
-1.220357604E-03
-1.223246334E-03
-1.226040069E-03
-1.228743116E-03
-1.231359784E-03
-1.233893912E-03
-1.236348646E-03
-1.238727476E-03
-1.241032965E-03
-1.243267907E-03
-1.245434629E-03
-1.247535343E-03
-1.249572146E-03
-1.251546899E-03
-1.253461349E-03
-1.255317242E-03
-1.257115975E-03
-1.258859178E-03
-1.260548015E-03
-1.262183883E-03
-1.263767830E-03
-1.265301020E-03
-1.266784617E-03
-1.268219552E-03
-1.269606641E-03
-1.270946697E-03
-1.272240886E-03
-1.273489674E-03
-1.274693874E-03
-1.275854185E-03
-1.276971307E-03
-1.278045704E-03
-1.279078191E-03
-1.280069235E-03
-1.281019184E-03
-1.281928737E-03
-1.282798243E-03
-1.283628284E-03
-1.284418977E-03
-1.285171020E-03
-1.285884646E-03
-1.286560087E-03
-1.287197811E-03
-1.287798048E-03
-1.288361149E-03
-1.288887230E-03
-1.289376640E-03
-1.289829612E-03
-1.290246146E-03
-1.290626707E-03
-1.290971297E-03
-1.291280147E-03
-1.291553257E-03
-1.291790861E-03
-1.291993074E-03
-1.292159897E-03
-1.292291447E-03
-1.292387722E-03
-1.292448724E-03
-1.292465487E-03
-1.292421017E-03
-1.292341389E-03
-1.292226603E-03
-1.292076427E-03
-1.291890978E-03
-1.291670022E-03
-1.291413559E-03
-1.291121473E-03
-1.290793531E-03
-1.290429616E-03
-1.290029730E-03
-1.289593522E-03
-1.289120759E-03
-1.288611325E-03
-1.288064988E-03
-1.287481398E-03
-1.286860323E-03
-1.286201528E-03
-1.285504666E-03
-1.284769387E-03
-1.283995342E-03
-1.283182064E-03
-1.282329205E-03
-1.281436416E-03
-1.280503115E-03
-1.279528835E-03
-1.278513111E-03
-1.277455362E-03
-1.276355004E-03
-1.275211340E-03
-1.274023904E-03
-1.272791880E-03
-1.271514455E-03
-1.270191045E-03
-1.268820721E-03
-1.267402666E-03
-1.265935833E-03
-1.264419290E-03
-1.262852107E-03
-1.261233003E-03
-1.259560930E-03
-1.257834607E-03
-1.256052521E-03
-1.254213508E-03
-1.252315822E-03
-1.250357833E-03
-1.248337911E-03
-1.246253960E-03
-1.244104118E-03
-1.241885941E-03
-1.239597332E-03
-1.237235381E-03
-1.234797295E-03
-1.232280047E-03
-1.229680260E-03
-1.226994093E-03
-1.224217238E-03
-1.221345272E-03
-1.218372956E-03
-1.215294236E-03
-1.212102710E-03
-1.208790578E-03
-1.205349225E-03
-1.201768289E-03
-1.198035665E-03
-1.194136683E-03
-1.190053648E-03
-1.185764209E-03
-1.181239495E-03
-1.176441088E-03
-1.171314507E-03
-1.165779890E-03
-1.159691019E-03
-1.152761746E-03
-1.292466186E-03
-1.292422647E-03
-1.292343950E-03
-1.292230096E-03
-1.292080851E-03
-1.291896449E-03
-1.291676541E-03
-1.291421126E-03
-1.291130204E-03
-1.290803542E-03
-1.290441025E-03
-1.290042419E-03
-1.289607608E-03
-1.289136475E-03
-1.288628788E-03
-1.288084197E-03
-1.287502586E-03
-1.286883606E-03
-1.286227023E-03
-1.285532606E-03
-1.284799888E-03
-1.284028520E-03
-1.283218153E-03
-1.282368437E-03
-1.281479024E-03
-1.280549332E-03
-1.279578893E-03
-1.278567244E-03
-1.277513802E-03
-1.276418101E-03
-1.275279443E-03
-1.274097245E-03
-1.272870926E-03
-1.271599554E-03
-1.270282432E-03
-1.268918975E-03
-1.267508138E-03
-1.266048988E-03
-1.264540711E-03
-1.262982260E-03
-1.261372468E-03
-1.259710290E-03
-1.257994445E-03
-1.256223652E-03
-1.254396513E-03
-1.252511516E-03
-1.250567148E-03
-1.248561661E-03
-1.246493077E-03
-1.244359650E-03
-1.242159167E-03
-1.239889301E-03
-1.237547374E-03
-1.235130941E-03
-1.232636976E-03
-1.230061986E-03
-1.227402594E-03
-1.224654843E-03
-1.221814193E-03
-1.218875754E-03
-1.215834171E-03
-1.212683041E-03
-1.209415379E-03
-1.206022920E-03
-1.202496234E-03
-1.198824146E-03
-1.194993500E-03
-1.190987998E-03
-1.186787849E-03
-1.182368025E-03
-1.177695114E-03
-1.172723831E-03
-1.167388633E-03
-1.161583583E-03
-1.155119622E-03
-1.147446805E-03
-1.292474451E-03
-1.292447676E-03
-1.292385627E-03
-1.292288420E-03
-1.292155939E-03
-1.291988068E-03
-1.291784924E-03
-1.291546272E-03
-1.291271998E-03
-1.290961984E-03
-1.290616114E-03
-1.290234271E-03
-1.289816108E-03
-1.289361739E-03
-1.288870699E-03
-1.288342755E-03
-1.287777792E-03
-1.287175575E-03
-1.286535757E-03
-1.285857870E-03
-1.285141916E-03
-1.284387195E-03
-1.283593592E-03
-1.282760641E-03
-1.281887875E-03
-1.280974830E-03
-1.280021155E-03
-1.279026153E-03
-1.277989475E-03
-1.276910538E-03
-1.275788643E-03
-1.274623210E-03
-1.273413422E-03
-1.272158930E-03
-1.270858571E-03
-1.269511762E-03
-1.268117689E-03
-1.266675419E-03
-1.265183790E-03
-1.263642102E-03
-1.262049074E-03
-1.260403660E-03
-1.258704579E-03
-1.256950549E-03
-1.255140291E-03
-1.253272058E-03
-1.251344453E-03
-1.249355730E-03
-1.247304026E-03
-1.245187363E-03
-1.243003760E-03
-1.240750658E-03
-1.238425612E-03
-1.236026059E-03
-1.233548857E-03
-1.230990747E-03
-1.228348236E-03
-1.225617249E-03
-1.222793479E-03
-1.219872036E-03
-1.216847217E-03
-1.213713083E-03
-1.210462186E-03
-1.207086723E-03
-1.203576918E-03
-1.199921826E-03
-1.196107944E-03
-1.192119555E-03
-1.187936403E-03
-1.183533343E-03
-1.178877428E-03
-1.173923141E-03
-1.168604940E-03
-1.162816887E-03
-1.156369923E-03
-1.148714218E-03
