-1.337264082E-03
-1.187152928E-03
-1.188427676E-03
-1.196310157E-03
-1.203255262E-03
-1.209359849E-03
-1.214910299E-03
-1.220052713E-03
-1.224866835E-03
-1.229407615E-03
-1.233713003E-03
-1.237811986E-03
-1.241726917E-03
-1.245475723E-03
-1.249072724E-03
-1.252530259E-03
-1.255858573E-03
-1.259066397E-03
-1.262161182E-03
-1.265149913E-03
-1.268038177E-03
-1.270831330E-03
-1.273533911E-03
-1.276150113E-03
-1.278683776E-03
-1.281138277E-03
-1.283516758E-03
-1.285821898E-03
-1.288056606E-03
-1.290222979E-03
-1.292323577E-03
-1.294360030E-03
-1.296334667E-03
-1.298249001E-03
-1.300104661E-03
-1.301903394E-03
-1.303646481E-03
-1.305335201E-03
-1.306970953E-03
-1.308554900E-03
-1.310088206E-03
-1.311571687E-03
-1.313006622E-03
-1.314393710E-03
-1.315733884E-03
-1.317028073E-03
-1.318276860E-03
-1.319481176E-03
-1.320641488E-03
-1.321758726E-03
-1.322833239E-03
-1.323865843E-03
-1.324856887E-03
-1.325806952E-03
-1.326716621E-03
-1.327586244E-03
-1.328416285E-03
-1.329207211E-03
-1.329959254E-03
-1.330672996E-03
-1.331348554E-03
-1.331986394E-03
-1.332586748E-03
-1.333149849E-03
-1.333676046E-03
-1.334165572E-03
-1.334618544E-03
-1.335035195E-03
-1.335415873E-03
-1.335760462E-03
-1.336069312E-03
-1.336342539E-03
-1.336580142E-03
-1.336782356E-03
-1.336949179E-03
-1.337080728E-03
-1.337177004E-03
-1.337238122E-03
-1.337254769E-03
-1.337210415E-03
-1.337130787E-03
-1.337015885E-03
-1.336865709E-03
-1.336680143E-03
-1.336459187E-03
-1.336202607E-03
-1.335910521E-03
-1.335582463E-03
-1.335218549E-03
-1.334818546E-03
-1.334382221E-03
-1.333909342E-03
-1.333399909E-03
-1.332853339E-03
-1.332269749E-03
-1.331648557E-03
-1.330989646E-03
-1.330292667E-03
-1.329557272E-03
-1.328783110E-03
-1.327969716E-03
-1.327116741E-03
-1.326223835E-03
-1.325290417E-03
-1.324316021E-03
-1.323300297E-03
-1.322242431E-03
-1.321141957E-03
-1.319998293E-03
-1.318810740E-03
-1.317578601E-03
-1.316301175E-03
-1.314977650E-03
-1.313607325E-03
-1.312189153E-03
-1.310722437E-03
-1.309205894E-03
-1.307638711E-03
-1.306019723E-03
-1.304347650E-03
-1.302621327E-03
-1.300839474E-03
-1.299000462E-03
-1.297103008E-03
-1.295145135E-03
-1.293125446E-03
-1.291041728E-03
-1.288892119E-03
-1.286674291E-03
-1.284385798E-03
-1.282024197E-03
-1.279586577E-03
-1.277069794E-03
-1.274470356E-03
-1.271784655E-03
-1.269008382E-03
-1.266136882E-03
-1.263165032E-03
-1.260087010E-03
-1.256896183E-03
-1.253584749E-03
-1.250144094E-03
-1.246563974E-03
-1.242832164E-03
-1.238934114E-03
-1.234852010E-03
-1.230563503E-03
-1.226039836E-03
-1.221242594E-03
-1.216117176E-03
-1.210583723E-03
-1.204496133E-03
-1.197568025E-03
-1.337255468E-03
-1.337212045E-03
-1.337133348E-03
-1.337019377E-03
-1.336870249E-03
-1.336685731E-03
-1.336465823E-03
-1.336210407E-03
-1.335919369E-03
-1.335592591E-03
-1.335230074E-03
-1.334831351E-03
-1.334396540E-03
-1.333925407E-03
-1.333417487E-03
-1.332872896E-03
-1.332291169E-03
-1.331672189E-03
-1.331015490E-03
-1.330320840E-03
-1.329588005E-03
-1.328816637E-03
-1.328006154E-03
-1.327156438E-03
-1.326266793E-03
-1.325336983E-03
-1.324366429E-03
-1.323354780E-03
-1.322301221E-03
-1.321205520E-03
-1.320066745E-03
-1.318884548E-03
-1.317658112E-03
-1.316386624E-03
-1.315069618E-03
-1.313706045E-03
-1.312295208E-03
-1.310836058E-03
-1.309327781E-03
-1.307769329E-03
-1.306159655E-03
-1.304497477E-03
-1.302781748E-03
-1.301011071E-03
-1.299184049E-03
-1.297299168E-03
-1.295355032E-03
-1.293349662E-03
-1.291281427E-03
-1.289148116E-03
-1.286947983E-03
-1.284678350E-03
-1.282336772E-03
-1.279920689E-03
-1.277427073E-03
-1.274852664E-03
-1.272193622E-03
-1.269446337E-03
-1.266606268E-03
-1.263668528E-03
-1.260627410E-03
-1.257476979E-03
-1.254210016E-03
-1.250818255E-03
-1.247292385E-03
-1.243621111E-03
-1.239791396E-03
-1.235786825E-03
-1.231587608E-03
-1.227168716E-03
-1.222496969E-03
-1.217526733E-03
-1.212192816E-03
-1.206389046E-03
-1.199926250E-03
-1.192254713E-03
-1.337263850E-03
-1.337236958E-03
-1.337175025E-03
-1.337077701E-03
-1.336945221E-03
-1.336777350E-03
-1.336574089E-03
-1.336335321E-03
-1.336061046E-03
-1.335750916E-03
-1.335405046E-03
-1.335023087E-03
-1.334604924E-03
-1.334150322E-03
-1.333659166E-03
-1.333131222E-03
-1.332566258E-03
-1.331963809E-03
-1.331323874E-03
-1.330645988E-03
-1.329929801E-03
-1.329175080E-03
-1.328381361E-03
-1.327548176E-03
-1.326675294E-03
-1.325762249E-03
-1.324808458E-03
-1.323813340E-03
-1.322776545E-03
-1.321697491E-03
-1.320575480E-03
-1.319410047E-03
-1.318200259E-03
-1.316945534E-03
-1.315645291E-03
-1.314298483E-03
-1.312904293E-03
-1.311461907E-03
-1.309970394E-03
-1.308428706E-03
-1.306835795E-03
-1.305190381E-03
-1.303491415E-03
-1.301737386E-03
-1.299927244E-03
-1.298059127E-03
-1.296131755E-03
-1.294143149E-03
-1.292091678E-03
-1.289975247E-03
-1.287791878E-03
-1.285539009E-03
-1.283214311E-03
-1.280815108E-03
-1.278338255E-03
-1.275780611E-03
-1.273138565E-03
-1.270408044E-03
-1.267584856E-03
-1.264663879E-03
-1.261639758E-03
-1.258506207E-03
-1.255256007E-03
-1.251881244E-03
-1.248372253E-03
-1.244717860E-03
-1.240904909E-03
-1.236917451E-03
-1.232735231E-03
-1.228333218E-03
-1.223678351E-03
-1.218725229E-03
-1.213408192E-03
-1.207621302E-03
-1.201175619E-03
-1.193521079E-03
