-1.269635512E-03
-1.119502820E-03
-1.120779430E-03
-1.128662145E-03
-1.135609113E-03
-1.141715446E-03
-1.147267525E-03
-1.152411569E-03
-1.157227322E-03
-1.161769498E-03
-1.166076283E-03
-1.170176663E-03
-1.174092758E-03
-1.177842612E-03
-1.181440777E-03
-1.184899360E-03
-1.188228489E-03
-1.191437244E-03
-1.194532961E-03
-1.197522390E-03
-1.200411352E-03
-1.203205087E-03
-1.205908251E-03
-1.208525035E-03
-1.211059163E-03
-1.213514130E-03
-1.215892960E-03
-1.218198449E-03
-1.220433391E-03
-1.222600113E-03
-1.224700827E-03
-1.226737513E-03
-1.228712266E-03
-1.230626600E-03
-1.232482377E-03
-1.234281110E-03
-1.236024196E-03
-1.237712917E-03
-1.239348669E-03
-1.240932615E-03
-1.242465689E-03
-1.243949169E-03
-1.245383872E-03
-1.246770844E-03
-1.248110901E-03
-1.249404857E-03
-1.250653528E-03
-1.251857611E-03
-1.253017690E-03
-1.254134695E-03
-1.255209092E-03
-1.256241347E-03
-1.257232158E-03
-1.258182107E-03
-1.259091427E-03
-1.259960816E-03
-1.260790741E-03
-1.261581318E-03
-1.262333244E-03
-1.263046637E-03
-1.263722079E-03
-1.264359686E-03
-1.264959807E-03
-1.265522791E-03
-1.266048755E-03
-1.266538049E-03
-1.266990905E-03
-1.267407439E-03
-1.267787884E-03
-1.268132473E-03
-1.268441207E-03
-1.268714317E-03
-1.268951921E-03
-1.269154018E-03
-1.269320725E-03
-1.269452274E-03
-1.269548549E-03
-1.269609667E-03
-1.269626315E-03
-1.269581961E-03
-1.269502332E-03
-1.269387547E-03
-1.269237488E-03
-1.269052038E-03
-1.268831082E-03
-1.268574735E-03
-1.268282649E-03
-1.267954824E-03
-1.267591026E-03
-1.267191139E-03
-1.266755047E-03
-1.266282401E-03
-1.265773084E-03
-1.265226863E-03
-1.264643390E-03
-1.264022547E-03
-1.263363869E-03
-1.262667123E-03
-1.261931960E-03
-1.261158031E-03
-1.260344870E-03
-1.259492245E-03
-1.258599455E-03
-1.257666387E-03
-1.256692223E-03
-1.255676616E-03
-1.254618983E-03
-1.253518858E-03
-1.252375310E-03
-1.251187990E-03
-1.249956083E-03
-1.248678891E-03
-1.247355598E-03
-1.245985390E-03
-1.244567451E-03
-1.243100734E-03
-1.241584425E-03
-1.240017242E-03
-1.238398370E-03
-1.236726413E-03
-1.235000091E-03
-1.233218121E-03
-1.231379109E-03
-1.229481539E-03
-1.227523666E-03
-1.225503744E-03
-1.223419909E-03
-1.221269951E-03
-1.219051890E-03
-1.216763165E-03
-1.214401214E-03
-1.211963128E-03
-1.209445880E-03
-1.206845976E-03
-1.204159693E-03
-1.201382722E-03
-1.198510639E-03
-1.195538091E-03
-1.192459255E-03
-1.189267496E-03
-1.185955247E-03
-1.182513544E-03
-1.178932376E-03
-1.175199402E-03
-1.171300188E-03
-1.167216804E-03
-1.162927016E-03
-1.158401836E-03
-1.153603080E-03
-1.148476033E-03
-1.142940950E-03
-1.136851613E-03
-1.129921642E-03
-1.269627013E-03
-1.269583474E-03
-1.269504777E-03
-1.269390923E-03
-1.269241795E-03
-1.269057393E-03
-1.268837485E-03
-1.268582186E-03
-1.268291264E-03
-1.267964719E-03
-1.267602202E-03
-1.267203712E-03
-1.266769017E-03
-1.266298001E-03
-1.265790313E-03
-1.265245955E-03
-1.264664344E-03
-1.264045597E-03
-1.263389131E-03
-1.262694714E-03
-1.261962112E-03
-1.261190861E-03
-1.260380726E-03
-1.259531127E-03
-1.258641831E-03
-1.257712254E-03
-1.256741933E-03
-1.255730400E-03
-1.254677190E-03
-1.253581606E-03
-1.252443064E-03
-1.251261099E-03
-1.250034780E-03
-1.248763525E-03
-1.247446635E-03
-1.246083295E-03
-1.244672574E-03
-1.243213541E-03
-1.241705380E-03
-1.240147045E-03
-1.238537370E-03
-1.236875309E-03
-1.235159580E-03
-1.233388786E-03
-1.231561764E-03
-1.229676767E-03
-1.227732515E-03
-1.225727028E-03
-1.223658561E-03
-1.221525134E-03
-1.219324651E-03
-1.217054669E-03
-1.214712858E-03
-1.212296309E-03
-1.209802227E-03
-1.207227237E-03
-1.204567729E-03
-1.201819861E-03
-1.198979095E-03
-1.196040539E-03
-1.192998723E-03
-1.189847477E-03
-1.186579582E-03
-1.183186774E-03
-1.179659856E-03
-1.175987534E-03
-1.172156539E-03
-1.168150688E-03
-1.163950306E-03
-1.159529900E-03
-1.154856640E-03
-1.149884891E-03
-1.144549227E-03
-1.138743712E-03
-1.132279169E-03
-1.124605886E-03
-1.269635395E-03
-1.269608503E-03
-1.269546570E-03
-1.269449363E-03
-1.269316883E-03
-1.269149128E-03
-1.268945984E-03
-1.268707332E-03
-1.268433174E-03
-1.268123160E-03
-1.267777407E-03
-1.267395681E-03
-1.266977633E-03
-1.266523264E-03
-1.266032341E-03
-1.265504630E-03
-1.264939783E-03
-1.264337683E-03
-1.263697864E-03
-1.263020211E-03
-1.262304373E-03
-1.261549769E-03
-1.260756282E-03
-1.259923447E-03
-1.259050914E-03
-1.258137985E-03
-1.257184427E-03
-1.256189658E-03
-1.255153096E-03
-1.254074275E-03
-1.252952497E-03
-1.251787180E-03
-1.250577741E-03
-1.249323250E-03
-1.248023123E-03
-1.246676431E-03
-1.245282474E-03
-1.243840321E-03
-1.242348808E-03
-1.240807236E-03
-1.239214325E-03
-1.237569028E-03
-1.235870062E-03
-1.234116149E-03
-1.232305891E-03
-1.230437774E-03
-1.228510286E-03
-1.226521563E-03
-1.224469859E-03
-1.222353312E-03
-1.220169594E-03
-1.217916491E-03
-1.215591561E-03
-1.213191892E-03
-1.210714574E-03
-1.208156464E-03
-1.205513836E-03
-1.202782849E-03
-1.199958962E-03
-1.197037287E-03
-1.194012351E-03
-1.190877985E-03
-1.187626971E-03
-1.184251159E-03
-1.180741121E-03
-1.177085796E-03
-1.173271681E-03
-1.169282827E-03
-1.165099326E-03
-1.160695916E-03
-1.156039652E-03
-1.151084900E-03
-1.145766233E-03
-1.139977598E-03
-1.133530168E-03
-1.125873998E-03
