-1.466232468E-03
-1.316237729E-03
-1.317512710E-03
-1.325390302E-03
-1.332330867E-03
-1.338431030E-03
-1.343977056E-03
-1.349115279E-03
-1.353925443E-03
-1.358462265E-03
-1.362763811E-03
-1.366859186E-03
-1.370770507E-03
-1.374515821E-03
-1.378109562E-03
-1.381563954E-03
-1.384889008E-03
-1.388093806E-03
-1.391185797E-03
-1.394171733E-03
-1.397057320E-03
-1.399847912E-03
-1.402547932E-03
-1.405161805E-03
-1.407693140E-03
-1.410145429E-03
-1.412521815E-03
-1.414824976E-03
-1.417057705E-03
-1.419222215E-03
-1.421320951E-03
-1.423355774E-03
-1.425328781E-03
-1.427241485E-03
-1.429095748E-03
-1.430892968E-03
-1.432634657E-03
-1.434322214E-03
-1.435956685E-03
-1.437539584E-03
-1.439071610E-03
-1.440554159E-03
-1.441988046E-03
-1.443374204E-03
-1.444713562E-03
-1.446006820E-03
-1.447254792E-03
-1.448458410E-03
-1.449618023E-03
-1.450734562E-03
-1.451808494E-03
-1.452840399E-03
-1.453830977E-03
-1.454780577E-03
-1.455689664E-03
-1.456558821E-03
-1.457388513E-03
-1.458178973E-03
-1.458930667E-03
-1.459644060E-03
-1.460319269E-03
-1.460956875E-03
-1.461556880E-03
-1.462119864E-03
-1.462645829E-03
-1.463135006E-03
-1.463587862E-03
-1.464004396E-03
-1.464384841E-03
-1.464729430E-03
-1.465038164E-03
-1.465311158E-03
-1.465548761E-03
-1.465750858E-03
-1.465917681E-03
-1.466049114E-03
-1.466145390E-03
-1.466206508E-03
-1.466223155E-03
-1.466178801E-03
-1.466099173E-03
-1.465984387E-03
-1.465834212E-03
-1.465648762E-03
-1.465427922E-03
-1.465171459E-03
-1.464879373E-03
-1.464551548E-03
-1.464187750E-03
-1.463787863E-03
-1.463351771E-03
-1.462879125E-03
-1.462369924E-03
-1.461823704E-03
-1.461240230E-03
-1.460619387E-03
-1.459960826E-03
-1.459264196E-03
-1.458529150E-03
-1.457755337E-03
-1.456942409E-03
-1.456089900E-03
-1.455197460E-03
-1.454264624E-03
-1.453290810E-03
-1.452275552E-03
-1.451218268E-03
-1.450118492E-03
-1.448975527E-03
-1.447788789E-03
-1.446557464E-03
-1.445280854E-03
-1.443958259E-03
-1.442588866E-03
-1.441171742E-03
-1.439705957E-03
-1.438190578E-03
-1.436624560E-03
-1.435006736E-03
-1.433336060E-03
-1.431611134E-03
-1.429830561E-03
-1.427993178E-03
-1.426097122E-03
-1.424140995E-03
-1.422122936E-03
-1.420041081E-03
-1.417893218E-03
-1.415677369E-03
-1.413390972E-03
-1.411031466E-03
-1.408596057E-03
-1.406081486E-03
-1.403484493E-03
-1.400801237E-03
-1.398027525E-03
-1.395158819E-03
-1.392189763E-03
-1.389114652E-03
-1.385926735E-03
-1.382618444E-03
-1.379181049E-03
-1.375604304E-03
-1.371875871E-03
-1.367981429E-03
-1.363903051E-03
-1.359618385E-03
-1.355098560E-03
-1.350305392E-03
-1.345184050E-03
-1.339655020E-03
-1.333571854E-03
-1.326648402E-03
-1.466223854E-03
-1.466180314E-03
-1.466101734E-03
-1.465987763E-03
-1.465838635E-03
-1.465654233E-03
-1.465434441E-03
-1.465179143E-03
-1.464888221E-03
-1.464561559E-03
-1.464199158E-03
-1.463800669E-03
-1.463365974E-03
-1.462894958E-03
-1.462387387E-03
-1.461843029E-03
-1.461261534E-03
-1.460642787E-03
-1.459986437E-03
-1.459292136E-03
-1.458559651E-03
-1.457788632E-03
-1.456978614E-03
-1.456129248E-03
-1.455240184E-03
-1.454310841E-03
-1.453340868E-03
-1.452329685E-03
-1.451276825E-03
-1.450181706E-03
-1.449043630E-03
-1.447862131E-03
-1.446636394E-03
-1.445365837E-03
-1.444049645E-03
-1.442687004E-03
-1.441277098E-03
-1.439819112E-03
-1.438311883E-03
-1.436754595E-03
-1.435145969E-03
-1.433485188E-03
-1.431770739E-03
-1.430001343E-03
-1.428175834E-03
-1.426292467E-03
-1.424349844E-03
-1.422346220E-03
-1.420279732E-03
-1.418148284E-03
-1.415950013E-03
-1.413682359E-03
-1.411342877E-03
-1.408929005E-03
-1.406437601E-03
-1.403865404E-03
-1.401208923E-03
-1.398464199E-03
-1.395626692E-03
-1.392691629E-03
-1.389653422E-03
-1.386506017E-03
-1.383242081E-03
-1.379853464E-03
-1.376330853E-03
-1.372662955E-03
-1.368836733E-03
-1.364835771E-03
-1.360640395E-03
-1.356225344E-03
-1.351557556E-03
-1.346591511E-03
-1.341261785E-03
-1.335462322E-03
-1.329004182E-03
-1.321337186E-03
-1.466232236E-03
-1.466205344E-03
-1.466143411E-03
-1.466046204E-03
-1.465913723E-03
-1.465745969E-03
-1.465542708E-03
-1.465304056E-03
-1.465029898E-03
-1.464719884E-03
-1.464374131E-03
-1.463992405E-03
-1.463574357E-03
-1.463119988E-03
-1.462629065E-03
-1.462101354E-03
-1.461536624E-03
-1.460934523E-03
-1.460294821E-03
-1.459617284E-03
-1.458901446E-03
-1.458147075E-03
-1.457353821E-03
-1.456521102E-03
-1.455648686E-03
-1.454736106E-03
-1.453782781E-03
-1.452788361E-03
-1.451752265E-03
-1.450673793E-03
-1.449552481E-03
-1.448387629E-03
-1.447178656E-03
-1.445924863E-03
-1.444625435E-03
-1.443279441E-03
-1.441886299E-03
-1.440444961E-03
-1.438954496E-03
-1.437413972E-03
-1.435822225E-03
-1.434178092E-03
-1.432480407E-03
-1.430727891E-03
-1.428919029E-03
-1.427052543E-03
-1.425126684E-03
-1.423139824E-03
-1.421090099E-03
-1.418975531E-03
-1.416794024E-03
-1.414543134E-03
-1.412220532E-03
-1.409823424E-03
-1.407348900E-03
-1.404793584E-03
-1.402153866E-03
-1.399426023E-03
-1.396605396E-03
-1.393687213E-03
-1.390665886E-03
-1.387535245E-03
-1.384288189E-03
-1.380916568E-03
-1.377410837E-03
-1.373759937E-03
-1.369950478E-03
-1.365966513E-03
-1.361788134E-03
-1.357389963E-03
-1.352739055E-03
-1.347790007E-03
-1.342477277E-03
-1.336694695E-03
-1.330253668E-03
-1.322603668E-03
