-1.498191734E-03
-1.348232501E-03
-1.349508180E-03
-1.357383910E-03
-1.364323311E-03
-1.370422193E-03
-1.375967171E-03
-1.381104346E-03
-1.385913463E-03
-1.390449121E-03
-1.394749735E-03
-1.398844179E-03
-1.402754569E-03
-1.406498835E-03
-1.410091645E-03
-1.413545106E-03
-1.416869345E-03
-1.420073328E-03
-1.423164504E-03
-1.426149625E-03
-1.429034397E-03
-1.431824174E-03
-1.434523612E-03
-1.437136671E-03
-1.439667423E-03
-1.442119014E-03
-1.444494701E-03
-1.446797163E-03
-1.449029311E-03
-1.451193355E-03
-1.453291392E-03
-1.455325750E-03
-1.457298175E-03
-1.459210413E-03
-1.461064094E-03
-1.462860964E-03
-1.464602188E-03
-1.466289279E-03
-1.467923285E-03
-1.469505718E-03
-1.471037394E-03
-1.472519594E-03
-1.473953133E-03
-1.475338941E-03
-1.476677833E-03
-1.477970858E-03
-1.479218598E-03
-1.480421750E-03
-1.481581130E-03
-1.482697437E-03
-1.483771135E-03
-1.484802808E-03
-1.485793036E-03
-1.486742403E-03
-1.487651374E-03
-1.488520298E-03
-1.489349757E-03
-1.490140101E-03
-1.490891678E-03
-1.491604839E-03
-1.492279931E-03
-1.492917305E-03
-1.493517193E-03
-1.494080061E-03
-1.494605909E-03
-1.495095086E-03
-1.495547709E-03
-1.495964243E-03
-1.496344572E-03
-1.496689045E-03
-1.496997662E-03
-1.497270772E-03
-1.497508259E-03
-1.497710356E-03
-1.497877063E-03
-1.498008496E-03
-1.498104772E-03
-1.498165890E-03
-1.498182537E-03
-1.498138183E-03
-1.498058555E-03
-1.497943769E-03
-1.497793710E-03
-1.497608260E-03
-1.497387420E-03
-1.497131074E-03
-1.496839104E-03
-1.496511279E-03
-1.496147597E-03
-1.495747827E-03
-1.495311852E-03
-1.494839322E-03
-1.494330238E-03
-1.493784133E-03
-1.493200893E-03
-1.492580166E-03
-1.491921721E-03
-1.491225325E-03
-1.490490395E-03
-1.489716815E-03
-1.488904003E-03
-1.488051843E-03
-1.487159519E-03
-1.486226916E-03
-1.485253335E-03
-1.484238426E-03
-1.483181375E-03
-1.482081949E-03
-1.480939216E-03
-1.479752711E-03
-1.478521735E-03
-1.477245474E-03
-1.475923229E-03
-1.474554185E-03
-1.473137410E-03
-1.471672091E-03
-1.470157062E-03
-1.468591508E-03
-1.466974150E-03
-1.465303823E-03
-1.463579363E-03
-1.461799373E-03
-1.459962456E-03
-1.458066981E-03
-1.456111320E-03
-1.454093843E-03
-1.452012570E-03
-1.449865289E-03
-1.447650022E-03
-1.445364323E-03
-1.443005516E-03
-1.440570690E-03
-1.438056934E-03
-1.435460639E-03
-1.432778081E-03
-1.430005184E-03
-1.427137177E-03
-1.424168935E-03
-1.421094639E-03
-1.417907653E-03
-1.414600178E-03
-1.411163714E-03
-1.407587784E-03
-1.403860399E-03
-1.399966888E-03
-1.395889558E-03
-1.391605823E-03
-1.387087163E-03
-1.382295042E-03
-1.377174864E-03
-1.371646882E-03
-1.365564880E-03
-1.358642592E-03
-1.498183236E-03
-1.498139696E-03
-1.498061116E-03
-1.497947145E-03
-1.497798134E-03
-1.497613732E-03
-1.497393940E-03
-1.497138641E-03
-1.496847835E-03
-1.496521290E-03
-1.496158889E-03
-1.495760516E-03
-1.495325938E-03
-1.494855038E-03
-1.494347584E-03
-1.493803225E-03
-1.493221964E-03
-1.492603333E-03
-1.491947100E-03
-1.491253031E-03
-1.490520663E-03
-1.489749760E-03
-1.488939975E-03
-1.488090842E-03
-1.487201895E-03
-1.486272784E-03
-1.485303044E-03
-1.484292094E-03
-1.483239583E-03
-1.482144697E-03
-1.481006853E-03
-1.479825703E-03
-1.478600316E-03
-1.477329992E-03
-1.476014149E-03
-1.474651857E-03
-1.473242417E-03
-1.471784664E-03
-1.470277784E-03
-1.468720962E-03
-1.467112801E-03
-1.465452369E-03
-1.463738387E-03
-1.461969572E-03
-1.460144529E-03
-1.458261628E-03
-1.456319587E-03
-1.454316429E-03
-1.452250523E-03
-1.450119657E-03
-1.447921968E-03
-1.445654896E-03
-1.443316112E-03
-1.440902823E-03
-1.438412117E-03
-1.435840735E-03
-1.433184952E-03
-1.430440927E-03
-1.427604235E-03
-1.424669987E-03
-1.421632594E-03
-1.418485888E-03
-1.415222767E-03
-1.411835081E-03
-1.408313401E-03
-1.404646435E-03
-1.400821144E-03
-1.396821230E-03
-1.392626786E-03
-1.388212782E-03
-1.383546041E-03
-1.378581044E-03
-1.373252482E-03
-1.367454184E-03
-1.360997092E-03
-1.353331609E-03
-1.498191501E-03
-1.498164725E-03
-1.498102793E-03
-1.498005586E-03
-1.497873105E-03
-1.497705351E-03
-1.497502322E-03
-1.497263671E-03
-1.496989513E-03
-1.496679732E-03
-1.496333978E-03
-1.495952252E-03
-1.495534438E-03
-1.495080185E-03
-1.494589378E-03
-1.494061784E-03
-1.493497170E-03
-1.492895186E-03
-1.492255717E-03
-1.491578296E-03
-1.490862691E-03
-1.490108436E-03
-1.489315298E-03
-1.488482929E-03
-1.487610745E-03
-1.486698282E-03
-1.485745306E-03
-1.484751119E-03
-1.483715139E-03
-1.482637017E-03
-1.481515937E-03
-1.480351551E-03
-1.479142811E-03
-1.477889367E-03
-1.476590172E-03
-1.475244644E-03
-1.473851851E-03
-1.472410862E-03
-1.470920863E-03
-1.469380688E-03
-1.467789407E-03
-1.466145739E-03
-1.464448520E-03
-1.462696353E-03
-1.460888074E-03
-1.459022053E-03
-1.457096776E-03
-1.455110498E-03
-1.453061239E-03
-1.450947253E-03
-1.448766328E-03
-1.446516137E-03
-1.444194233E-03
-1.441797707E-03
-1.439323882E-03
-1.436769264E-03
-1.434130361E-03
-1.431403216E-03
-1.428583404E-03
-1.425665920E-03
-1.422645524E-03
-1.419515698E-03
-1.416269457E-03
-1.412898768E-03
-1.409393852E-03
-1.405743882E-03
-1.401935471E-03
-1.397952554E-03
-1.393775106E-03
-1.389377983E-03
-1.384728123E-03
-1.379780238E-03
-1.374468557E-03
-1.368687139E-03
-1.362247276E-03
-1.354598673E-03
