-1.370529761E-03
-1.220439211E-03
-1.221719547E-03
-1.229595393E-03
-1.236539450E-03
-1.242642873E-03
-1.248192391E-03
-1.253333758E-03
-1.258147066E-03
-1.262686914E-03
-1.266991487E-03
-1.271089655E-03
-1.275003771E-03
-1.278751879E-03
-1.282348181E-03
-1.285805018E-03
-1.289132633E-03
-1.292339759E-03
-1.295434078E-03
-1.298422227E-03
-1.301309909E-03
-1.304102596E-03
-1.306804596E-03
-1.309420448E-03
-1.311953645E-03
-1.314407680E-03
-1.316785812E-03
-1.319090603E-03
-1.321324962E-03
-1.323490986E-03
-1.325591234E-03
-1.327627455E-03
-1.329601859E-03
-1.331515843E-03
-1.333371387E-03
-1.335169887E-03
-1.336912741E-03
-1.338601345E-03
-1.340236980E-03
-1.341820811E-03
-1.343353884E-03
-1.344837248E-03
-1.346272067E-03
-1.347659039E-03
-1.348999212E-03
-1.350293285E-03
-1.351541956E-03
-1.352746272E-03
-1.353906584E-03
-1.355023705E-03
-1.356098219E-03
-1.357130823E-03
-1.358121866E-03
-1.359071932E-03
-1.359981601E-03
-1.360851224E-03
-1.361681265E-03
-1.362472191E-03
-1.363224234E-03
-1.363937976E-03
-1.364613534E-03
-1.365251373E-03
-1.365851844E-03
-1.366414945E-03
-1.366941142E-03
-1.367430668E-03
-1.367883757E-03
-1.368300524E-03
-1.368681085E-03
-1.369025791E-03
-1.369334757E-03
-1.369607984E-03
-1.369845588E-03
-1.370047918E-03
-1.370214741E-03
-1.370346290E-03
-1.370442682E-03
-1.370503800E-03
-1.370520564E-03
-1.370476093E-03
-1.370396581E-03
-1.370281680E-03
-1.370131620E-03
-1.369946054E-03
-1.369725098E-03
-1.369468635E-03
-1.369176432E-03
-1.368848491E-03
-1.368484576E-03
-1.368084573E-03
-1.367648365E-03
-1.367175602E-03
-1.366666052E-03
-1.366119599E-03
-1.365536009E-03
-1.364914933E-03
-1.364256139E-03
-1.363559160E-03
-1.362823765E-03
-1.362049719E-03
-1.361236325E-03
-1.360383467E-03
-1.359490678E-03
-1.358557260E-03
-1.357582980E-03
-1.356567256E-03
-1.355509507E-03
-1.354409149E-03
-1.353265601E-03
-1.352078165E-03
-1.350846258E-03
-1.349568949E-03
-1.348245656E-03
-1.346875448E-03
-1.345457509E-03
-1.343990909E-03
-1.342474599E-03
-1.340907533E-03
-1.339288778E-03
-1.337617054E-03
-1.335890964E-03
-1.334109344E-03
-1.332270680E-03
-1.330373459E-03
-1.328416052E-03
-1.326396596E-03
-1.324313344E-03
-1.322164084E-03
-1.319946605E-03
-1.317658694E-03
-1.315297559E-03
-1.312860288E-03
-1.310343971E-03
-1.307745115E-03
-1.305059996E-03
-1.302284305E-03
-1.299413503E-03
-1.296442235E-03
-1.293364912E-03
-1.290174667E-03
-1.286864048E-03
-1.283424208E-03
-1.279844786E-03
-1.276113908E-03
-1.272216672E-03
-1.268135500E-03
-1.263847924E-03
-1.259325189E-03
-1.254528877E-03
-1.249404391E-03
-1.243872102E-03
-1.237785676E-03
-1.230858732E-03
-1.370521146E-03
-1.370477607E-03
-1.370398910E-03
-1.370284939E-03
-1.370135695E-03
-1.369951176E-03
-1.369731268E-03
-1.369475736E-03
-1.369184698E-03
-1.368857920E-03
-1.368495286E-03
-1.368096680E-03
-1.367661753E-03
-1.367190504E-03
-1.366682700E-03
-1.366137993E-03
-1.365556265E-03
-1.364937169E-03
-1.364280470E-03
-1.363585936E-03
-1.362852985E-03
-1.362081617E-03
-1.361271134E-03
-1.360421302E-03
-1.359531772E-03
-1.358601963E-03
-1.357631409E-03
-1.356619759E-03
-1.355566317E-03
-1.354470500E-03
-1.353331842E-03
-1.352149644E-03
-1.350923209E-03
-1.349651953E-03
-1.348334947E-03
-1.346971490E-03
-1.345560653E-03
-1.344101736E-03
-1.342593576E-03
-1.341035240E-03
-1.339425682E-03
-1.337763737E-03
-1.336048124E-03
-1.334277680E-03
-1.332450891E-03
-1.330566243E-03
-1.328622340E-03
-1.326617203E-03
-1.324549201E-03
-1.322416356E-03
-1.320216455E-03
-1.317947172E-03
-1.315606060E-03
-1.313190325E-03
-1.310697175E-03
-1.308123115E-03
-1.305464655E-03
-1.302717836E-03
-1.299878233E-03
-1.296940958E-03
-1.293900539E-03
-1.290750690E-03
-1.287484425E-03
-1.284093363E-03
-1.280568074E-03
-1.276897616E-03
-1.273068599E-03
-1.269064844E-03
-1.264866558E-03
-1.260448480E-03
-1.255777664E-03
-1.250808360E-03
-1.245475374E-03
-1.239672536E-03
-1.233210904E-03
-1.225540647E-03
-1.370529528E-03
-1.370502752E-03
-1.370440703E-03
-1.370343496E-03
-1.370211015E-03
-1.370043261E-03
-1.369840000E-03
-1.369601348E-03
-1.369326958E-03
-1.369016943E-03
-1.368671074E-03
-1.368289115E-03
-1.367871067E-03
-1.367416582E-03
-1.366925426E-03
-1.366397482E-03
-1.365832519E-03
-1.365230186E-03
-1.364590251E-03
-1.363912364E-03
-1.363196294E-03
-1.362441573E-03
-1.361647970E-03
-1.360814902E-03
-1.359942136E-03
-1.359029091E-03
-1.358075300E-03
-1.357080415E-03
-1.356043736E-03
-1.354964683E-03
-1.353842788E-03
-1.352677471E-03
-1.351467799E-03
-1.350213308E-03
-1.348913065E-03
-1.347566489E-03
-1.346172532E-03
-1.344730263E-03
-1.343238982E-03
-1.341697527E-03
-1.340104733E-03
-1.338459668E-03
-1.336760819E-03
-1.335007255E-03
-1.333197230E-03
-1.331329462E-03
-1.329402439E-03
-1.327414182E-03
-1.325363060E-03
-1.323247096E-03
-1.321063959E-03
-1.318811555E-03
-1.316487440E-03
-1.314088586E-03
-1.311612315E-03
-1.309055137E-03
-1.306413556E-03
-1.303683734E-03
-1.300861011E-03
-1.297940733E-03
-1.294917311E-03
-1.291784341E-03
-1.288534957E-03
-1.285160892E-03
-1.281652600E-03
-1.277999138E-03
-1.274187118E-03
-1.270200359E-03
-1.266019070E-03
-1.261618105E-03
-1.256964169E-03
-1.252011978E-03
-1.246695989E-03
-1.240910264E-03
-1.234465744E-03
-1.226812485E-03
