-1.301264740E-03
-1.151136588E-03
-1.152412151E-03
-1.160295098E-03
-1.167241251E-03
-1.173346885E-03
-1.178898267E-03
-1.184041612E-03
-1.188856666E-03
-1.193398261E-03
-1.197704463E-03
-1.201804378E-03
-1.205720007E-03
-1.209469512E-03
-1.213067211E-03
-1.216525328E-03
-1.219854224E-03
-1.223062631E-03
-1.226157998E-03
-1.229147194E-03
-1.232035924E-03
-1.234829542E-03
-1.237532590E-03
-1.240149140E-03
-1.242683153E-03
-1.245138003E-03
-1.247516717E-03
-1.249822206E-03
-1.252057147E-03
-1.254223753E-03
-1.256324467E-03
-1.258361270E-03
-1.260336023E-03
-1.262250473E-03
-1.264106249E-03
-1.265905099E-03
-1.267648186E-03
-1.269337139E-03
-1.270972891E-03
-1.272556954E-03
-1.274090260E-03
-1.275573857E-03
-1.277008676E-03
-1.278395765E-03
-1.279735938E-03
-1.281030127E-03
-1.282278914E-03
-1.283483231E-03
-1.284643542E-03
-1.285760663E-03
-1.286835177E-03
-1.287867664E-03
-1.288858708E-03
-1.289808773E-03
-1.290718326E-03
-1.291587832E-03
-1.292417874E-03
-1.293208683E-03
-1.293960726E-03
-1.294674352E-03
-1.295349794E-03
-1.295987633E-03
-1.296587870E-03
-1.297150971E-03
-1.297677052E-03
-1.298166579E-03
-1.298619434E-03
-1.299036085E-03
-1.299416646E-03
-1.299761352E-03
-1.300070086E-03
-1.300343312E-03
-1.300580916E-03
-1.300783129E-03
-1.300949953E-03
-1.301081385E-03
-1.301177777E-03
-1.301238779E-03
-1.301255543E-03
-1.301211072E-03
-1.301131444E-03
-1.301016659E-03
-1.300866483E-03
-1.300680917E-03
-1.300459960E-03
-1.300203498E-03
-1.299911411E-03
-1.299583470E-03
-1.299219555E-03
-1.298819552E-03
-1.298383344E-03
-1.297910581E-03
-1.297401148E-03
-1.296854694E-03
-1.296271104E-03
-1.295650029E-03
-1.294991234E-03
-1.294294372E-03
-1.293558977E-03
-1.292784931E-03
-1.291971537E-03
-1.291118679E-03
-1.290225890E-03
-1.289292471E-03
-1.288318192E-03
-1.287302468E-03
-1.286244602E-03
-1.285144244E-03
-1.284000580E-03
-1.282813028E-03
-1.281581004E-03
-1.280303579E-03
-1.278980169E-03
-1.277609728E-03
-1.276191673E-03
-1.274724840E-03
-1.273208298E-03
-1.271640998E-03
-1.270022010E-03
-1.268349821E-03
-1.266623498E-03
-1.264841529E-03
-1.263002399E-03
-1.261104713E-03
-1.259146840E-03
-1.257126802E-03
-1.255042967E-03
-1.252893126E-03
-1.250674948E-03
-1.248386339E-03
-1.246024389E-03
-1.243586419E-03
-1.241069287E-03
-1.238469500E-03
-1.235783333E-03
-1.233006711E-03
-1.230134745E-03
-1.227162429E-03
-1.224083942E-03
-1.220892416E-03
-1.217580517E-03
-1.214139163E-03
-1.210558345E-03
-1.206825953E-03
-1.202927087E-03
-1.198844286E-03
-1.194554963E-03
-1.190030365E-03
-1.185232191E-03
-1.180105843E-03
-1.174571458E-03
-1.168482821E-03
-1.161553664E-03
-1.301256241E-03
-1.301212702E-03
-1.301134005E-03
-1.301020035E-03
-1.300870907E-03
-1.300686388E-03
-1.300466596E-03
-1.300211181E-03
-1.299920143E-03
-1.299593481E-03
-1.299230964E-03
-1.298832358E-03
-1.298397547E-03
-1.297926414E-03
-1.297418610E-03
-1.296874019E-03
-1.296292408E-03
-1.295673428E-03
-1.295016846E-03
-1.294322312E-03
-1.293589477E-03
-1.292818110E-03
-1.292007742E-03
-1.291158027E-03
-1.290268498E-03
-1.289338805E-03
-1.288368367E-03
-1.287356601E-03
-1.286303275E-03
-1.285207458E-03
-1.284068800E-03
-1.282886602E-03
-1.281660167E-03
-1.280388795E-03
-1.279071672E-03
-1.277708099E-03
-1.276297262E-03
-1.274838112E-03
-1.273329835E-03
-1.271771383E-03
-1.270161592E-03
-1.268499414E-03
-1.266783569E-03
-1.265012776E-03
-1.263185637E-03
-1.261300640E-03
-1.259356271E-03
-1.257350785E-03
-1.255282201E-03
-1.253148774E-03
-1.250948291E-03
-1.248678425E-03
-1.246336615E-03
-1.243920298E-03
-1.241426216E-03
-1.238851459E-03
-1.236192067E-03
-1.233444316E-03
-1.230603782E-03
-1.227665576E-03
-1.224623993E-03
-1.221472980E-03
-1.218205434E-03
-1.214813092E-03
-1.211286406E-03
-1.207614550E-03
-1.203784021E-03
-1.199778751E-03
-1.195578836E-03
-1.191159012E-03
-1.186486334E-03
-1.181515283E-03
-1.176180318E-03
-1.170375501E-03
-1.163911656E-03
-1.156239072E-03
-1.301264507E-03
-1.301237731E-03
-1.301175682E-03
-1.301078475E-03
-1.300945994E-03
-1.300778124E-03
-1.300574979E-03
-1.300336211E-03
-1.300061936E-03
-1.299751922E-03
-1.299406053E-03
-1.299024094E-03
-1.298606046E-03
-1.298151561E-03
-1.297660405E-03
-1.297132578E-03
-1.296567614E-03
-1.295965281E-03
-1.295325346E-03
-1.294647576E-03
-1.293931506E-03
-1.293176785E-03
-1.292383182E-03
-1.291550114E-03
-1.290677348E-03
-1.289764303E-03
-1.288810512E-03
-1.287815510E-03
-1.286778832E-03
-1.285699778E-03
-1.284577884E-03
-1.283412334E-03
-1.282202662E-03
-1.280948054E-03
-1.279647695E-03
-1.278300886E-03
-1.276906696E-03
-1.275464427E-03
-1.273972797E-03
-1.272431109E-03
-1.270838082E-03
-1.269192668E-03
-1.267493586E-03
-1.265739556E-03
-1.263929182E-03
-1.262060949E-03
-1.260133460E-03
-1.258144621E-03
-1.256093034E-03
-1.253976370E-03
-1.251792768E-03
-1.249539666E-03
-1.247214735E-03
-1.244815066E-03
-1.242337981E-03
-1.239779987E-03
-1.237137476E-03
-1.234406605E-03
-1.231582952E-03
-1.228661509E-03
-1.225636806E-03
-1.222502789E-03
-1.219252008E-03
-1.215876662E-03
-1.212366973E-03
-1.208711998E-03
-1.204898348E-03
-1.200909959E-03
-1.196727040E-03
-1.192324213E-03
-1.187668415E-03
-1.182714361E-03
-1.177396392E-03
-1.171608455E-03
-1.165161841E-03
-1.157506136E-03
