-1.271567075E-03
-1.121434150E-03
-1.122710644E-03
-1.130593475E-03
-1.137540326E-03
-1.143646659E-03
-1.149198739E-03
-1.154342783E-03
-1.159158419E-03
-1.163700595E-03
-1.168007264E-03
-1.172107644E-03
-1.176023739E-03
-1.179773710E-03
-1.183371758E-03
-1.186830341E-03
-1.190159470E-03
-1.193368225E-03
-1.196463825E-03
-1.199453371E-03
-1.202342333E-03
-1.205136068E-03
-1.207839232E-03
-1.210456016E-03
-1.212990144E-03
-1.215444994E-03
-1.217823825E-03
-1.220129430E-03
-1.222364372E-03
-1.224531094E-03
-1.226631808E-03
-1.228668494E-03
-1.230643247E-03
-1.232557581E-03
-1.234413474E-03
-1.236212207E-03
-1.237955294E-03
-1.239644014E-03
-1.241279766E-03
-1.242863713E-03
-1.244396786E-03
-1.245880267E-03
-1.247314969E-03
-1.248702058E-03
-1.250041998E-03
-1.251336071E-03
-1.252584741E-03
-1.253788825E-03
-1.254949020E-03
-1.256065909E-03
-1.257140306E-03
-1.258172677E-03
-1.259163488E-03
-1.260113437E-03
-1.261022873E-03
-1.261892263E-03
-1.262722071E-03
-1.263512764E-03
-1.264264574E-03
-1.264978084E-03
-1.265653525E-03
-1.266291132E-03
-1.266891253E-03
-1.267454238E-03
-1.267980202E-03
-1.268469612E-03
-1.268922468E-03
-1.269339002E-03
-1.269719447E-03
-1.270064036E-03
-1.270372770E-03
-1.270645880E-03
-1.270883367E-03
-1.271085581E-03
-1.271252288E-03
-1.271383837E-03
-1.271480112E-03
-1.271541230E-03
-1.271557878E-03
-1.271513524E-03
-1.271433895E-03
-1.271319110E-03
-1.271168934E-03
-1.270983485E-03
-1.270762645E-03
-1.270506182E-03
-1.270214212E-03
-1.269886270E-03
-1.269522589E-03
-1.269122702E-03
-1.268686494E-03
-1.268213848E-03
-1.267704531E-03
-1.267158310E-03
-1.266574836E-03
-1.265953877E-03
-1.265295199E-03
-1.264598453E-03
-1.263863291E-03
-1.263089362E-03
-1.262276201E-03
-1.261423458E-03
-1.260530786E-03
-1.259597600E-03
-1.258623553E-03
-1.257607946E-03
-1.256550313E-03
-1.255450072E-03
-1.254306524E-03
-1.253119204E-03
-1.251887297E-03
-1.250610105E-03
-1.249286695E-03
-1.247916487E-03
-1.246498548E-03
-1.245031832E-03
-1.243515406E-03
-1.241948339E-03
-1.240329351E-03
-1.238657394E-03
-1.236931072E-03
-1.235149102E-03
-1.233310089E-03
-1.231412520E-03
-1.229454530E-03
-1.227434608E-03
-1.225350774E-03
-1.223200932E-03
-1.220982755E-03
-1.218694029E-03
-1.216332079E-03
-1.213893993E-03
-1.211376744E-03
-1.208776841E-03
-1.206090557E-03
-1.203313586E-03
-1.200441504E-03
-1.197468955E-03
-1.194390119E-03
-1.191198477E-03
-1.187886111E-03
-1.184444525E-03
-1.180863357E-03
-1.177130383E-03
-1.173231169E-03
-1.169147785E-03
-1.164857997E-03
-1.160332933E-03
-1.155534177E-03
-1.150407130E-03
-1.144872047E-03
-1.138782711E-03
-1.131852856E-03
-1.271558576E-03
-1.271515037E-03
-1.271436340E-03
-1.271322486E-03
-1.271173358E-03
-1.270988956E-03
-1.270769048E-03
-1.270513749E-03
-1.270222827E-03
-1.269896165E-03
-1.269533765E-03
-1.269135275E-03
-1.268700580E-03
-1.268229447E-03
-1.267721877E-03
-1.267177402E-03
-1.266595791E-03
-1.265977044E-03
-1.265320578E-03
-1.264626160E-03
-1.263893559E-03
-1.263122307E-03
-1.262312056E-03
-1.261462457E-03
-1.260573161E-03
-1.259643584E-03
-1.258673263E-03
-1.257661730E-03
-1.256608404E-03
-1.255512820E-03
-1.254374278E-03
-1.253192313E-03
-1.251965994E-03
-1.250694739E-03
-1.249377849E-03
-1.248014392E-03
-1.246603671E-03
-1.245144638E-03
-1.243636478E-03
-1.242078142E-03
-1.240468468E-03
-1.238806290E-03
-1.237090561E-03
-1.235319884E-03
-1.233492745E-03
-1.231607865E-03
-1.229663496E-03
-1.227658009E-03
-1.225589542E-03
-1.223456115E-03
-1.221255516E-03
-1.218985650E-03
-1.216643723E-03
-1.214227290E-03
-1.211733208E-03
-1.209158218E-03
-1.206498710E-03
-1.203750726E-03
-1.200910076E-03
-1.197971520E-03
-1.194929704E-03
-1.191778458E-03
-1.188510563E-03
-1.185117872E-03
-1.181590836E-03
-1.177918515E-03
-1.174087520E-03
-1.170081785E-03
-1.165881287E-03
-1.161460998E-03
-1.156787737E-03
-1.151815988E-03
-1.146480441E-03
-1.140674925E-03
-1.134210383E-03
-1.126537099E-03
-1.271566842E-03
-1.271540066E-03
-1.271478133E-03
-1.271380926E-03
-1.271248446E-03
-1.271080691E-03
-1.270877547E-03
-1.270638895E-03
-1.270364621E-03
-1.270054723E-03
-1.269708970E-03
-1.269327127E-03
-1.268909080E-03
-1.268454827E-03
-1.267963788E-03
-1.267436077E-03
-1.266871230E-03
-1.266269013E-03
-1.265629311E-03
-1.264951658E-03
-1.264235703E-03
-1.263481216E-03
-1.262687729E-03
-1.261854777E-03
-1.260982128E-03
-1.260069315E-03
-1.259115757E-03
-1.258120872E-03
-1.257084310E-03
-1.256005489E-03
-1.254883711E-03
-1.253718394E-03
-1.252508839E-03
-1.251254347E-03
-1.249954221E-03
-1.248607528E-03
-1.247213571E-03
-1.245771302E-03
-1.244279905E-03
-1.242738334E-03
-1.241145423E-03
-1.239500009E-03
-1.237801043E-03
-1.236047130E-03
-1.234236872E-03
-1.232368755E-03
-1.230441150E-03
-1.228452427E-03
-1.226400840E-03
-1.224284177E-03
-1.222100575E-03
-1.219847356E-03
-1.217522426E-03
-1.215122757E-03
-1.212645438E-03
-1.210087328E-03
-1.207444700E-03
-1.204713713E-03
-1.201889827E-03
-1.198968152E-03
-1.195943216E-03
-1.192808850E-03
-1.189557835E-03
-1.186182140E-03
-1.182672102E-03
-1.179016661E-03
-1.175202546E-03
-1.171213808E-03
-1.167030307E-03
-1.162627013E-03
-1.157970633E-03
-1.153015997E-03
-1.147697330E-03
-1.141908811E-03
-1.135461382E-03
-1.127805095E-03
