-1.279281103E-03
-1.130424789E-03
-1.129148295E-03
-1.279271906E-03
-1.279227436E-03
-1.279147808E-03
-1.279033022E-03
-1.278882963E-03
-1.278697513E-03
-1.278476557E-03
-1.278220094E-03
-1.277928008E-03
-1.277600182E-03
-1.277236384E-03
-1.276836498E-03
-1.276400289E-03
-1.275927643E-03
-1.275418210E-03
-1.274871873E-03
-1.274288399E-03
-1.273667440E-03
-1.273008762E-03
-1.272311900E-03
-1.271576737E-03
-1.270802692E-03
-1.269989531E-03
-1.269136788E-03
-1.268243999E-03
-1.267310814E-03
-1.266336534E-03
-1.265320927E-03
-1.264263294E-03
-1.263162936E-03
-1.262019388E-03
-1.260832069E-03
-1.259600045E-03
-1.258322736E-03
-1.256999443E-03
-1.255629119E-03
-1.254211063E-03
-1.252744347E-03
-1.251227921E-03
-1.249660738E-03
-1.248041750E-03
-1.246369677E-03
-1.244643354E-03
-1.242861385E-03
-1.241022372E-03
-1.239124686E-03
-1.237166696E-03
-1.235146774E-03
-1.233062940E-03
-1.230912982E-03
-1.228694920E-03
-1.226406195E-03
-1.224044128E-03
-1.221606159E-03
-1.219088794E-03
-1.216489007E-03
-1.213802723E-03
-1.211025869E-03
-1.208153786E-03
-1.205181237E-03
-1.202102518E-03
-1.198910759E-03
-1.195598627E-03
-1.192157040E-03
-1.188575872E-03
-1.184843131E-03
-1.180943917E-03
-1.176860766E-03
-1.172570977E-03
-1.168046030E-03
-1.163247391E-03
-1.158120576E-03
-1.152585610E-03
-1.146496506E-03
-1.139566768E-03
-1.138307387E-03
-1.145254122E-03
-1.151360222E-03
-1.156912185E-03
-1.162055996E-03
-1.166871632E-03
-1.171413576E-03
-1.175720245E-03
-1.179820509E-03
-1.183736487E-03
-1.187486341E-03
-1.191084273E-03
-1.194542740E-03
-1.197871868E-03
-1.201080508E-03
-1.204176107E-03
-1.207165536E-03
-1.210054499E-03
-1.212848234E-03
-1.215551398E-03
-1.218168065E-03
-1.220702194E-03
-1.223157160E-03
-1.225535991E-03
-1.227841480E-03
-1.230076421E-03
-1.232243143E-03
-1.234343858E-03
-1.236380660E-03
-1.238355413E-03
-1.240269863E-03
-1.242125756E-03
-1.243924489E-03
-1.245667576E-03
-1.247356413E-03
-1.248992165E-03
-1.250576111E-03
-1.252109301E-03
-1.253592898E-03
-1.255027601E-03
-1.256414689E-03
-1.257754746E-03
-1.259048819E-03
-1.260297489E-03
-1.261501689E-03
-1.262661885E-03
-1.263779006E-03
-1.264853403E-03
-1.265885774E-03
-1.266876701E-03
-1.267826650E-03
-1.268736087E-03
-1.269605593E-03
-1.270435401E-03
-1.271226094E-03
-1.271978137E-03
-1.272691647E-03
-1.273367088E-03
-1.274004695E-03
-1.274604932E-03
-1.275167917E-03
-1.275693998E-03
-1.276183291E-03
-1.276636263E-03
-1.277052797E-03
-1.277433243E-03
-1.277777832E-03
-1.278086682E-03
-1.278359792E-03
-1.278597396E-03
-1.278799493E-03
-1.278966316E-03
-1.279097865E-03
-1.279194141E-03
-1.279255142E-03
-1.279280870E-03
-1.279254095E-03
-1.279192045E-03
-1.279094839E-03
-1.278962358E-03
-1.278794603E-03
-1.278591459E-03
-1.278352807E-03
-1.278078533E-03
-1.277768635E-03
-1.277422765E-03
-1.277040923E-03
-1.276622876E-03
-1.276168507E-03
-1.275677467E-03
-1.275149756E-03
-1.274584793E-03
-1.273982693E-03
-1.273342874E-03
-1.272665104E-03
-1.271949150E-03
-1.271194546E-03
-1.270401059E-03
-1.269568107E-03
-1.268695458E-03
-1.267782529E-03
-1.266828855E-03
-1.265833969E-03
-1.264797407E-03
-1.263718470E-03
-1.262596576E-03
-1.261431258E-03
-1.260221587E-03
-1.258967095E-03
-1.257666852E-03
-1.256320160E-03
-1.254926086E-03
-1.253483817E-03
-1.251992420E-03
-1.250450732E-03
-1.248857821E-03
-1.247212407E-03
-1.245513326E-03
-1.243759412E-03
-1.241949038E-03
-1.240080921E-03
-1.238153316E-03
-1.236164593E-03
-1.234113006E-03
-1.231996343E-03
-1.229812624E-03
-1.227559522E-03
-1.225234475E-03
-1.222834806E-03
-1.220357604E-03
-1.217799494E-03
-1.215156866E-03
-1.212425879E-03
-1.209601993E-03
-1.206680434E-03
-1.203655498E-03
-1.200521248E-03
-1.197270234E-03
-1.193894539E-03
-1.190384617E-03
-1.186729292E-03
-1.182915294E-03
-1.178926672E-03
-1.174743287E-03
-1.170340111E-03
-1.165683847E-03
-1.160729327E-03
-1.155410893E-03
-1.149622374E-03
-1.143175177E-03
-1.135519007E-03
-1.279272488E-03
-1.279229065E-03
-1.279150369E-03
-1.279036514E-03
-1.278887270E-03
-1.278702868E-03
-1.278482960E-03
-1.278227661E-03
-1.277936739E-03
-1.277610078E-03
-1.277247560E-03
-1.276849071E-03
-1.276414376E-03
-1.275943243E-03
-1.275435556E-03
-1.274891081E-03
-1.274309470E-03
-1.273690606E-03
-1.273034024E-03
-1.272339607E-03
-1.271606889E-03
-1.270835637E-03
-1.270025386E-03
-1.269175787E-03
-1.268286374E-03
-1.267356682E-03
-1.266386360E-03
-1.265374827E-03
-1.264321501E-03
-1.263225800E-03
-1.262087259E-03
-1.260905061E-03
-1.259678742E-03
-1.258407487E-03
-1.257090480E-03
-1.255727024E-03
-1.254316303E-03
-1.252857270E-03
-1.251348993E-03
-1.249790541E-03
-1.248180866E-03
-1.246518688E-03
-1.244802843E-03
-1.243032166E-03
-1.241205027E-03
-1.239320030E-03
-1.237375662E-03
-1.235370175E-03
-1.233301708E-03
-1.231168164E-03
-1.228967682E-03
-1.226697699E-03
-1.224355889E-03
-1.221939339E-03
-1.219445257E-03
-1.216870267E-03
-1.214210875E-03
-1.211463008E-03
-1.208622241E-03
-1.205683802E-03
-1.202641986E-03
-1.199490740E-03
-1.196222962E-03
-1.192830270E-03
-1.189303468E-03
-1.185631263E-03
-1.181800384E-03
-1.177794649E-03
-1.173594268E-03
-1.169174095E-03
-1.164500951E-03
-1.159529435E-03
-1.154194004E-03
-1.148388605E-03
-1.141924295E-03
-1.134251012E-03
