-1.311644330E-03
-1.161520020E-03
-1.162795350E-03
-1.170678181E-03
-1.177624101E-03
-1.183729386E-03
-1.189280534E-03
-1.194423647E-03
-1.199238468E-03
-1.203779830E-03
-1.208085800E-03
-1.212185482E-03
-1.216100878E-03
-1.219850150E-03
-1.223447733E-03
-1.226905733E-03
-1.230234397E-03
-1.233442686E-03
-1.236537937E-03
-1.239527017E-03
-1.242415630E-03
-1.245209132E-03
-1.247912063E-03
-1.250528498E-03
-1.253062510E-03
-1.255517243E-03
-1.257895958E-03
-1.260201330E-03
-1.262436155E-03
-1.264602761E-03
-1.266703475E-03
-1.268740161E-03
-1.270714914E-03
-1.272629364E-03
-1.274485141E-03
-1.276283874E-03
-1.278027077E-03
-1.279715914E-03
-1.281351782E-03
-1.282935846E-03
-1.284469035E-03
-1.285952632E-03
-1.287387568E-03
-1.288774656E-03
-1.290114946E-03
-1.291409018E-03
-1.292657922E-03
-1.293862122E-03
-1.295022550E-03
-1.296139671E-03
-1.297214185E-03
-1.298246789E-03
-1.299237832E-03
-1.300187898E-03
-1.301097451E-03
-1.301967073E-03
-1.302797114E-03
-1.303587924E-03
-1.304339967E-03
-1.305053593E-03
-1.305729151E-03
-1.306366990E-03
-1.306967228E-03
-1.307530445E-03
-1.308056526E-03
-1.308546052E-03
-1.308999024E-03
-1.309415675E-03
-1.309796236E-03
-1.310140826E-03
-1.310449676E-03
-1.310722902E-03
-1.310960506E-03
-1.311162720E-03
-1.311329543E-03
-1.311461092E-03
-1.311557367E-03
-1.311618485E-03
-1.311635133E-03
-1.311590662E-03
-1.311511034E-03
-1.311396249E-03
-1.311246073E-03
-1.311060507E-03
-1.310839551E-03
-1.310583088E-03
-1.310290885E-03
-1.309962943E-03
-1.309599029E-03
-1.309199026E-03
-1.308762818E-03
-1.308289939E-03
-1.307780505E-03
-1.307234052E-03
-1.306650462E-03
-1.306029386E-03
-1.305370475E-03
-1.304673497E-03
-1.303938217E-03
-1.303164056E-03
-1.302350662E-03
-1.301497803E-03
-1.300604898E-03
-1.299671480E-03
-1.298697200E-03
-1.297681360E-03
-1.296623610E-03
-1.295523136E-03
-1.294379472E-03
-1.293191919E-03
-1.291959779E-03
-1.290682354E-03
-1.289358945E-03
-1.287988503E-03
-1.286570332E-03
-1.285103499E-03
-1.283586957E-03
-1.282019773E-03
-1.280400669E-03
-1.278728596E-03
-1.277002157E-03
-1.275220187E-03
-1.273381175E-03
-1.271483488E-03
-1.269525615E-03
-1.267505693E-03
-1.265421743E-03
-1.263272017E-03
-1.261053956E-03
-1.258765347E-03
-1.256403513E-03
-1.253965544E-03
-1.251448528E-03
-1.248848857E-03
-1.246162807E-03
-1.243386185E-03
-1.240514335E-03
-1.237542136E-03
-1.234463765E-03
-1.231272472E-03
-1.227960573E-03
-1.224519568E-03
-1.220938866E-03
-1.217206591E-03
-1.213307958E-03
-1.209225273E-03
-1.204936183E-03
-1.200411818E-03
-1.195613993E-03
-1.190487761E-03
-1.184953726E-03
-1.178865321E-03
-1.171936514E-03
-1.311635831E-03
-1.311592292E-03
-1.311513595E-03
-1.311399741E-03
-1.311250497E-03
-1.311065978E-03
-1.310846070E-03
-1.310590771E-03
-1.310299733E-03
-1.309973071E-03
-1.309610438E-03
-1.309211832E-03
-1.308777020E-03
-1.308305888E-03
-1.307798084E-03
-1.307253493E-03
-1.306671766E-03
-1.306052785E-03
-1.305396203E-03
-1.304701553E-03
-1.303968835E-03
-1.303197350E-03
-1.302386983E-03
-1.301537268E-03
-1.300647738E-03
-1.299717929E-03
-1.298747375E-03
-1.297735726E-03
-1.296682283E-03
-1.295586466E-03
-1.294447808E-03
-1.293265494E-03
-1.292039058E-03
-1.290767686E-03
-1.289450563E-03
-1.288086991E-03
-1.286676154E-03
-1.285217004E-03
-1.283708727E-03
-1.282150159E-03
-1.280540484E-03
-1.278878190E-03
-1.277162344E-03
-1.275391551E-03
-1.273564412E-03
-1.271679532E-03
-1.269735163E-03
-1.267729676E-03
-1.265661209E-03
-1.263527898E-03
-1.261327416E-03
-1.259057666E-03
-1.256715856E-03
-1.254299539E-03
-1.251805574E-03
-1.249230816E-03
-1.246571657E-03
-1.243824023E-03
-1.240983605E-03
-1.238045399E-03
-1.235003932E-03
-1.231853152E-03
-1.228585723E-03
-1.225193497E-03
-1.221667044E-03
-1.217995421E-03
-1.214165008E-03
-1.210159971E-03
-1.205960172E-03
-1.201540697E-03
-1.196868252E-03
-1.191897318E-03
-1.186562702E-03
-1.180758118E-03
-1.174294623E-03
-1.166622504E-03
-1.311644097E-03
-1.311617321E-03
-1.311555272E-03
-1.311458065E-03
-1.311325585E-03
-1.311157714E-03
-1.310954452E-03
-1.310715801E-03
-1.310441410E-03
-1.310131396E-03
-1.309785526E-03
-1.309403568E-03
-1.308985404E-03
-1.308530918E-03
-1.308039878E-03
-1.307511935E-03
-1.306946971E-03
-1.306344639E-03
-1.305704704E-03
-1.305026817E-03
-1.304310630E-03
-1.303556026E-03
-1.302762306E-03
-1.301929238E-03
-1.301056356E-03
-1.300143311E-03
-1.299189520E-03
-1.298194518E-03
-1.297157723E-03
-1.296078670E-03
-1.294956775E-03
-1.293791225E-03
-1.292581437E-03
-1.291326829E-03
-1.290026470E-03
-1.288679661E-03
-1.287285471E-03
-1.285843085E-03
-1.284351572E-03
-1.282809768E-03
-1.281216741E-03
-1.279571326E-03
-1.277872245E-03
-1.276118215E-03
-1.274307841E-03
-1.272439724E-03
-1.270512119E-03
-1.268523512E-03
-1.266471809E-03
-1.264355262E-03
-1.262171660E-03
-1.259918557E-03
-1.257593744E-03
-1.255194191E-03
-1.252717106E-03
-1.250159228E-03
-1.247516833E-03
-1.244786079E-03
-1.241962425E-03
-1.239041216E-03
-1.236016629E-03
-1.232882729E-03
-1.229632064E-03
-1.226256834E-03
-1.222747378E-03
-1.219092519E-03
-1.215279102E-03
-1.211290946E-03
-1.207108144E-03
-1.202705549E-03
-1.198050100E-03
-1.193096163E-03
-1.187778544E-03
-1.181990840E-03
-1.175544458E-03
-1.167889335E-03
