-1.534118899E-03
-1.384195872E-03
-1.385481562E-03
-1.393346000E-03
-1.400284120E-03
-1.406381838E-03
-1.411925536E-03
-1.417061547E-03
-1.421869500E-03
-1.426404109E-03
-1.430703560E-03
-1.434796955E-03
-1.438706298E-03
-1.442449633E-03
-1.446041511E-03
-1.449493924E-03
-1.452817349E-03
-1.456020400E-03
-1.459110645E-03
-1.462094951E-03
-1.464978908E-03
-1.467767986E-03
-1.470466494E-03
-1.473078853E-03
-1.475608908E-03
-1.478059683E-03
-1.480434788E-03
-1.482736669E-03
-1.484968117E-03
-1.487131463E-03
-1.489229035E-03
-1.491262694E-03
-1.493234537E-03
-1.495146193E-03
-1.496999525E-03
-1.498795813E-03
-1.500536571E-03
-1.502223080E-03
-1.503856736E-03
-1.505438704E-03
-1.506970031E-03
-1.508451765E-03
-1.509884954E-03
-1.511270413E-03
-1.512608957E-03
-1.513901632E-03
-1.515149022E-03
-1.516351942E-03
-1.517511089E-03
-1.518627047E-03
-1.519700396E-03
-1.520731952E-03
-1.521721948E-03
-1.522671082E-03
-1.523579820E-03
-1.524448628E-03
-1.525277854E-03
-1.526067965E-03
-1.526819426E-03
-1.527532469E-03
-1.528207446E-03
-1.528844703E-03
-1.529444591E-03
-1.530007226E-03
-1.530532958E-03
-1.531022135E-03
-1.531474758E-03
-1.531891176E-03
-1.532271504E-03
-1.532615861E-03
-1.532924594E-03
-1.533197588E-03
-1.533435076E-03
-1.533637173E-03
-1.533803996E-03
-1.533935429E-03
-1.534031704E-03
-1.534092939E-03
-1.534109702E-03
-1.534065348E-03
-1.533985836E-03
-1.533871167E-03
-1.533721224E-03
-1.533535891E-03
-1.533315284E-03
-1.533059054E-03
-1.532767201E-03
-1.532439608E-03
-1.532076043E-03
-1.531676506E-03
-1.531240647E-03
-1.530768350E-03
-1.530259382E-03
-1.529713511E-03
-1.529130503E-03
-1.528510125E-03
-1.527851913E-03
-1.527155749E-03
-1.526421169E-03
-1.525647822E-03
-1.524835476E-03
-1.523983548E-03
-1.523091574E-03
-1.522159320E-03
-1.521186088E-03
-1.520171529E-03
-1.519114943E-03
-1.518015866E-03
-1.516873599E-03
-1.515687443E-03
-1.514456933E-03
-1.513181138E-03
-1.511859475E-03
-1.510490896E-03
-1.509074587E-03
-1.507609733E-03
-1.506095403E-03
-1.504530315E-03
-1.502913539E-03
-1.501243794E-03
-1.499520033E-03
-1.497740624E-03
-1.495904289E-03
-1.494009513E-03
-1.492054551E-03
-1.490037772E-03
-1.487957197E-03
-1.485810732E-03
-1.483596279E-03
-1.481311396E-03
-1.478953287E-03
-1.476519392E-03
-1.474006451E-03
-1.471411088E-03
-1.468729461E-03
-1.465957379E-03
-1.463090419E-03
-1.460123225E-03
-1.457049861E-03
-1.453863806E-03
-1.450557495E-03
-1.447122078E-03
-1.443547313E-03
-1.439820975E-03
-1.435928745E-03
-1.431852463E-03
-1.427570009E-03
-1.423052512E-03
-1.418261672E-03
-1.413142774E-03
-1.407616190E-03
-1.401535468E-03
-1.394614577E-03
-1.534110284E-03
-1.534066745E-03
-1.533988048E-03
-1.533874078E-03
-1.533724950E-03
-1.533540548E-03
-1.533320756E-03
-1.533065457E-03
-1.532774651E-03
-1.532448106E-03
-1.532085822E-03
-1.531687449E-03
-1.531252987E-03
-1.530782087E-03
-1.530274749E-03
-1.529730507E-03
-1.529149245E-03
-1.528530731E-03
-1.527874731E-03
-1.527180662E-03
-1.526448526E-03
-1.525677857E-03
-1.524868188E-03
-1.524019171E-03
-1.523130457E-03
-1.522201579E-03
-1.521232072E-03
-1.520221354E-03
-1.519169076E-03
-1.518074423E-03
-1.516936929E-03
-1.515756012E-03
-1.514530974E-03
-1.513260999E-03
-1.511945506E-03
-1.510583563E-03
-1.509174355E-03
-1.507717068E-03
-1.506210654E-03
-1.504654181E-03
-1.503046486E-03
-1.501386520E-03
-1.499673002E-03
-1.497904654E-03
-1.496080076E-03
-1.494197757E-03
-1.492256299E-03
-1.490253722E-03
-1.488188282E-03
-1.486058114E-03
-1.483861008E-03
-1.481594634E-03
-1.479256549E-03
-1.476843958E-03
-1.474353950E-03
-1.471783267E-03
-1.469128300E-03
-1.466384972E-03
-1.463549095E-03
-1.460615662E-03
-1.457579201E-03
-1.454433426E-03
-1.451171236E-03
-1.447784482E-03
-1.444263733E-03
-1.440597815E-03
-1.436773455E-03
-1.432774588E-03
-1.428581192E-03
-1.424168353E-03
-1.419502660E-03
-1.414538827E-03
-1.409211429E-03
-1.403414295E-03
-1.396958483E-03
-1.389294164E-03
-1.534118666E-03
-1.534091891E-03
-1.534030074E-03
-1.533932984E-03
-1.533800620E-03
-1.533632982E-03
-1.533430070E-03
-1.533191535E-03
-1.532917609E-03
-1.532607828E-03
-1.532262308E-03
-1.531880815E-03
-1.531463116E-03
-1.531009097E-03
-1.530518522E-03
-1.529991161E-03
-1.529426663E-03
-1.528825029E-03
-1.528185792E-03
-1.527508604E-03
-1.526793232E-03
-1.526039327E-03
-1.525246538E-03
-1.524414402E-03
-1.523542567E-03
-1.522630570E-03
-1.521677827E-03
-1.520683989E-03
-1.519648475E-03
-1.518570702E-03
-1.517450088E-03
-1.516286051E-03
-1.515077776E-03
-1.513824798E-03
-1.512526069E-03
-1.511181006E-03
-1.509788795E-03
-1.508348389E-03
-1.506858855E-03
-1.505319262E-03
-1.503728447E-03
-1.502085361E-03
-1.500388724E-03
-1.498637255E-03
-1.496829675E-03
-1.494964352E-03
-1.493039657E-03
-1.491054078E-03
-1.489005634E-03
-1.486892346E-03
-1.484712237E-03
-1.482462743E-03
-1.480141655E-03
-1.477746060E-03
-1.475273049E-03
-1.472719247E-03
-1.470081275E-03
-1.467355061E-03
-1.464536064E-03
-1.461619744E-03
-1.458600163E-03
-1.455471385E-03
-1.452226192E-03
-1.448856550E-03
-1.445352798E-03
-1.441703993E-03
-1.437896630E-03
-1.433914877E-03
-1.429738593E-03
-1.425342751E-03
-1.420694171E-03
-1.415747567E-03
-1.410437166E-03
-1.404657145E-03
-1.398218563E-03
-1.390571357E-03
