-1.695434796E-03
-1.515374868E-03
-1.516904216E-03
-1.526360400E-03
-1.534691430E-03
-1.542013837E-03
-1.548671396E-03
-1.554839429E-03
-1.560613746E-03
-1.566059887E-03
-1.571223838E-03
-1.576140174E-03
-1.580835786E-03
-1.585331978E-03
-1.589646214E-03
-1.593793044E-03
-1.597784925E-03
-1.601632335E-03
-1.605344354E-03
-1.608928898E-03
-1.612393069E-03
-1.615743269E-03
-1.618984737E-03
-1.622122596E-03
-1.625161618E-03
-1.628105529E-03
-1.630958403E-03
-1.633723383E-03
-1.636403729E-03
-1.639002236E-03
-1.641521812E-03
-1.643964555E-03
-1.646333141E-03
-1.648629317E-03
-1.650855294E-03
-1.653012936E-03
-1.655103755E-03
-1.657129615E-03
-1.659091795E-03
-1.660991926E-03
-1.662831171E-03
-1.664610812E-03
-1.666332129E-03
-1.667996170E-03
-1.669603866E-03
-1.671156380E-03
-1.672654529E-03
-1.674099360E-03
-1.675491454E-03
-1.676831744E-03
-1.678120811E-03
-1.679359586E-03
-1.680548652E-03
-1.681688474E-03
-1.682779868E-03
-1.683823182E-03
-1.684818999E-03
-1.685767900E-03
-1.686670235E-03
-1.687526586E-03
-1.688337186E-03
-1.689102384E-03
-1.689822646E-03
-1.690498320E-03
-1.691129757E-03
-1.691717072E-03
-1.692260499E-03
-1.692760503E-03
-1.693217200E-03
-1.693630707E-03
-1.694001257E-03
-1.694329083E-03
-1.694614301E-03
-1.694856910E-03
-1.695057028E-03
-1.695214887E-03
-1.695330488E-03
-1.695403713E-03
-1.695423736E-03
-1.695370418E-03
-1.695274841E-03
-1.695137005E-03
-1.694956794E-03
-1.694734208E-03
-1.694469014E-03
-1.694161212E-03
-1.693810686E-03
-1.693417085E-03
-1.692980411E-03
-1.692500431E-03
-1.691976911E-03
-1.691409620E-03
-1.690798323E-03
-1.690142672E-03
-1.689442317E-03
-1.688697143E-03
-1.687906566E-03
-1.687070355E-03
-1.686187927E-03
-1.685259049E-03
-1.684283256E-03
-1.683259965E-03
-1.682188595E-03
-1.681068796E-03
-1.679899753E-03
-1.678681117E-03
-1.677411958E-03
-1.676091691E-03
-1.674719737E-03
-1.673295046E-03
-1.671816921E-03
-1.670284430E-03
-1.668696757E-03
-1.667052857E-03
-1.665351563E-03
-1.663592062E-03
-1.661772840E-03
-1.659892849E-03
-1.657950808E-03
-1.655945089E-03
-1.653874293E-03
-1.651736791E-03
-1.649530954E-03
-1.647254801E-03
-1.644906471E-03
-1.642483752E-03
-1.639984432E-03
-1.637406065E-03
-1.634745859E-03
-1.632001018E-03
-1.629168401E-03
-1.626244630E-03
-1.623225864E-03
-1.620108145E-03
-1.616886817E-03
-1.613556989E-03
-1.610112959E-03
-1.606548671E-03
-1.602856908E-03
-1.599029754E-03
-1.595058129E-03
-1.590931555E-03
-1.586637576E-03
-1.582161640E-03
-1.577486400E-03
-1.572590321E-03
-1.567446743E-03
-1.562020858E-03
-1.556266914E-03
-1.550119254E-03
-1.543482067E-03
-1.536180032E-03
-1.527869492E-03
-1.695424551E-03
-1.695372397E-03
-1.695277984E-03
-1.695141313E-03
-1.694962266E-03
-1.694740844E-03
-1.694477047E-03
-1.694170525E-03
-1.693821396E-03
-1.693429309E-03
-1.692994265E-03
-1.692515914E-03
-1.691994257E-03
-1.691428828E-03
-1.690819510E-03
-1.690166071E-03
-1.689468161E-03
-1.688725431E-03
-1.687937533E-03
-1.687104115E-03
-1.686224947E-03
-1.685299329E-03
-1.684327028E-03
-1.683307462E-03
-1.682240167E-03
-1.681124675E-03
-1.679960289E-03
-1.678746543E-03
-1.677482622E-03
-1.676167944E-03
-1.674801926E-03
-1.673383522E-03
-1.671912265E-03
-1.670386991E-03
-1.668807003E-03
-1.667171251E-03
-1.665478689E-03
-1.663728384E-03
-1.661919057E-03
-1.660049544E-03
-1.658118563E-03
-1.656124718E-03
-1.654066611E-03
-1.651942614E-03
-1.649750979E-03
-1.647490077E-03
-1.645158045E-03
-1.642752672E-03
-1.640271745E-03
-1.637713052E-03
-1.635073917E-03
-1.632351661E-03
-1.629543141E-03
-1.626645215E-03
-1.623654272E-03
-1.620566356E-03
-1.617377158E-03
-1.614082023E-03
-1.610675710E-03
-1.607152051E-03
-1.603504643E-03
-1.599726151E-03
-1.595807727E-03
-1.591739710E-03
-1.587510807E-03
-1.583107631E-03
-1.578514231E-03
-1.573711168E-03
-1.568674692E-03
-1.563374652E-03
-1.557771233E-03
-1.551809721E-03
-1.545411884E-03
-1.538450248E-03
-1.530698151E-03
-1.521495637E-03
-1.695434563E-03
-1.695402316E-03
-1.695327926E-03
-1.695211278E-03
-1.695052255E-03
-1.694850856E-03
-1.694606966E-03
-1.694320468E-03
-1.693991362E-03
-1.693619299E-03
-1.693204162E-03
-1.692745951E-03
-1.692244201E-03
-1.691698795E-03
-1.691109501E-03
-1.690476085E-03
-1.689798082E-03
-1.689075376E-03
-1.688307500E-03
-1.687494107E-03
-1.686634962E-03
-1.685729367E-03
-1.684777089E-03
-1.683777547E-03
-1.682730275E-03
-1.681634807E-03
-1.680490444E-03
-1.679296722E-03
-1.678052824E-03
-1.676758286E-03
-1.675412292E-03
-1.674014027E-03
-1.672562677E-03
-1.671057544E-03
-1.669497578E-03
-1.667881850E-03
-1.666209428E-03
-1.664479147E-03
-1.662689960E-03
-1.660840586E-03
-1.658929628E-03
-1.656955923E-03
-1.654917956E-03
-1.652813982E-03
-1.650642604E-03
-1.648401842E-03
-1.646089833E-03
-1.643704600E-03
-1.641243813E-03
-1.638705260E-03
-1.636086381E-03
-1.633384149E-03
-1.630595885E-03
-1.627718098E-03
-1.624747412E-03
-1.621679636E-03
-1.618510694E-03
-1.615235815E-03
-1.611849642E-03
-1.608346240E-03
-1.604719087E-03
-1.600960735E-03
-1.597062568E-03
-1.593014924E-03
-1.588806277E-03
-1.584423357E-03
-1.579850214E-03
-1.575067523E-03
-1.570051420E-03
-1.564771635E-03
-1.559188473E-03
-1.553247450E-03
-1.546869986E-03
-1.539928606E-03
-1.532196999E-03
-1.523014857E-03
