-1.797830104E-03
-1.617879025E-03
-1.619409770E-03
-1.628860715E-03
-1.637187903E-03
-1.644506701E-03
-1.651160652E-03
-1.657325192E-03
-1.663096133E-03
-1.668539015E-03
-1.673699706E-03
-1.678612898E-03
-1.683305367E-03
-1.687798649E-03
-1.692109974E-03
-1.696254127E-03
-1.700243214E-03
-1.704087947E-03
-1.707797404E-03
-1.711379504E-03
-1.714841346E-03
-1.718189102E-03
-1.721428358E-03
-1.724564005E-03
-1.727600815E-03
-1.730542746E-03
-1.733393641E-03
-1.736156642E-03
-1.738835126E-03
-1.741432003E-03
-1.743949717E-03
-1.746390946E-03
-1.748757786E-03
-1.751052449E-03
-1.753277029E-03
-1.755433157E-03
-1.757522579E-03
-1.759547042E-03
-1.761508058E-03
-1.763406908E-03
-1.765244990E-03
-1.767023467E-03
-1.768743736E-03
-1.770406612E-03
-1.772013376E-03
-1.773564960E-03
-1.775062294E-03
-1.776506077E-03
-1.777897356E-03
-1.779236947E-03
-1.780525316E-03
-1.781763393E-03
-1.782951644E-03
-1.784090884E-03
-1.785181579E-03
-1.786224428E-03
-1.787219662E-03
-1.788168098E-03
-1.789069967E-03
-1.789925736E-03
-1.790735871E-03
-1.791500719E-03
-1.792220632E-03
-1.792895957E-03
-1.793527044E-03
-1.794114010E-03
-1.794657321E-03
-1.795157092E-03
-1.795613440E-03
-1.796026831E-03
-1.796397264E-03
-1.796724857E-03
-1.797009842E-03
-1.797252335E-03
-1.797452453E-03
-1.797610195E-03
-1.797725796E-03
-1.797799021E-03
-1.797819044E-03
-1.797765726E-03
-1.797670266E-03
-1.797532546E-03
-1.797352452E-03
-1.797129982E-03
-1.796864904E-03
-1.796557335E-03
-1.796206925E-03
-1.795813558E-03
-1.795377117E-03
-1.794897486E-03
-1.794374199E-03
-1.793807256E-03
-1.793196192E-03
-1.792540890E-03
-1.791841001E-03
-1.791096176E-03
-1.790306065E-03
-1.789470320E-03
-1.788588474E-03
-1.787660178E-03
-1.786684850E-03
-1.785662142E-03
-1.784591470E-03
-1.783472253E-03
-1.782304025E-03
-1.781086088E-03
-1.779817743E-03
-1.778498292E-03
-1.777127036E-03
-1.775703277E-03
-1.774226082E-03
-1.772694639E-03
-1.771107898E-03
-1.769465045E-03
-1.767764916E-03
-1.766006462E-03
-1.764188521E-03
-1.762309810E-03
-1.760368934E-03
-1.758364611E-03
-1.756295213E-03
-1.754159224E-03
-1.751954900E-03
-1.749680378E-03
-1.747333677E-03
-1.744912588E-03
-1.742415014E-03
-1.739838393E-03
-1.737180050E-03
-1.734437188E-03
-1.731606550E-03
-1.728684874E-03
-1.725668204E-03
-1.722552697E-03
-1.719333697E-03
-1.716006198E-03
-1.712564612E-03
-1.709002769E-03
-1.705313567E-03
-1.701489091E-03
-1.697520260E-03
-1.693396480E-03
-1.689105411E-03
-1.684632502E-03
-1.679960289E-03
-1.675067353E-03
-1.669927035E-03
-1.664504525E-03
-1.658753958E-03
-1.652609790E-03
-1.645976212E-03
-1.638677786E-03
-1.630371087E-03
-1.797819859E-03
-1.797767705E-03
-1.797673292E-03
-1.797536621E-03
-1.797357691E-03
-1.797136385E-03
-1.796872704E-03
-1.796566416E-03
-1.796217402E-03
-1.795825548E-03
-1.795390621E-03
-1.794912620E-03
-1.794391079E-03
-1.793825999E-03
-1.793217030E-03
-1.792563940E-03
-1.791866263E-03
-1.791123999E-03
-1.790336450E-03
-1.789503614E-03
-1.788624795E-03
-1.787699759E-03
-1.786727924E-03
-1.785708941E-03
-1.784642343E-03
-1.783527434E-03
-1.782363630E-03
-1.781150582E-03
-1.779887476E-03
-1.778573613E-03
-1.777208294E-03
-1.775790821E-03
-1.774320379E-03
-1.772796037E-03
-1.771216979E-03
-1.769582275E-03
-1.767890877E-03
-1.766141620E-03
-1.764333458E-03
-1.762465108E-03
-1.760535408E-03
-1.758542843E-03
-1.756486134E-03
-1.754363533E-03
-1.752173412E-03
-1.749914023E-03
-1.747583505E-03
-1.745179761E-03
-1.742700581E-03
-1.740143634E-03
-1.737506362E-03
-1.734785968E-03
-1.731979311E-03
-1.729083364E-03
-1.726094517E-03
-1.723008812E-03
-1.719821943E-03
-1.716529136E-03
-1.713125035E-03
-1.709603937E-03
-1.705959090E-03
-1.702183043E-03
-1.698267413E-03
-1.694202190E-03
-1.689976081E-03
-1.685575815E-03
-1.680985326E-03
-1.676185406E-03
-1.671152189E-03
-1.665855409E-03
-1.660255250E-03
-1.654297346E-03
-1.647903002E-03
-1.640944974E-03
-1.633196604E-03
-1.623997930E-03
-1.797829871E-03
-1.797797624E-03
-1.797723351E-03
-1.797606703E-03
-1.797447796E-03
-1.797246514E-03
-1.797002740E-03
-1.796716475E-03
-1.796387485E-03
-1.796015655E-03
-1.795600750E-03
-1.795142773E-03
-1.794641255E-03
-1.794096199E-03
-1.793507254E-03
-1.792874187E-03
-1.792196534E-03
-1.791474293E-03
-1.790706883E-03
-1.789893955E-03
-1.789035159E-03
-1.788130146E-03
-1.787178451E-03
-1.786179491E-03
-1.785132801E-03
-1.784038031E-03
-1.782894367E-03
-1.781701343E-03
-1.780458260E-03
-1.779164420E-03
-1.777819241E-03
-1.776421792E-03
-1.774971373E-03
-1.773467171E-03
-1.771908253E-03
-1.770293573E-03
-1.768622198E-03
-1.766893081E-03
-1.765105058E-03
-1.763256849E-03
-1.761347288E-03
-1.759374863E-03
-1.757338177E-03
-1.755235717E-03
-1.753065735E-03
-1.750826486E-03
-1.748516108E-03
-1.746132504E-03
-1.743673580E-03
-1.741136773E-03
-1.738519641E-03
-1.735819387E-03
-1.733033103E-03
-1.730157295E-03
-1.727188705E-03
-1.724123140E-03
-1.720956410E-03
-1.717683859E-03
-1.714300015E-03
-1.710799173E-03
-1.707174582E-03
-1.703418791E-03
-1.699523418E-03
-1.695478451E-03
-1.691272715E-03
-1.686892705E-03
-1.682322589E-03
-1.677543041E-03
-1.672530081E-03
-1.667253557E-03
-1.661673770E-03
-1.655736240E-03
-1.649362268E-03
-1.642424613E-03
-1.634696731E-03
-1.625518431E-03
