-1.523562707E-03
-1.343403477E-03
-1.344935270E-03
-1.354394597E-03
-1.362730982E-03
-1.370058511E-03
-1.376721077E-03
-1.382893883E-03
-1.388672739E-03
-1.394123305E-03
-1.399291446E-03
-1.404211973E-03
-1.408911310E-03
-1.413411228E-03
-1.417728956E-03
-1.421879162E-03
-1.425874187E-03
-1.429724623E-03
-1.433439553E-03
-1.437026891E-03
-1.440493623E-03
-1.443846151E-03
-1.447089948E-03
-1.450230018E-03
-1.453271019E-03
-1.456216909E-03
-1.459071529E-03
-1.461838139E-03
-1.464520115E-03
-1.467120135E-03
-1.469640993E-03
-1.472085016E-03
-1.474454650E-03
-1.476751990E-03
-1.478978898E-03
-1.481137355E-03
-1.483228989E-03
-1.485255547E-03
-1.487218426E-03
-1.489119139E-03
-1.490958850E-03
-1.492738957E-03
-1.494460623E-03
-1.496125013E-03
-1.497733057E-03
-1.499285805E-03
-1.500784187E-03
-1.502229017E-03
-1.503621344E-03
-1.504961634E-03
-1.506250817E-03
-1.507489593E-03
-1.508678659E-03
-1.509818481E-03
-1.510909759E-03
-1.511953073E-03
-1.512948773E-03
-1.513897558E-03
-1.514799893E-03
-1.515656011E-03
-1.516466495E-03
-1.517231576E-03
-1.517951721E-03
-1.518627279E-03
-1.519258483E-03
-1.519845682E-03
-1.520389109E-03
-1.520888996E-03
-1.521345577E-03
-1.521758968E-03
-1.522129402E-03
-1.522457227E-03
-1.522742212E-03
-1.522984821E-03
-1.523184939E-03
-1.523342798E-03
-1.523458282E-03
-1.523531624E-03
-1.523551648E-03
-1.523498329E-03
-1.523402752E-03
-1.523265033E-03
-1.523084939E-03
-1.522862352E-03
-1.522597391E-03
-1.522289705E-03
-1.521939179E-03
-1.521545812E-03
-1.521109254E-03
-1.520629390E-03
-1.520106103E-03
-1.519538928E-03
-1.518927747E-03
-1.518272213E-03
-1.517572091E-03
-1.516827033E-03
-1.516036573E-03
-1.515200478E-03
-1.514318283E-03
-1.513389521E-03
-1.512413844E-03
-1.511390670E-03
-1.510319416E-03
-1.509199617E-03
-1.508030691E-03
-1.506811939E-03
-1.505542896E-03
-1.504222513E-03
-1.502850442E-03
-1.501425635E-03
-1.499947393E-03
-1.498414669E-03
-1.496826764E-03
-1.495182514E-03
-1.493480988E-03
-1.491720905E-03
-1.489901333E-03
-1.488020760E-03
-1.486078021E-03
-1.484071603E-03
-1.482000109E-03
-1.479861792E-03
-1.477655023E-03
-1.475377823E-03
-1.473028329E-03
-1.470604446E-03
-1.468103845E-03
-1.465523965E-03
-1.462862245E-03
-1.460115775E-03
-1.457281411E-03
-1.454355777E-03
-1.451335032E-03
-1.448215102E-03
-1.444991562E-03
-1.441659289E-03
-1.438212814E-03
-1.434645732E-03
-1.430951175E-03
-1.427120995E-03
-1.423146226E-03
-1.419016276E-03
-1.414718805E-03
-1.410239376E-03
-1.405560295E-03
-1.400660141E-03
-1.395512372E-03
-1.390082180E-03
-1.384323696E-03
-1.378171262E-03
-1.371529070E-03
-1.364221913E-03
-1.355906017E-03
-1.523552346E-03
-1.523500192E-03
-1.523405779E-03
-1.523269108E-03
-1.523090177E-03
-1.522868872E-03
-1.522605075E-03
-1.522298669E-03
-1.521949540E-03
-1.521557570E-03
-1.521122642E-03
-1.520644408E-03
-1.520122867E-03
-1.519557554E-03
-1.518948469E-03
-1.518295030E-03
-1.517597237E-03
-1.516854623E-03
-1.516066957E-03
-1.515233656E-03
-1.514354488E-03
-1.513429102E-03
-1.512456802E-03
-1.511437353E-03
-1.510370173E-03
-1.509254682E-03
-1.508090296E-03
-1.506876550E-03
-1.505612629E-03
-1.504297950E-03
-1.502931700E-03
-1.501513296E-03
-1.500041690E-03
-1.498516300E-03
-1.496935962E-03
-1.495299977E-03
-1.493607066E-03
-1.491856296E-03
-1.490046503E-03
-1.488176407E-03
-1.486244844E-03
-1.484250301E-03
-1.482191496E-03
-1.480066567E-03
-1.477874117E-03
-1.475612167E-03
-1.473278971E-03
-1.470872434E-03
-1.468390226E-03
-1.465830137E-03
-1.463189488E-03
-1.460465603E-03
-1.457655337E-03
-1.454755547E-03
-1.451762626E-03
-1.448672730E-03
-1.445481321E-03
-1.442183857E-03
-1.438774867E-03
-1.435248647E-03
-1.431598444E-03
-1.427816926E-03
-1.423895475E-03
-1.419824199E-03
-1.415591803E-03
-1.411185018E-03
-1.406587893E-03
-1.401780872E-03
-1.396740321E-03
-1.391435973E-03
-1.385828014E-03
-1.379861846E-03
-1.373459119E-03
-1.366492477E-03
-1.358735026E-03
-1.349527040E-03
-1.523562358E-03
-1.523530227E-03
-1.523455838E-03
-1.523339190E-03
-1.523180283E-03
-1.522979001E-03
-1.522735227E-03
-1.522448845E-03
-1.522119739E-03
-1.521747909E-03
-1.521332888E-03
-1.520874794E-03
-1.520373160E-03
-1.519827987E-03
-1.519238809E-03
-1.518605510E-03
-1.517927740E-03
-1.517205150E-03
-1.516437507E-03
-1.515624230E-03
-1.514765201E-03
-1.513859839E-03
-1.512907562E-03
-1.511908136E-03
-1.510861097E-03
-1.509765629E-03
-1.508621383E-03
-1.507427543E-03
-1.506183762E-03
-1.504889107E-03
-1.503542997E-03
-1.502144616E-03
-1.500693266E-03
-1.499187900E-03
-1.497627702E-03
-1.496011741E-03
-1.494338969E-03
-1.492608339E-03
-1.490818569E-03
-1.488968730E-03
-1.487057190E-03
-1.485082903E-03
-1.483044121E-03
-1.480939332E-03
-1.478767022E-03
-1.476525329E-03
-1.474212273E-03
-1.471825875E-03
-1.469363924E-03
-1.466823975E-03
-1.464203582E-03
-1.461499836E-03
-1.458709827E-03
-1.455830177E-03
-1.452857512E-03
-1.449787756E-03
-1.446616603E-03
-1.443339395E-03
-1.439950662E-03
-1.436444698E-03
-1.432814868E-03
-1.429053606E-03
-1.425152295E-03
-1.421101391E-03
-1.416889369E-03
-1.412502839E-03
-1.407925971E-03
-1.403139438E-03
-1.398119144E-03
-1.392835169E-03
-1.387247466E-03
-1.381301903E-03
-1.374919550E-03
-1.367973164E-03
-1.360236201E-03
-1.351048704E-03
