-1.573973219E-03
-1.393824117E-03
-1.395354397E-03
-1.404813840E-03
-1.413148944E-03
-1.420475193E-03
-1.427136594E-03
-1.433308353E-03
-1.439086162E-03
-1.444535796E-03
-1.449703006E-03
-1.454622601E-03
-1.459321124E-03
-1.463820226E-03
-1.468137256E-03
-1.472286880E-03
-1.476281323E-03
-1.480131177E-03
-1.483845524E-03
-1.487432397E-03
-1.490898780E-03
-1.494250959E-03
-1.497494406E-03
-1.500634244E-03
-1.503675012E-03
-1.506620669E-03
-1.509475056E-03
-1.512241550E-03
-1.514923410E-03
-1.517523313E-03
-1.520044170E-03
-1.522488194E-03
-1.524857827E-03
-1.527155167E-03
-1.529382193E-03
-1.531540765E-03
-1.533632516E-03
-1.535659190E-03
-1.537622185E-03
-1.539523015E-03
-1.541362843E-03
-1.543143182E-03
-1.544865081E-03
-1.546529587E-03
-1.548137865E-03
-1.549690845E-03
-1.551189460E-03
-1.552634523E-03
-1.554027083E-03
-1.555367606E-03
-1.556657022E-03
-1.557896147E-03
-1.559085329E-03
-1.560225384E-03
-1.561317011E-03
-1.562360441E-03
-1.563356491E-03
-1.564305509E-03
-1.565207960E-03
-1.566064311E-03
-1.566875027E-03
-1.567640342E-03
-1.568360720E-03
-1.569036511E-03
-1.569667831E-03
-1.570255263E-03
-1.570798806E-03
-1.571298810E-03
-1.571755507E-03
-1.572169014E-03
-1.572539681E-03
-1.572867390E-03
-1.573152607E-03
-1.573395217E-03
-1.573595451E-03
-1.573753310E-03
-1.573868794E-03
-1.573942136E-03
-1.573962159E-03
-1.573908841E-03
-1.573813264E-03
-1.573675429E-03
-1.573495218E-03
-1.573272632E-03
-1.573007437E-03
-1.572699635E-03
-1.572349109E-03
-1.571955509E-03
-1.571518835E-03
-1.571038854E-03
-1.570515335E-03
-1.569947926E-03
-1.569336629E-03
-1.568680862E-03
-1.567980507E-03
-1.567235216E-03
-1.566444640E-03
-1.565608312E-03
-1.564725768E-03
-1.563796774E-03
-1.562820864E-03
-1.561797340E-03
-1.560725854E-03
-1.559605822E-03
-1.558436663E-03
-1.557217678E-03
-1.555948285E-03
-1.554627786E-03
-1.553255366E-03
-1.551830326E-03
-1.550351735E-03
-1.548818895E-03
-1.547230640E-03
-1.545586274E-03
-1.543884398E-03
-1.542124199E-03
-1.540304394E-03
-1.538423705E-03
-1.536480850E-03
-1.534474315E-03
-1.532402588E-03
-1.530264271E-03
-1.528057386E-03
-1.525780186E-03
-1.523430692E-03
-1.521006809E-03
-1.518506208E-03
-1.515926328E-03
-1.513264724E-03
-1.510518370E-03
-1.507684123E-03
-1.504758722E-03
-1.501738210E-03
-1.498618629E-03
-1.495395321E-03
-1.492063398E-03
-1.488617272E-03
-1.485050656E-03
-1.481356565E-03
-1.477526966E-03
-1.473552780E-03
-1.469423412E-03
-1.465126639E-03
-1.460647909E-03
-1.455969526E-03
-1.451070420E-03
-1.445923466E-03
-1.440494205E-03
-1.434736769E-03
-1.428585383E-03
-1.421944471E-03
-1.414638478E-03
-1.406323863E-03
-1.573962974E-03
-1.573910704E-03
-1.573816291E-03
-1.573679619E-03
-1.573500573E-03
-1.573279267E-03
-1.573015354E-03
-1.572708832E-03
-1.572359703E-03
-1.571967616E-03
-1.571532572E-03
-1.571054221E-03
-1.570532448E-03
-1.569967018E-03
-1.569357701E-03
-1.568704145E-03
-1.568006119E-03
-1.567263389E-03
-1.566475374E-03
-1.565641956E-03
-1.564762555E-03
-1.563836820E-03
-1.562864403E-03
-1.561844721E-03
-1.560777193E-03
-1.559661468E-03
-1.558496850E-03
-1.557282871E-03
-1.556018717E-03
-1.554703806E-03
-1.553337323E-03
-1.551918685E-03
-1.550446847E-03
-1.548921224E-03
-1.547340653E-03
-1.545704436E-03
-1.544011408E-03
-1.542260405E-03
-1.540450379E-03
-1.538580284E-03
-1.536648488E-03
-1.534653828E-03
-1.532594906E-03
-1.530469977E-03
-1.528277411E-03
-1.526015461E-03
-1.523682149E-03
-1.521275612E-03
-1.518793521E-03
-1.516233431E-03
-1.513592899E-03
-1.510869130E-03
-1.508059097E-03
-1.505159424E-03
-1.502166735E-03
-1.499077072E-03
-1.495885896E-03
-1.492588781E-03
-1.489180257E-03
-1.485654502E-03
-1.482004765E-03
-1.478223712E-03
-1.474302844E-03
-1.470232266E-03
-1.466000569E-03
-1.461594482E-03
-1.456998056E-03
-1.452191966E-03
-1.447152230E-03
-1.441848814E-03
-1.436241902E-03
-1.430276781E-03
-1.423875219E-03
-1.416909741E-03
-1.409153570E-03
-1.399946981E-03
-1.573972986E-03
-1.573940739E-03
-1.573866350E-03
-1.573749701E-03
-1.573590678E-03
-1.573389280E-03
-1.573145390E-03
-1.572858891E-03
-1.572529785E-03
-1.572157722E-03
-1.571742585E-03
-1.571284258E-03
-1.570782508E-03
-1.570237102E-03
-1.569647808E-03
-1.569014275E-03
-1.568336273E-03
-1.567613566E-03
-1.566845574E-03
-1.566032181E-03
-1.565172803E-03
-1.564267208E-03
-1.563314698E-03
-1.562315039E-03
-1.561267651E-03
-1.560171950E-03
-1.559027471E-03
-1.557833399E-03
-1.556589268E-03
-1.555294497E-03
-1.553948037E-03
-1.552549424E-03
-1.551097725E-03
-1.549592125E-03
-1.548031694E-03
-1.546415617E-03
-1.544742612E-03
-1.543011749E-03
-1.541221864E-03
-1.539371791E-03
-1.537460135E-03
-1.535485615E-03
-1.533446717E-03
-1.531341928E-03
-1.529169502E-03
-1.526927692E-03
-1.524614636E-03
-1.522228122E-03
-1.519766171E-03
-1.517226337E-03
-1.514605945E-03
-1.511902316E-03
-1.509112422E-03
-1.506233006E-03
-1.503260573E-03
-1.500191051E-03
-1.497020246E-03
-1.493743272E-03
-1.490355004E-03
-1.486849389E-03
-1.483220025E-03
-1.479459228E-03
-1.475558500E-03
-1.471508178E-03
-1.467296854E-03
-1.462911023E-03
-1.458334853E-03
-1.453549135E-03
-1.448529772E-03
-1.443246729E-03
-1.437660074E-03
-1.431715442E-03
-1.425334252E-03
-1.418389031E-03
-1.410653349E-03
-1.401467132E-03
