-1.529692439E-03
-1.351064071E-03
-1.349533210E-03
-1.529681263E-03
-1.529627945E-03
-1.529532485E-03
-1.529394649E-03
-1.529214554E-03
-1.528991968E-03
-1.528726891E-03
-1.528419205E-03
-1.528068678E-03
-1.527675311E-03
-1.527238754E-03
-1.526758890E-03
-1.526235486E-03
-1.525668311E-03
-1.525057014E-03
-1.524401479E-03
-1.523701358E-03
-1.522956183E-03
-1.522165723E-03
-1.521329628E-03
-1.520447317E-03
-1.519518555E-03
-1.518542762E-03
-1.517519588E-03
-1.516448217E-03
-1.515328418E-03
-1.514159376E-03
-1.512940624E-03
-1.511671464E-03
-1.510351198E-03
-1.508978894E-03
-1.507554087E-03
-1.506075729E-03
-1.504543005E-03
-1.502954983E-03
-1.501310733E-03
-1.499609090E-03
-1.497849007E-03
-1.496029319E-03
-1.494148746E-03
-1.492206007E-03
-1.490199589E-03
-1.488127979E-03
-1.485989662E-03
-1.483782777E-03
-1.481505577E-03
-1.479156082E-03
-1.476732199E-03
-1.474231482E-03
-1.471651602E-03
-1.468989882E-03
-1.466243411E-03
-1.463409048E-03
-1.460483298E-03
-1.457462553E-03
-1.454342739E-03
-1.451119198E-03
-1.447786926E-03
-1.444340334E-03
-1.440773369E-03
-1.437078812E-03
-1.433248748E-03
-1.429273980E-03
-1.425144030E-03
-1.420846675E-03
-1.416367246E-03
-1.411688165E-03
-1.406788244E-03
-1.401640475E-03
-1.396210399E-03
-1.390451915E-03
-1.384299598E-03
-1.377657522E-03
-1.370350481E-03
-1.362034702E-03
-1.360524213E-03
-1.368860481E-03
-1.376187894E-03
-1.382850343E-03
-1.389023033E-03
-1.394801773E-03
-1.400252338E-03
-1.405420364E-03
-1.410340657E-03
-1.415039995E-03
-1.419539796E-03
-1.423857524E-03
-1.428007730E-03
-1.432002638E-03
-1.435853075E-03
-1.439567888E-03
-1.443155226E-03
-1.446621958E-03
-1.449974487E-03
-1.453218283E-03
-1.456358354E-03
-1.459399238E-03
-1.462345128E-03
-1.465199748E-03
-1.467966358E-03
-1.470648334E-03
-1.473248354E-03
-1.475769212E-03
-1.478213351E-03
-1.480582985E-03
-1.482880325E-03
-1.485107350E-03
-1.487265807E-03
-1.489357557E-03
-1.491383999E-03
-1.493346994E-03
-1.495247707E-03
-1.497087418E-03
-1.498867641E-03
-1.500589307E-03
-1.502253697E-03
-1.503861859E-03
-1.505414606E-03
-1.506912988E-03
-1.508357935E-03
-1.509750262E-03
-1.511090668E-03
-1.512379851E-03
-1.513618743E-03
-1.514807809E-03
-1.515947632E-03
-1.517039025E-03
-1.518082339E-03
-1.519078156E-03
-1.520026941E-03
-1.520929276E-03
-1.521785394E-03
-1.522595878E-03
-1.523361076E-03
-1.524081221E-03
-1.524756779E-03
-1.525388099E-03
-1.525975298E-03
-1.526518725E-03
-1.527018612E-03
-1.527475193E-03
-1.527888584E-03
-1.528259134E-03
-1.528586843E-03
-1.528871944E-03
-1.529114554E-03
-1.529314672E-03
-1.529472414E-03
-1.529588015E-03
-1.529661240E-03
-1.529692090E-03
-1.529659959E-03
-1.529585570E-03
-1.529468922E-03
-1.529309899E-03
-1.529108617E-03
-1.528864843E-03
-1.528578461E-03
-1.528249355E-03
-1.527877408E-03
-1.527462387E-03
-1.527004177E-03
-1.526502660E-03
-1.525957370E-03
-1.525368192E-03
-1.524734893E-03
-1.524057006E-03
-1.523334417E-03
-1.522566658E-03
-1.521753380E-03
-1.520894235E-03
-1.519988873E-03
-1.519036596E-03
-1.518037170E-03
-1.516989898E-03
-1.515894430E-03
-1.514750067E-03
-1.513556344E-03
-1.512312447E-03
-1.511017792E-03
-1.509671565E-03
-1.508273184E-03
-1.506821602E-03
-1.505316235E-03
-1.503756037E-03
-1.502139959E-03
-1.500467188E-03
-1.498736441E-03
-1.496946672E-03
-1.495096716E-03
-1.493185293E-03
-1.491210773E-03
-1.489171991E-03
-1.487067202E-03
-1.484894892E-03
-1.482653082E-03
-1.480340026E-03
-1.477953629E-03
-1.475491561E-03
-1.472951612E-03
-1.470331219E-03
-1.467627357E-03
-1.464837464E-03
-1.461957814E-03
-1.458985149E-03
-1.455915277E-03
-1.452744240E-03
-1.449466916E-03
-1.446078299E-03
-1.442572335E-03
-1.438942505E-03
-1.435181242E-03
-1.431280049E-03
-1.427229145E-03
-1.423017122E-03
-1.418630709E-03
-1.414053841E-03
-1.409267308E-03
-1.404247247E-03
-1.398963272E-03
-1.393375685E-03
-1.387430122E-03
-1.381047885E-03
-1.374101616E-03
-1.366364886E-03
-1.357177389E-03
-1.529682078E-03
-1.529629924E-03
-1.529535512E-03
-1.529398840E-03
-1.529219910E-03
-1.528998488E-03
-1.528734691E-03
-1.528428285E-03
-1.528079272E-03
-1.527687302E-03
-1.527252258E-03
-1.526774024E-03
-1.526252483E-03
-1.525687170E-03
-1.525077969E-03
-1.524424646E-03
-1.523726736E-03
-1.522984123E-03
-1.522196340E-03
-1.521363040E-03
-1.520483871E-03
-1.519558369E-03
-1.518586068E-03
-1.517566619E-03
-1.516499324E-03
-1.515383832E-03
-1.514219446E-03
-1.513005584E-03
-1.511741662E-03
-1.510426868E-03
-1.509060618E-03
-1.507642097E-03
-1.506170607E-03
-1.504645101E-03
-1.503064763E-03
-1.501428662E-03
-1.499735750E-03
-1.497984980E-03
-1.496175071E-03
-1.494304975E-03
-1.492373412E-03
-1.490378752E-03
-1.488319831E-03
-1.486195019E-03
-1.484002452E-03
-1.481740503E-03
-1.479407307E-03
-1.477000769E-03
-1.474518562E-03
-1.471958356E-03
-1.469317824E-03
-1.466593938E-03
-1.463783672E-03
-1.460883883E-03
-1.457890961E-03
-1.454800949E-03
-1.451609540E-03
-1.448312076E-03
-1.444903202E-03
-1.441376982E-03
-1.437726896E-03
-1.433945377E-03
-1.430023927E-03
-1.425952767E-03
-1.421720372E-03
-1.417313702E-03
-1.412716578E-03
-1.407909673E-03
-1.402869239E-03
-1.397564891E-03
-1.391957048E-03
-1.385991112E-03
-1.379588386E-03
-1.372621860E-03
-1.364864525E-03
-1.355656772E-03
