-1.561517711E-03
-1.381363953E-03
-1.382894698E-03
-1.392354141E-03
-1.400689478E-03
-1.408016193E-03
-1.414677943E-03
-1.420849934E-03
-1.426628092E-03
-1.432077959E-03
-1.437245402E-03
-1.442165230E-03
-1.446863986E-03
-1.451363438E-03
-1.455680584E-03
-1.459830441E-03
-1.463825116E-03
-1.467675087E-03
-1.471389667E-03
-1.474976656E-03
-1.478443155E-03
-1.481795451E-03
-1.485039014E-03
-1.488178968E-03
-1.491219853E-03
-1.494165510E-03
-1.497020014E-03
-1.499786624E-03
-1.502468484E-03
-1.505068503E-03
-1.507589361E-03
-1.510033500E-03
-1.512403134E-03
-1.514700474E-03
-1.516927499E-03
-1.519086072E-03
-1.521177939E-03
-1.523204497E-03
-1.525167492E-03
-1.527068322E-03
-1.528908266E-03
-1.530688605E-03
-1.532410388E-03
-1.534075011E-03
-1.535683172E-03
-1.537236152E-03
-1.538734650E-03
-1.540179830E-03
-1.541572274E-03
-1.542912796E-03
-1.544202212E-03
-1.545441221E-03
-1.546630403E-03
-1.547770458E-03
-1.548861968E-03
-1.549905399E-03
-1.550901448E-03
-1.551850466E-03
-1.552752801E-03
-1.553609152E-03
-1.554419869E-03
-1.555185067E-03
-1.555905445E-03
-1.556581119E-03
-1.557212556E-03
-1.557799871E-03
-1.558343414E-03
-1.558843418E-03
-1.559299999E-03
-1.559713623E-03
-1.560084173E-03
-1.560411998E-03
-1.560697099E-03
-1.560939709E-03
-1.561139943E-03
-1.561297686E-03
-1.561413286E-03
-1.561486628E-03
-1.561506651E-03
-1.561453333E-03
-1.561357756E-03
-1.561219920E-03
-1.561039709E-03
-1.560817123E-03
-1.560552046E-03
-1.560244244E-03
-1.559893717E-03
-1.559500117E-03
-1.559063443E-03
-1.558583463E-03
-1.558060059E-03
-1.557492651E-03
-1.556881354E-03
-1.556225703E-03
-1.555525349E-03
-1.554780058E-03
-1.553989481E-03
-1.553153154E-03
-1.552270842E-03
-1.551341848E-03
-1.550365938E-03
-1.549342414E-03
-1.548271044E-03
-1.547151012E-03
-1.545981853E-03
-1.544762868E-03
-1.543493592E-03
-1.542173093E-03
-1.540800673E-03
-1.539375633E-03
-1.537897158E-03
-1.536364318E-03
-1.534776180E-03
-1.533131697E-03
-1.531429938E-03
-1.529669738E-03
-1.527849934E-03
-1.525969245E-03
-1.524026389E-03
-1.522019855E-03
-1.519948244E-03
-1.517809811E-03
-1.515602926E-03
-1.513325609E-03
-1.510976115E-03
-1.508552232E-03
-1.506051514E-03
-1.503471751E-03
-1.500810031E-03
-1.498063561E-03
-1.495229313E-03
-1.492303680E-03
-1.489283168E-03
-1.486163470E-03
-1.482940046E-03
-1.479608007E-03
-1.476161764E-03
-1.472594915E-03
-1.468900708E-03
-1.465070993E-03
-1.461096574E-03
-1.456967089E-03
-1.452670083E-03
-1.448191120E-03
-1.443512505E-03
-1.438613050E-03
-1.433465863E-03
-1.428036485E-03
-1.422278699E-03
-1.416126965E-03
-1.409485703E-03
-1.402179361E-03
-1.393864397E-03
-1.561507466E-03
-1.561455196E-03
-1.561360783E-03
-1.561224111E-03
-1.561045065E-03
-1.560823759E-03
-1.560559846E-03
-1.560253440E-03
-1.559904194E-03
-1.559512224E-03
-1.559077064E-03
-1.558598829E-03
-1.558077056E-03
-1.557511627E-03
-1.556902309E-03
-1.556248870E-03
-1.555550843E-03
-1.554808114E-03
-1.554020215E-03
-1.553186798E-03
-1.552307396E-03
-1.551381778E-03
-1.550409361E-03
-1.549389679E-03
-1.548322267E-03
-1.547206542E-03
-1.546042040E-03
-1.544827945E-03
-1.543563907E-03
-1.542248996E-03
-1.540882513E-03
-1.539463876E-03
-1.537992153E-03
-1.536466531E-03
-1.534886076E-03
-1.533249742E-03
-1.531556714E-03
-1.529805828E-03
-1.527995802E-03
-1.526125590E-03
-1.524193911E-03
-1.522199251E-03
-1.520140213E-03
-1.518015284E-03
-1.515822718E-03
-1.513560768E-03
-1.511227456E-03
-1.508820918E-03
-1.506338711E-03
-1.503778622E-03
-1.501137973E-03
-1.498414204E-03
-1.495604054E-03
-1.492704265E-03
-1.489711460E-03
-1.486621681E-03
-1.483430504E-03
-1.480133273E-03
-1.476724632E-03
-1.473198645E-03
-1.469548792E-03
-1.465767622E-03
-1.461846521E-03
-1.457775710E-03
-1.453543780E-03
-1.449137460E-03
-1.444540801E-03
-1.439734478E-03
-1.434694510E-03
-1.429390861E-03
-1.423783600E-03
-1.417818246E-03
-1.411416335E-03
-1.404450508E-03
-1.396694104E-03
-1.387486816E-03
-1.561517478E-03
-1.561485231E-03
-1.561410842E-03
-1.561294077E-03
-1.561135170E-03
-1.560933772E-03
-1.560689881E-03
-1.560403500E-03
-1.560074277E-03
-1.559702330E-03
-1.559287193E-03
-1.558828983E-03
-1.558327232E-03
-1.557781827E-03
-1.557192532E-03
-1.556559117E-03
-1.555881114E-03
-1.555158407E-03
-1.554390532E-03
-1.553577022E-03
-1.552717760E-03
-1.551812165E-03
-1.550859772E-03
-1.549860113E-03
-1.548812725E-03
-1.547717140E-03
-1.546572661E-03
-1.545378705E-03
-1.544134575E-03
-1.542839804E-03
-1.541493461E-03
-1.540094847E-03
-1.538643148E-03
-1.537137665E-03
-1.535577234E-03
-1.533961040E-03
-1.532288035E-03
-1.530557289E-03
-1.528767403E-03
-1.526917331E-03
-1.525005675E-03
-1.523031155E-03
-1.520992257E-03
-1.518887468E-03
-1.516715041E-03
-1.514473232E-03
-1.512160059E-03
-1.509773661E-03
-1.507311594E-03
-1.504771644E-03
-1.502151252E-03
-1.499447622E-03
-1.496657613E-03
-1.493778196E-03
-1.490805531E-03
-1.487735892E-03
-1.484564971E-03
-1.481287996E-03
-1.477899496E-03
-1.474393881E-03
-1.470764168E-03
-1.467003254E-03
-1.463102410E-03
-1.459051971E-03
-1.454840298E-03
-1.450454351E-03
-1.445877948E-03
-1.441091998E-03
-1.436072402E-03
-1.430789009E-03
-1.425202121E-03
-1.419257256E-03
-1.412875718E-03
-1.405930147E-03
-1.398194116E-03
-1.389007433E-03
