-1.623515040E-03
-1.443393994E-03
-1.444923459E-03
-1.454382087E-03
-1.462715678E-03
-1.470040530E-03
-1.476700418E-03
-1.482870779E-03
-1.488647307E-03
-1.494095544E-03
-1.499261591E-03
-1.504180022E-03
-1.508877496E-03
-1.513375551E-03
-1.517691533E-03
-1.521840226E-03
-1.525833737E-03
-1.529682777E-03
-1.533396309E-03
-1.536982367E-03
-1.540448051E-03
-1.543799532E-03
-1.547042280E-03
-1.550181536E-03
-1.553221606E-03
-1.556166797E-03
-1.559020719E-03
-1.561786747E-03
-1.564468141E-03
-1.567067695E-03
-1.569588087E-03
-1.572031761E-03
-1.574401045E-03
-1.576698152E-03
-1.578924945E-03
-1.581083168E-03
-1.583174686E-03
-1.585201127E-03
-1.587164006E-03
-1.589064603E-03
-1.590904430E-03
-1.592684654E-03
-1.594406436E-03
-1.596070826E-03
-1.597679104E-03
-1.599231968E-03
-1.600730582E-03
-1.602175646E-03
-1.603568089E-03
-1.604908612E-03
-1.606198144E-03
-1.607437152E-03
-1.608626335E-03
-1.609766507E-03
-1.610858017E-03
-1.611901564E-03
-1.612897613E-03
-1.613846747E-03
-1.614749199E-03
-1.615605666E-03
-1.616416383E-03
-1.617181697E-03
-1.617902191E-03
-1.618577866E-03
-1.619209303E-03
-1.619796734E-03
-1.620340394E-03
-1.620840398E-03
-1.621297095E-03
-1.621710719E-03
-1.622081385E-03
-1.622409211E-03
-1.622694312E-03
-1.622937038E-03
-1.623137156E-03
-1.623295015E-03
-1.623410615E-03
-1.623483957E-03
-1.623503980E-03
-1.623450662E-03
-1.623355085E-03
-1.623217133E-03
-1.623036922E-03
-1.622814336E-03
-1.622549142E-03
-1.622241340E-03
-1.621890697E-03
-1.621497096E-03
-1.621060306E-03
-1.620580326E-03
-1.620056690E-03
-1.619489281E-03
-1.618877868E-03
-1.618222101E-03
-1.617521746E-03
-1.616776339E-03
-1.615985646E-03
-1.615149318E-03
-1.614266774E-03
-1.613337779E-03
-1.612361753E-03
-1.611338230E-03
-1.610266627E-03
-1.609146595E-03
-1.607977320E-03
-1.606758335E-03
-1.605488942E-03
-1.604168443E-03
-1.602796023E-03
-1.601370983E-03
-1.599892508E-03
-1.598359668E-03
-1.596771530E-03
-1.595127163E-03
-1.593425521E-03
-1.591665437E-03
-1.589845633E-03
-1.587965176E-03
-1.586022438E-03
-1.584016019E-03
-1.581944642E-03
-1.579806441E-03
-1.577599789E-03
-1.575322938E-03
-1.572973677E-03
-1.570550143E-03
-1.568049891E-03
-1.565470477E-03
-1.562809339E-03
-1.560063451E-03
-1.557229669E-03
-1.554304734E-03
-1.551284804E-03
-1.548165805E-03
-1.544943196E-03
-1.541611971E-03
-1.538166543E-03
-1.534600742E-03
-1.530907350E-03
-1.527078683E-03
-1.523105428E-03
-1.518976991E-03
-1.514681266E-03
-1.510203467E-03
-1.505526248E-03
-1.500628190E-03
-1.495482516E-03
-1.490054536E-03
-1.484298380E-03
-1.478148391E-03
-1.471508876E-03
-1.464204397E-03
-1.455891295E-03
-1.623504795E-03
-1.623452525E-03
-1.623358112E-03
-1.623221440E-03
-1.623042393E-03
-1.622820972E-03
-1.622557058E-03
-1.622250653E-03
-1.621901407E-03
-1.621509320E-03
-1.621074160E-03
-1.620595809E-03
-1.620074036E-03
-1.619508490E-03
-1.618899172E-03
-1.618245617E-03
-1.617547590E-03
-1.616804628E-03
-1.616016729E-03
-1.615183195E-03
-1.614303794E-03
-1.613378059E-03
-1.612405526E-03
-1.611385727E-03
-1.610318315E-03
-1.609202591E-03
-1.608037972E-03
-1.606823877E-03
-1.605559723E-03
-1.604244811E-03
-1.602878328E-03
-1.601459691E-03
-1.599987969E-03
-1.598462346E-03
-1.596881892E-03
-1.595245791E-03
-1.593552763E-03
-1.591801876E-03
-1.589992084E-03
-1.588121988E-03
-1.586190425E-03
-1.584195998E-03
-1.582137193E-03
-1.580012497E-03
-1.577820163E-03
-1.575558563E-03
-1.573225600E-03
-1.570819411E-03
-1.568337553E-03
-1.565777929E-03
-1.563137863E-03
-1.560414559E-03
-1.557604875E-03
-1.554705785E-03
-1.551713678E-03
-1.548624597E-03
-1.545434119E-03
-1.542137703E-03
-1.538729877E-03
-1.535204821E-03
-1.531555899E-03
-1.527775661E-03
-1.523855724E-03
-1.519785961E-03
-1.515555312E-03
-1.511150273E-03
-1.506554894E-03
-1.501749968E-03
-1.496711513E-03
-1.491409261E-03
-1.485803630E-03
-1.479839906E-03
-1.473439741E-03
-1.466475776E-03
-1.458721119E-03
-1.449516043E-03
-1.623514807E-03
-1.623482560E-03
-1.623408054E-03
-1.623291406E-03
-1.623132383E-03
-1.622930984E-03
-1.622687094E-03
-1.622400596E-03
-1.622071373E-03
-1.621699193E-03
-1.621284173E-03
-1.620825729E-03
-1.620323979E-03
-1.619778457E-03
-1.619189163E-03
-1.618555514E-03
-1.617877511E-03
-1.617154689E-03
-1.616386697E-03
-1.615573186E-03
-1.614713809E-03
-1.613808097E-03
-1.612855587E-03
-1.611855929E-03
-1.610808424E-03
-1.609712723E-03
-1.608568127E-03
-1.607374172E-03
-1.606130041E-03
-1.604835154E-03
-1.603488810E-03
-1.602090197E-03
-1.600638498E-03
-1.599133015E-03
-1.597572584E-03
-1.595956506E-03
-1.594283618E-03
-1.592552871E-03
-1.590763102E-03
-1.588913146E-03
-1.587001607E-03
-1.585027319E-03
-1.582988538E-03
-1.580883982E-03
-1.578711788E-03
-1.576470211E-03
-1.574157504E-03
-1.571771340E-03
-1.569309738E-03
-1.566770254E-03
-1.564150327E-03
-1.561447163E-03
-1.558657736E-03
-1.555778901E-03
-1.552806934E-03
-1.549737994E-03
-1.546567772E-03
-1.543291495E-03
-1.539903926E-03
-1.536399126E-03
-1.532770460E-03
-1.529010478E-03
-1.525110682E-03
-1.521061291E-03
-1.516850898E-03
-1.512466115E-03
-1.507891109E-03
-1.503106439E-03
-1.498088241E-03
-1.492806477E-03
-1.487221103E-03
-1.481277752E-03
-1.474897959E-03
-1.467954251E-03
-1.460220083E-03
-1.451035379E-03
