-1.840942656E-03
-1.661034999E-03
-1.662577852E-03
-1.672015176E-03
-1.680340851E-03
-1.687658136E-03
-1.694310689E-03
-1.700473833E-03
-1.706243376E-03
-1.711684978E-03
-1.716844388E-03
-1.721756300E-03
-1.726447605E-03
-1.730939606E-03
-1.735249767E-03
-1.739392756E-03
-1.743380795E-03
-1.747224480E-03
-1.750932774E-03
-1.754513942E-03
-1.757974736E-03
-1.761321560E-03
-1.764559885E-03
-1.767694717E-03
-1.770730596E-03
-1.773671713E-03
-1.776521676E-03
-1.779283979E-03
-1.781961648E-03
-1.784557709E-03
-1.787074725E-03
-1.789515256E-03
-1.791881514E-03
-1.794175478E-03
-1.796399360E-03
-1.798554906E-03
-1.800643862E-03
-1.802667743E-03
-1.804628177E-03
-1.806526445E-03
-1.808364061E-03
-1.810142188E-03
-1.811861875E-03
-1.813524403E-03
-1.815130818E-03
-1.816681935E-03
-1.818178804E-03
-1.819622354E-03
-1.821013284E-03
-1.822352409E-03
-1.823640545E-03
-1.824878273E-03
-1.826066291E-03
-1.827205298E-03
-1.828295761E-03
-1.829338376E-03
-1.830333495E-03
-1.831281581E-03
-1.832183334E-03
-1.833038987E-03
-1.833848888E-03
-1.834613620E-03
-1.835333416E-03
-1.836008625E-03
-1.836639596E-03
-1.837226562E-03
-1.837769756E-03
-1.838269411E-03
-1.838725759E-03
-1.839139033E-03
-1.839509467E-03
-1.839837059E-03
-1.840122161E-03
-1.840364654E-03
-1.840564772E-03
-1.840722514E-03
-1.840838115E-03
-1.840911456E-03
-1.840931596E-03
-1.840878394E-03
-1.840783050E-03
-1.840645447E-03
-1.840465469E-03
-1.840243116E-03
-1.839978271E-03
-1.839670818E-03
-1.839320641E-03
-1.838927506E-03
-1.838491298E-03
-1.838011784E-03
-1.837488846E-03
-1.836922020E-03
-1.836311305E-03
-1.835656236E-03
-1.834956696E-03
-1.834212104E-03
-1.833422342E-03
-1.832586946E-03
-1.831705449E-03
-1.830777386E-03
-1.829802524E-03
-1.828780165E-03
-1.827709959E-03
-1.826591208E-03
-1.825423329E-03
-1.824205741E-03
-1.822937862E-03
-1.821618993E-03
-1.820248319E-03
-1.818825025E-03
-1.817348297E-03
-1.815817435E-03
-1.814231277E-03
-1.812589006E-03
-1.810889575E-03
-1.809131703E-03
-1.807314460E-03
-1.805436332E-03
-1.803496270E-03
-1.801492646E-03
-1.799423946E-03
-1.797288773E-03
-1.795085147E-03
-1.792811439E-03
-1.790465554E-03
-1.788045396E-03
-1.785548637E-03
-1.782972948E-03
-1.780315535E-03
-1.777573605E-03
-1.774744014E-03
-1.771823270E-03
-1.768807764E-03
-1.765693189E-03
-1.762475353E-03
-1.759148901E-03
-1.755708479E-03
-1.752147800E-03
-1.748459879E-03
-1.744636684E-03
-1.740669017E-03
-1.736546517E-03
-1.732256729E-03
-1.727785217E-03
-1.723114401E-03
-1.718222979E-03
-1.713084057E-03
-1.707663061E-03
-1.701914007E-03
-1.695771352E-03
-1.689139404E-03
-1.681842608E-03
-1.673537539E-03
-1.840932295E-03
-1.840880024E-03
-1.840785611E-03
-1.840648940E-03
-1.840470009E-03
-1.840248704E-03
-1.839984907E-03
-1.839678618E-03
-1.839329605E-03
-1.838937751E-03
-1.838502940E-03
-1.838024938E-03
-1.837503514E-03
-1.836938551E-03
-1.836329699E-03
-1.835676609E-03
-1.834979164E-03
-1.834236900E-03
-1.833449584E-03
-1.832616865E-03
-1.831738278E-03
-1.830813359E-03
-1.829841756E-03
-1.828823006E-03
-1.827756525E-03
-1.826641965E-03
-1.825478510E-03
-1.824265695E-03
-1.823002822E-03
-1.821689308E-03
-1.820324338E-03
-1.818907214E-03
-1.817437122E-03
-1.815913245E-03
-1.814334537E-03
-1.812700299E-03
-1.811009250E-03
-1.809260459E-03
-1.807452762E-03
-1.805584994E-03
-1.803655759E-03
-1.801663777E-03
-1.799607649E-03
-1.797485631E-03
-1.795296092E-03
-1.793037402E-03
-1.790707465E-03
-1.788304420E-03
-1.785825938E-03
-1.783269690E-03
-1.780633233E-03
-1.777913538E-03
-1.775107812E-03
-1.772212796E-03
-1.769224764E-03
-1.766139874E-03
-1.762953936E-03
-1.759662060E-03
-1.756259007E-03
-1.752738841E-03
-1.749095041E-03
-1.745320042E-03
-1.741405460E-03
-1.737341401E-03
-1.733116456E-03
-1.728717354E-03
-1.724128146E-03
-1.719329506E-03
-1.714297454E-03
-1.709001954E-03
-1.703403192E-03
-1.697446569E-03
-1.691053738E-03
-1.684097224E-03
-1.676350250E-03
-1.667153090E-03
-1.840942423E-03
-1.840910292E-03
-1.840836019E-03
-1.840719488E-03
-1.840560697E-03
-1.840359648E-03
-1.840115990E-03
-1.839829842E-03
-1.839501085E-03
-1.839129487E-03
-1.838714816E-03
-1.838256954E-03
-1.837755786E-03
-1.837210846E-03
-1.836622250E-03
-1.835989300E-03
-1.835311996E-03
-1.834589988E-03
-1.833822927E-03
-1.833010348E-03
-1.832151902E-03
-1.831247238E-03
-1.830295892E-03
-1.829297282E-03
-1.828251057E-03
-1.827156637E-03
-1.826013438E-03
-1.824820763E-03
-1.823578146E-03
-1.822284888E-03
-1.820940175E-03
-1.819543308E-03
-1.818093355E-03
-1.816589735E-03
-1.815031283E-03
-1.813417301E-03
-1.811746508E-03
-1.810017973E-03
-1.808230532E-03
-1.806383021E-03
-1.804474159E-03
-1.802502433E-03
-1.800466562E-03
-1.798364799E-03
-1.796195633E-03
-1.793957199E-03
-1.791647635E-03
-1.789264847E-03
-1.786806737E-03
-1.784270862E-03
-1.781654661E-03
-1.778955339E-03
-1.776169986E-03
-1.773295226E-03
-1.770327566E-03
-1.767263166E-03
-1.764097484E-03
-1.760825980E-03
-1.757443300E-03
-1.753943623E-03
-1.750320196E-03
-1.746565686E-03
-1.742671477E-03
-1.738627907E-03
-1.734423335E-03
-1.730044722E-03
-1.725476002E-03
-1.720697852E-03
-1.715686405E-03
-1.710411394E-03
-1.704833005E-03
-1.698896987E-03
-1.692524645E-03
-1.685588621E-03
-1.677862252E-03
-1.668685698E-03
