-1.604716876E-03
-1.424583490E-03
-1.426113304E-03
-1.435572281E-03
-1.443906338E-03
-1.451231772E-03
-1.457892358E-03
-1.464063185E-03
-1.469840296E-03
-1.475289115E-03
-1.480455510E-03
-1.485374407E-03
-1.490072347E-03
-1.494570868E-03
-1.498887315E-03
-1.503036357E-03
-1.507030218E-03
-1.510879607E-03
-1.514593489E-03
-1.518179895E-03
-1.521645812E-03
-1.524997642E-03
-1.528240740E-03
-1.531380229E-03
-1.534420531E-03
-1.537365955E-03
-1.540220110E-03
-1.542986371E-03
-1.545667881E-03
-1.548267668E-03
-1.550788176E-03
-1.553232083E-03
-1.555601601E-03
-1.557898708E-03
-1.560125616E-03
-1.562284073E-03
-1.564375707E-03
-1.566402265E-03
-1.568365144E-03
-1.570265973E-03
-1.572105801E-03
-1.573886024E-03
-1.575607923E-03
-1.577272429E-03
-1.578880707E-03
-1.580433687E-03
-1.581932185E-03
-1.583377365E-03
-1.584769809E-03
-1.586110448E-03
-1.587399864E-03
-1.588638988E-03
-1.589828287E-03
-1.590968342E-03
-1.592059969E-03
-1.593103516E-03
-1.594099565E-03
-1.595048583E-03
-1.595951151E-03
-1.596807502E-03
-1.597618219E-03
-1.598383649E-03
-1.599104027E-03
-1.599779818E-03
-1.600411255E-03
-1.600998570E-03
-1.601542230E-03
-1.602042234E-03
-1.602498931E-03
-1.602912555E-03
-1.603283221E-03
-1.603611046E-03
-1.603896264E-03
-1.604138874E-03
-1.604339108E-03
-1.604496967E-03
-1.604612451E-03
-1.604685793E-03
-1.604705816E-03
-1.604652498E-03
-1.604556921E-03
-1.604419085E-03
-1.604238874E-03
-1.604016172E-03
-1.603750978E-03
-1.603443176E-03
-1.603092533E-03
-1.602698932E-03
-1.602262259E-03
-1.601782162E-03
-1.601258642E-03
-1.600691234E-03
-1.600079820E-03
-1.599424053E-03
-1.598723698E-03
-1.597978291E-03
-1.597187598E-03
-1.596351271E-03
-1.595468726E-03
-1.594539732E-03
-1.593563706E-03
-1.592540182E-03
-1.591468579E-03
-1.590348547E-03
-1.589179272E-03
-1.587960287E-03
-1.586690894E-03
-1.585370279E-03
-1.583997859E-03
-1.582572819E-03
-1.581094344E-03
-1.579561387E-03
-1.577973249E-03
-1.576328767E-03
-1.574627007E-03
-1.572866808E-03
-1.571047120E-03
-1.569166430E-03
-1.567223575E-03
-1.565217157E-03
-1.563145663E-03
-1.561007346E-03
-1.558800577E-03
-1.556523493E-03
-1.554174232E-03
-1.551750465E-03
-1.549250097E-03
-1.546670450E-03
-1.544009079E-03
-1.541262958E-03
-1.538429060E-03
-1.535503892E-03
-1.532483730E-03
-1.529364381E-03
-1.526141539E-03
-1.522809966E-03
-1.519364305E-03
-1.515798154E-03
-1.512104413E-03
-1.508275396E-03
-1.504301676E-03
-1.500173006E-03
-1.495876815E-03
-1.491398667E-03
-1.486720983E-03
-1.481822459E-03
-1.476676203E-03
-1.471247757E-03
-1.465491136E-03
-1.459340565E-03
-1.452700468E-03
-1.445395406E-03
-1.437081723E-03
-1.604706631E-03
-1.604654361E-03
-1.604559948E-03
-1.604423276E-03
-1.604244229E-03
-1.604022807E-03
-1.603758894E-03
-1.603452489E-03
-1.603103243E-03
-1.602711156E-03
-1.602275996E-03
-1.601797645E-03
-1.601275872E-03
-1.600710442E-03
-1.600101008E-03
-1.599447452E-03
-1.598749426E-03
-1.598006580E-03
-1.597218565E-03
-1.596385031E-03
-1.595505630E-03
-1.594579895E-03
-1.593607361E-03
-1.592587680E-03
-1.591520151E-03
-1.590404427E-03
-1.589239808E-03
-1.588025712E-03
-1.586761558E-03
-1.585446531E-03
-1.584080164E-03
-1.582661411E-03
-1.581189688E-03
-1.579663949E-03
-1.578083495E-03
-1.576447277E-03
-1.574754249E-03
-1.573003363E-03
-1.571193337E-03
-1.569323242E-03
-1.567391562E-03
-1.565397019E-03
-1.563338097E-03
-1.561213285E-03
-1.559020835E-03
-1.556759002E-03
-1.554426039E-03
-1.552019618E-03
-1.549537643E-03
-1.546977786E-03
-1.544337487E-03
-1.541613950E-03
-1.538804150E-03
-1.535904827E-03
-1.532912487E-03
-1.529823174E-03
-1.526632346E-03
-1.523335697E-03
-1.519927522E-03
-1.516402117E-03
-1.512752962E-03
-1.508972375E-03
-1.505051972E-03
-1.500981976E-03
-1.496750861E-03
-1.492345356E-03
-1.487749629E-03
-1.482944121E-03
-1.477905200E-03
-1.472602482E-03
-1.466996386E-03
-1.461032080E-03
-1.454631332E-03
-1.447666786E-03
-1.439911546E-03
-1.430705655E-03
-1.604716643E-03
-1.604684396E-03
-1.604610006E-03
-1.604493242E-03
-1.604334218E-03
-1.604132820E-03
-1.603888930E-03
-1.603602432E-03
-1.603273209E-03
-1.602901146E-03
-1.602486009E-03
-1.602027682E-03
-1.601525932E-03
-1.600980409E-03
-1.600391115E-03
-1.599757466E-03
-1.599079464E-03
-1.598356641E-03
-1.597588649E-03
-1.596775139E-03
-1.595915761E-03
-1.595010050E-03
-1.594057539E-03
-1.593057881E-03
-1.592010376E-03
-1.590914675E-03
-1.589770080E-03
-1.588576008E-03
-1.587331877E-03
-1.586036989E-03
-1.584690646E-03
-1.583292033E-03
-1.581840334E-03
-1.580334734E-03
-1.578774303E-03
-1.577158109E-03
-1.575485105E-03
-1.573754358E-03
-1.571964473E-03
-1.570114400E-03
-1.568202861E-03
-1.566228457E-03
-1.564189675E-03
-1.562084886E-03
-1.559912693E-03
-1.557670999E-03
-1.555358060E-03
-1.552971778E-03
-1.550510060E-03
-1.547970343E-03
-1.545350184E-03
-1.542646787E-03
-1.539857243E-03
-1.536978059E-03
-1.534005860E-03
-1.530936686E-03
-1.527766231E-03
-1.524489722E-03
-1.521101804E-03
-1.517596655E-03
-1.513967640E-03
-1.510207425E-03
-1.506307279E-03
-1.502257423E-03
-1.498046680E-03
-1.493661432E-03
-1.489085960E-03
-1.484300941E-03
-1.479282277E-03
-1.473999931E-03
-1.468413975E-03
-1.462470158E-03
-1.456089783E-03
-1.449145493E-03
-1.441410743E-03
-1.432225341E-03
