-1.542274957E-03
-1.363647869E-03
-1.362116542E-03
-1.542263897E-03
-1.542210579E-03
-1.542115002E-03
-1.541977283E-03
-1.541797072E-03
-1.541574486E-03
-1.541309408E-03
-1.541001722E-03
-1.540651196E-03
-1.540257712E-03
-1.539821038E-03
-1.539341174E-03
-1.538817654E-03
-1.538250479E-03
-1.537639182E-03
-1.536983647E-03
-1.536283409E-03
-1.535538118E-03
-1.534747658E-03
-1.533911447E-03
-1.533029135E-03
-1.532100257E-03
-1.531124348E-03
-1.530101057E-03
-1.529029687E-03
-1.527909772E-03
-1.526740729E-03
-1.525521860E-03
-1.524252584E-03
-1.522932202E-03
-1.521559898E-03
-1.520134974E-03
-1.518656616E-03
-1.517123776E-03
-1.515535754E-03
-1.513891388E-03
-1.512189629E-03
-1.510429545E-03
-1.508609741E-03
-1.506729168E-03
-1.504786313E-03
-1.502779778E-03
-1.500708167E-03
-1.498569851E-03
-1.496362966E-03
-1.494085765E-03
-1.491736155E-03
-1.489312272E-03
-1.486811554E-03
-1.484231674E-03
-1.481569954E-03
-1.478823484E-03
-1.475989120E-03
-1.473063487E-03
-1.470042742E-03
-1.466922928E-03
-1.463699387E-03
-1.460367232E-03
-1.456920756E-03
-1.453353791E-03
-1.449659350E-03
-1.445829403E-03
-1.441854751E-03
-1.437725034E-03
-1.433427795E-03
-1.428948482E-03
-1.424269634E-03
-1.419369830E-03
-1.414222294E-03
-1.408792450E-03
-1.403034315E-03
-1.396882115E-03
-1.390240388E-03
-1.382933580E-03
-1.374618150E-03
-1.373107312E-03
-1.381443231E-03
-1.388770412E-03
-1.395432511E-03
-1.401604968E-03
-1.407383475E-03
-1.412833808E-03
-1.418001601E-03
-1.422921778E-03
-1.427620882E-03
-1.432120567E-03
-1.436438062E-03
-1.440588152E-03
-1.444583060E-03
-1.448433381E-03
-1.452148077E-03
-1.455735299E-03
-1.459201914E-03
-1.462554443E-03
-1.465798123E-03
-1.468938193E-03
-1.471979078E-03
-1.474924968E-03
-1.477779588E-03
-1.480546198E-03
-1.483228174E-03
-1.485828194E-03
-1.488349051E-03
-1.490793191E-03
-1.493162825E-03
-1.495460165E-03
-1.497687306E-03
-1.499845763E-03
-1.501937513E-03
-1.503964188E-03
-1.505927066E-03
-1.507827896E-03
-1.509667723E-03
-1.511447947E-03
-1.513169729E-03
-1.514834235E-03
-1.516442397E-03
-1.517995261E-03
-1.519493759E-03
-1.520938822E-03
-1.522331149E-03
-1.523671672E-03
-1.524960971E-03
-1.526199863E-03
-1.527389046E-03
-1.528528985E-03
-1.529620378E-03
-1.530663809E-03
-1.531659742E-03
-1.532608527E-03
-1.533510978E-03
-1.534367213E-03
-1.535177813E-03
-1.535943011E-03
-1.536663272E-03
-1.537338947E-03
-1.537970151E-03
-1.538557466E-03
-1.539100893E-03
-1.539600897E-03
-1.540057478E-03
-1.540470985E-03
-1.540841535E-03
-1.541169244E-03
-1.541454461E-03
-1.541696955E-03
-1.541897189E-03
-1.542054932E-03
-1.542170532E-03
-1.542243874E-03
-1.542274724E-03
-1.542242477E-03
-1.542168087E-03
-1.542051439E-03
-1.541892416E-03
-1.541691134E-03
-1.541447244E-03
-1.541160862E-03
-1.540831756E-03
-1.540459809E-03
-1.540044788E-03
-1.539586578E-03
-1.539084944E-03
-1.538539538E-03
-1.537950360E-03
-1.537316944E-03
-1.536639058E-03
-1.535916352E-03
-1.535148593E-03
-1.534335315E-03
-1.533476054E-03
-1.532570575E-03
-1.531618182E-03
-1.530618640E-03
-1.529571367E-03
-1.528475899E-03
-1.527331420E-03
-1.526137581E-03
-1.524893567E-03
-1.523598912E-03
-1.522252569E-03
-1.520854072E-03
-1.519402489E-03
-1.517897006E-03
-1.516336692E-03
-1.514720614E-03
-1.513047726E-03
-1.511316979E-03
-1.509527210E-03
-1.507677138E-03
-1.505765598E-03
-1.503791078E-03
-1.501752296E-03
-1.499647391E-03
-1.497475081E-03
-1.495233271E-03
-1.492920099E-03
-1.490533585E-03
-1.488071634E-03
-1.485531684E-03
-1.482911175E-03
-1.480207429E-03
-1.477417420E-03
-1.474537887E-03
-1.471565221E-03
-1.468495466E-03
-1.465324429E-03
-1.462047221E-03
-1.458658604E-03
-1.455152757E-03
-1.451523043E-03
-1.447761897E-03
-1.443860820E-03
-1.439810032E-03
-1.435598126E-03
-1.431211946E-03
-1.426635194E-03
-1.421848894E-03
-1.416828949E-03
-1.411545207E-03
-1.405957970E-03
-1.400012639E-03
-1.393630635E-03
-1.386684598E-03
-1.378948102E-03
-1.369761070E-03
-1.542264712E-03
-1.542212442E-03
-1.542118029E-03
-1.541981357E-03
-1.541802427E-03
-1.541581005E-03
-1.541317208E-03
-1.541010803E-03
-1.540661557E-03
-1.540269586E-03
-1.539834542E-03
-1.539356308E-03
-1.538834651E-03
-1.538269338E-03
-1.537660020E-03
-1.537006581E-03
-1.536308671E-03
-1.535566058E-03
-1.534778159E-03
-1.533944858E-03
-1.533065573E-03
-1.532139955E-03
-1.531167654E-03
-1.530148089E-03
-1.529080677E-03
-1.527965069E-03
-1.526800566E-03
-1.525586704E-03
-1.524322666E-03
-1.523007872E-03
-1.521641505E-03
-1.520222984E-03
-1.518751262E-03
-1.517225755E-03
-1.515645301E-03
-1.514009084E-03
-1.512316172E-03
-1.510565286E-03
-1.508755377E-03
-1.506885164E-03
-1.504953485E-03
-1.502958825E-03
-1.500899903E-03
-1.498774975E-03
-1.496582408E-03
-1.494320459E-03
-1.491987146E-03
-1.489580609E-03
-1.487098401E-03
-1.484538196E-03
-1.481897547E-03
-1.479173661E-03
-1.476363395E-03
-1.473463606E-03
-1.470470801E-03
-1.467380789E-03
-1.464189496E-03
-1.460892032E-03
-1.457483275E-03
-1.453957171E-03
-1.450307085E-03
-1.446525683E-03
-1.442604349E-03
-1.438533305E-03
-1.434301143E-03
-1.429894590E-03
-1.425297582E-03
-1.420490909E-03
-1.415450592E-03
-1.410146477E-03
-1.404538867E-03
-1.398573164E-03
-1.392170787E-03
-1.385204494E-03
-1.377447508E-03
-1.368239988E-03
