-1.525880536E-03
-1.345721073E-03
-1.347252750E-03
-1.356712077E-03
-1.365048462E-03
-1.372375991E-03
-1.379038440E-03
-1.385211246E-03
-1.390990103E-03
-1.396440668E-03
-1.401608810E-03
-1.406529220E-03
-1.411228557E-03
-1.415728359E-03
-1.420046086E-03
-1.424196409E-03
-1.428191434E-03
-1.432041754E-03
-1.435756683E-03
-1.439344021E-03
-1.442810753E-03
-1.446163282E-03
-1.449407078E-03
-1.452547149E-03
-1.455588150E-03
-1.458534040E-03
-1.461388660E-03
-1.464155270E-03
-1.466837246E-03
-1.469437266E-03
-1.471958123E-03
-1.474402146E-03
-1.476771897E-03
-1.479069120E-03
-1.481296145E-03
-1.483454602E-03
-1.485546352E-03
-1.487572794E-03
-1.489535673E-03
-1.491436386E-03
-1.493276213E-03
-1.495056320E-03
-1.496777986E-03
-1.498442376E-03
-1.500050421E-03
-1.501603285E-03
-1.503101666E-03
-1.504546497E-03
-1.505938824E-03
-1.507279114E-03
-1.508568414E-03
-1.509807189E-03
-1.510996255E-03
-1.512136078E-03
-1.513227355E-03
-1.514270669E-03
-1.515266486E-03
-1.516215270E-03
-1.517117606E-03
-1.517973724E-03
-1.518784207E-03
-1.519549289E-03
-1.520269550E-03
-1.520945108E-03
-1.521576312E-03
-1.522163511E-03
-1.522706938E-03
-1.523206825E-03
-1.523663290E-03
-1.524076797E-03
-1.524447231E-03
-1.524775056E-03
-1.525060041E-03
-1.525302650E-03
-1.525502768E-03
-1.525660628E-03
-1.525776112E-03
-1.525849453E-03
-1.525869477E-03
-1.525816158E-03
-1.525720698E-03
-1.525582862E-03
-1.525402768E-03
-1.525180181E-03
-1.524915220E-03
-1.524607418E-03
-1.524257008E-03
-1.523863524E-03
-1.523427083E-03
-1.522947219E-03
-1.522423816E-03
-1.521856640E-03
-1.521245460E-03
-1.520589925E-03
-1.519889804E-03
-1.519144746E-03
-1.518354286E-03
-1.517518191E-03
-1.516635879E-03
-1.515707234E-03
-1.514731441E-03
-1.513708150E-03
-1.512637013E-03
-1.511517214E-03
-1.510348171E-03
-1.509129419E-03
-1.507860259E-03
-1.506539993E-03
-1.505167806E-03
-1.503742998E-03
-1.502264757E-03
-1.500732033E-03
-1.499144128E-03
-1.497499878E-03
-1.495798235E-03
-1.494038152E-03
-1.492218580E-03
-1.490338007E-03
-1.488395268E-03
-1.486388850E-03
-1.484317239E-03
-1.482178923E-03
-1.479972154E-03
-1.477694954E-03
-1.475345460E-03
-1.472921576E-03
-1.470420975E-03
-1.467841095E-03
-1.465179375E-03
-1.462432905E-03
-1.459598541E-03
-1.456672791E-03
-1.453652047E-03
-1.450532232E-03
-1.447308692E-03
-1.443976420E-03
-1.440529828E-03
-1.436962746E-03
-1.433268189E-03
-1.429438125E-03
-1.425463357E-03
-1.421333407E-03
-1.417035935E-03
-1.412556507E-03
-1.407877426E-03
-1.402977388E-03
-1.397829619E-03
-1.392399427E-03
-1.386640943E-03
-1.380488509E-03
-1.373846433E-03
-1.366539276E-03
-1.358223497E-03
-1.525870292E-03
-1.525818021E-03
-1.525723608E-03
-1.525586937E-03
-1.525408006E-03
-1.525186701E-03
-1.524922904E-03
-1.524616499E-03
-1.524267369E-03
-1.523875399E-03
-1.523440471E-03
-1.522962237E-03
-1.522440696E-03
-1.521875383E-03
-1.521266182E-03
-1.520612859E-03
-1.519915066E-03
-1.519172452E-03
-1.518384670E-03
-1.517551369E-03
-1.516672201E-03
-1.515746699E-03
-1.514774514E-03
-1.513754949E-03
-1.512687770E-03
-1.511572278E-03
-1.510407892E-03
-1.509194029E-03
-1.507930108E-03
-1.506615430E-03
-1.505249180E-03
-1.503830776E-03
-1.502359170E-03
-1.500833663E-03
-1.499253442E-03
-1.497617341E-03
-1.495924429E-03
-1.494173659E-03
-1.492363750E-03
-1.490493771E-03
-1.488562091E-03
-1.486567548E-03
-1.484508743E-03
-1.482383814E-03
-1.480191364E-03
-1.477929414E-03
-1.475596218E-03
-1.473189564E-03
-1.470707473E-03
-1.468147268E-03
-1.465506619E-03
-1.462782733E-03
-1.459972467E-03
-1.457072678E-03
-1.454079757E-03
-1.450989861E-03
-1.447798451E-03
-1.444500987E-03
-1.441091998E-03
-1.437565777E-03
-1.433915575E-03
-1.430134056E-03
-1.426212606E-03
-1.422141329E-03
-1.417909050E-03
-1.413502265E-03
-1.408905140E-03
-1.404098119E-03
-1.399057568E-03
-1.393753220E-03
-1.388145261E-03
-1.382179209E-03
-1.375776599E-03
-1.368809957E-03
-1.361052506E-03
-1.351844636E-03
-1.525880303E-03
-1.525848056E-03
-1.525773667E-03
-1.525657019E-03
-1.525498112E-03
-1.525296830E-03
-1.525053056E-03
-1.524766674E-03
-1.524437568E-03
-1.524065621E-03
-1.523650717E-03
-1.523192506E-03
-1.522690989E-03
-1.522145700E-03
-1.521556638E-03
-1.520923222E-03
-1.520245452E-03
-1.519522863E-03
-1.518755220E-03
-1.517941942E-03
-1.517082797E-03
-1.516177435E-03
-1.515225274E-03
-1.514225733E-03
-1.513178577E-03
-1.512083225E-03
-1.510938862E-03
-1.509745140E-03
-1.508501242E-03
-1.507206587E-03
-1.505860477E-03
-1.504462096E-03
-1.503010630E-03
-1.501505263E-03
-1.499945065E-03
-1.498329104E-03
-1.496656216E-03
-1.494925586E-03
-1.493135933E-03
-1.491285977E-03
-1.489374437E-03
-1.487400034E-03
-1.485361252E-03
-1.483256579E-03
-1.481084269E-03
-1.478842460E-03
-1.476529404E-03
-1.474143006E-03
-1.471681055E-03
-1.469140989E-03
-1.466520596E-03
-1.463816850E-03
-1.461026841E-03
-1.458147308E-03
-1.455174526E-03
-1.452104771E-03
-1.448933617E-03
-1.445656409E-03
-1.442267792E-03
-1.438761828E-03
-1.435131882E-03
-1.431370620E-03
-1.427469426E-03
-1.423418522E-03
-1.419206499E-03
-1.414820086E-03
-1.410243101E-03
-1.405456569E-03
-1.400436391E-03
-1.395152416E-03
-1.389564830E-03
-1.383619150E-03
-1.377236797E-03
-1.370290527E-03
-1.362553681E-03
-1.353366184E-03
