-1.759478939E-03
-1.579485252E-03
-1.581015298E-03
-1.590468455E-03
-1.598797040E-03
-1.606117235E-03
-1.612772467E-03
-1.618938404E-03
-1.624710509E-03
-1.630154671E-03
-1.635316643E-03
-1.640230999E-03
-1.644924632E-03
-1.649419079E-03
-1.653731451E-03
-1.657876652E-03
-1.661866787E-03
-1.665712567E-03
-1.669422956E-03
-1.673006103E-03
-1.676468761E-03
-1.679817447E-03
-1.683057519E-03
-1.686194213E-03
-1.689231838E-03
-1.692174585E-03
-1.695026178E-03
-1.697789994E-03
-1.700469176E-03
-1.703066635E-03
-1.705585164E-03
-1.708026975E-03
-1.710394514E-03
-1.712689758E-03
-1.714914921E-03
-1.717071631E-03
-1.719161635E-03
-1.721186680E-03
-1.723148045E-03
-1.725047478E-03
-1.726886025E-03
-1.728664967E-03
-1.730385702E-03
-1.732049044E-03
-1.733656158E-03
-1.735208207E-03
-1.736705774E-03
-1.738150022E-03
-1.739541651E-03
-1.740881475E-03
-1.742170192E-03
-1.743408502E-03
-1.744597103E-03
-1.745736692E-03
-1.746827620E-03
-1.747870585E-03
-1.748866169E-03
-1.749814721E-03
-1.750716823E-03
-1.751572825E-03
-1.752383192E-03
-1.753148157E-03
-1.753868302E-03
-1.754543744E-03
-1.755174948E-03
-1.755762030E-03
-1.756305457E-03
-1.756805344E-03
-1.757261809E-03
-1.757675200E-03
-1.758045750E-03
-1.758373459E-03
-1.758658560E-03
-1.758901053E-03
-1.759101171E-03
-1.759259030E-03
-1.759374514E-03
-1.759447856E-03
-1.759467763E-03
-1.759414561E-03
-1.759318984E-03
-1.759181148E-03
-1.759001054E-03
-1.758778468E-03
-1.758513390E-03
-1.758205704E-03
-1.757855294E-03
-1.757461810E-03
-1.757025369E-03
-1.756545505E-03
-1.756022102E-03
-1.755455043E-03
-1.754843863E-03
-1.754188328E-03
-1.753488323E-03
-1.752743265E-03
-1.751953037E-03
-1.751117059E-03
-1.750234980E-03
-1.749306452E-03
-1.748330891E-03
-1.747307950E-03
-1.746236929E-03
-1.745117479E-03
-1.743948902E-03
-1.742730616E-03
-1.741462038E-03
-1.740142237E-03
-1.738770632E-03
-1.737346523E-03
-1.735868980E-03
-1.734337071E-03
-1.732749981E-03
-1.731106662E-03
-1.729406067E-03
-1.727647148E-03
-1.725828741E-03
-1.723949448E-03
-1.722008106E-03
-1.720003202E-03
-1.717933337E-03
-1.715796650E-03
-1.713591744E-03
-1.711316523E-03
-1.708969241E-03
-1.706547569E-03
-1.704049180E-03
-1.701471861E-03
-1.698812819E-03
-1.696069143E-03
-1.693237806E-03
-1.690315199E-03
-1.687297830E-03
-1.684181392E-03
-1.680961577E-03
-1.677633147E-03
-1.674190629E-03
-1.670627738E-03
-1.666937605E-03
-1.663112082E-03
-1.659142203E-03
-1.655017259E-03
-1.650725142E-03
-1.646251068E-03
-1.641577692E-03
-1.636683592E-03
-1.631541993E-03
-1.626118319E-03
-1.620366471E-03
-1.614220906E-03
-1.607585931E-03
-1.600286225E-03
-1.591978013E-03
-1.759468578E-03
-1.759416424E-03
-1.759322011E-03
-1.759185339E-03
-1.759006409E-03
-1.758785103E-03
-1.758521306E-03
-1.758214901E-03
-1.757865888E-03
-1.757473918E-03
-1.757038990E-03
-1.756560756E-03
-1.756039215E-03
-1.755474019E-03
-1.754864934E-03
-1.754211611E-03
-1.753513818E-03
-1.752771321E-03
-1.751983655E-03
-1.751150587E-03
-1.750271651E-03
-1.749346382E-03
-1.748374314E-03
-1.747355098E-03
-1.746288151E-03
-1.745173009E-03
-1.744008972E-03
-1.742795575E-03
-1.741532120E-03
-1.740218024E-03
-1.738852356E-03
-1.737434533E-03
-1.735963742E-03
-1.734439051E-03
-1.732859528E-03
-1.731224474E-03
-1.729532611E-03
-1.727782888E-03
-1.725974260E-03
-1.724105445E-03
-1.722175279E-03
-1.720182132E-03
-1.718124840E-03
-1.716001658E-03
-1.713810954E-03
-1.711550984E-03
-1.709219883E-03
-1.706815441E-03
-1.704335678E-03
-1.701777917E-03
-1.699139946E-03
-1.696418854E-03
-1.693611499E-03
-1.690714736E-03
-1.687725075E-03
-1.684638555E-03
-1.681450754E-03
-1.678157016E-03
-1.674752100E-03
-1.671229955E-03
-1.667584176E-03
-1.663807197E-03
-1.659890520E-03
-1.655824133E-03
-1.651596976E-03
-1.647195662E-03
-1.642604009E-03
-1.637802925E-03
-1.632768428E-03
-1.627470483E-03
-1.621869043E-03
-1.615909743E-03
-1.609514118E-03
-1.602554810E-03
-1.594805042E-03
-1.585604623E-03
-1.759478590E-03
-1.759446459E-03
-1.759372070E-03
-1.759255421E-03
-1.759096398E-03
-1.758895116E-03
-1.758651342E-03
-1.758364961E-03
-1.758035854E-03
-1.757663907E-03
-1.757249003E-03
-1.756790793E-03
-1.756289275E-03
-1.755743986E-03
-1.755154924E-03
-1.754521625E-03
-1.753843972E-03
-1.753121498E-03
-1.752353855E-03
-1.751540694E-03
-1.750681782E-03
-1.749776537E-03
-1.748824609E-03
-1.747825416E-03
-1.746778493E-03
-1.745683374E-03
-1.744539361E-03
-1.743346103E-03
-1.742102671E-03
-1.740808482E-03
-1.739462954E-03
-1.738065272E-03
-1.736614387E-03
-1.735109836E-03
-1.733550453E-03
-1.731935423E-03
-1.730263582E-03
-1.728534000E-03
-1.726745395E-03
-1.724896720E-03
-1.722986693E-03
-1.721013687E-03
-1.718976535E-03
-1.716873376E-03
-1.714702928E-03
-1.712463098E-03
-1.710152021E-03
-1.707767718E-03
-1.705308096E-03
-1.702770591E-03
-1.700152759E-03
-1.697451808E-03
-1.694664708E-03
-1.691788086E-03
-1.688818680E-03
-1.685752301E-03
-1.682584756E-03
-1.679311274E-03
-1.675926498E-03
-1.672424609E-03
-1.668799086E-03
-1.665042364E-03
-1.661145827E-03
-1.657099812E-03
-1.652892912E-03
-1.648511854E-03
-1.643940574E-03
-1.639159862E-03
-1.634145738E-03
-1.628867933E-03
-1.623286866E-03
-1.617348054E-03
-1.610972686E-03
-1.604033750E-03
-1.596304355E-03
-1.587124425E-03
