-1.535137300E-03
-1.356509631E-03
-1.354977954E-03
-1.535126241E-03
-1.535072923E-03
-1.534977462E-03
-1.534839626E-03
-1.534659532E-03
-1.534436946E-03
-1.534171868E-03
-1.533864182E-03
-1.533513656E-03
-1.533120172E-03
-1.532683615E-03
-1.532203751E-03
-1.531680347E-03
-1.531113172E-03
-1.530501875E-03
-1.529846340E-03
-1.529146102E-03
-1.528400928E-03
-1.527610468E-03
-1.526774256E-03
-1.525892061E-03
-1.524963183E-03
-1.523987390E-03
-1.522964099E-03
-1.521892846E-03
-1.520772930E-03
-1.519603888E-03
-1.518385136E-03
-1.517115859E-03
-1.515795477E-03
-1.514423289E-03
-1.512998366E-03
-1.511520008E-03
-1.509987283E-03
-1.508399262E-03
-1.506754896E-03
-1.505053253E-03
-1.503293170E-03
-1.501473482E-03
-1.499592909E-03
-1.497650053E-03
-1.495643635E-03
-1.493572025E-03
-1.491433592E-03
-1.489226823E-03
-1.486949623E-03
-1.484600129E-03
-1.482176129E-03
-1.479675411E-03
-1.477095531E-03
-1.474433811E-03
-1.471687341E-03
-1.468852977E-03
-1.465927344E-03
-1.462906599E-03
-1.459786785E-03
-1.456563245E-03
-1.453230972E-03
-1.449784497E-03
-1.446217531E-03
-1.442522975E-03
-1.438692911E-03
-1.434718259E-03
-1.430588425E-03
-1.426291070E-03
-1.421811758E-03
-1.417132793E-03
-1.412232872E-03
-1.407085219E-03
-1.401655260E-03
-1.395896892E-03
-1.389744692E-03
-1.383102732E-03
-1.375795808E-03
-1.367480145E-03
-1.365968841E-03
-1.374304993E-03
-1.381632290E-03
-1.388294622E-03
-1.394467195E-03
-1.400245936E-03
-1.405696268E-03
-1.410864294E-03
-1.415784587E-03
-1.420483808E-03
-1.424983493E-03
-1.429301221E-03
-1.433451311E-03
-1.437446219E-03
-1.441296656E-03
-1.445011352E-03
-1.448598690E-03
-1.452065422E-03
-1.455417834E-03
-1.458661631E-03
-1.461801701E-03
-1.464842702E-03
-1.467788592E-03
-1.470643212E-03
-1.473409822E-03
-1.476091798E-03
-1.478691818E-03
-1.481212676E-03
-1.483656815E-03
-1.486026449E-03
-1.488323789E-03
-1.490550814E-03
-1.492709387E-03
-1.494801138E-03
-1.496827696E-03
-1.498790574E-03
-1.500691404E-03
-1.502531231E-03
-1.504311454E-03
-1.506033121E-03
-1.507697627E-03
-1.509305672E-03
-1.510858536E-03
-1.512357034E-03
-1.513801981E-03
-1.515194308E-03
-1.516534714E-03
-1.517824014E-03
-1.519062906E-03
-1.520251972E-03
-1.521391911E-03
-1.522483304E-03
-1.523526618E-03
-1.524522551E-03
-1.525471336E-03
-1.526373671E-03
-1.527229906E-03
-1.528040390E-03
-1.528805587E-03
-1.529525849E-03
-1.530201524E-03
-1.530832727E-03
-1.531420043E-03
-1.531963469E-03
-1.532463357E-03
-1.532919938E-03
-1.533333445E-03
-1.533703995E-03
-1.534031704E-03
-1.534316805E-03
-1.534559415E-03
-1.534759533E-03
-1.534917392E-03
-1.535032876E-03
-1.535106217E-03
-1.535137068E-03
-1.535104821E-03
-1.535030431E-03
-1.534913783E-03
-1.534754876E-03
-1.534553594E-03
-1.534309704E-03
-1.534023322E-03
-1.533694216E-03
-1.533322269E-03
-1.532907365E-03
-1.532449154E-03
-1.531947521E-03
-1.531402231E-03
-1.530813053E-03
-1.530179637E-03
-1.529501751E-03
-1.528779161E-03
-1.528011402E-03
-1.527198125E-03
-1.526338980E-03
-1.525433501E-03
-1.524481224E-03
-1.523481682E-03
-1.522434526E-03
-1.521338942E-03
-1.520194579E-03
-1.519000740E-03
-1.517756842E-03
-1.516462187E-03
-1.515115961E-03
-1.513717463E-03
-1.512265997E-03
-1.510760514E-03
-1.509200200E-03
-1.507584238E-03
-1.505911350E-03
-1.504180604E-03
-1.502390835E-03
-1.500540879E-03
-1.498629339E-03
-1.496654819E-03
-1.494616037E-03
-1.492511248E-03
-1.490338938E-03
-1.488097128E-03
-1.485784072E-03
-1.483397558E-03
-1.480935491E-03
-1.478395541E-03
-1.475775149E-03
-1.473071403E-03
-1.470281393E-03
-1.467401744E-03
-1.464429079E-03
-1.461359323E-03
-1.458188286E-03
-1.454911078E-03
-1.451522345E-03
-1.448016497E-03
-1.444386668E-03
-1.440625405E-03
-1.436724328E-03
-1.432673540E-03
-1.428461517E-03
-1.424075221E-03
-1.419498352E-03
-1.414711936E-03
-1.409691991E-03
-1.404408133E-03
-1.398820663E-03
-1.392875216E-03
-1.386493095E-03
-1.379546942E-03
-1.371810213E-03
-1.362622832E-03
-1.535127056E-03
-1.535074785E-03
-1.534980373E-03
-1.534843701E-03
-1.534664771E-03
-1.534443465E-03
-1.534179552E-03
-1.533873146E-03
-1.533524017E-03
-1.533132046E-03
-1.532697119E-03
-1.532218885E-03
-1.531697228E-03
-1.531131915E-03
-1.530522597E-03
-1.529869274E-03
-1.529171364E-03
-1.528428635E-03
-1.527640852E-03
-1.526807551E-03
-1.525928383E-03
-1.525002765E-03
-1.524030464E-03
-1.523010898E-03
-1.521943603E-03
-1.520828111E-03
-1.519663609E-03
-1.518449746E-03
-1.517185709E-03
-1.515870914E-03
-1.514504664E-03
-1.513086143E-03
-1.511614537E-03
-1.510089030E-03
-1.508508576E-03
-1.506872475E-03
-1.505179564E-03
-1.503428677E-03
-1.501618768E-03
-1.499748672E-03
-1.497816993E-03
-1.495822449E-03
-1.493763411E-03
-1.491638599E-03
-1.489446033E-03
-1.487184083E-03
-1.484850771E-03
-1.482444233E-03
-1.479962026E-03
-1.477401820E-03
-1.474761171E-03
-1.472037286E-03
-1.469227020E-03
-1.466327230E-03
-1.463334309E-03
-1.460244413E-03
-1.457053004E-03
-1.453755540E-03
-1.450346666E-03
-1.446820563E-03
-1.443170360E-03
-1.439388958E-03
-1.435467508E-03
-1.431396347E-03
-1.427164068E-03
-1.422757399E-03
-1.418160391E-03
-1.413353602E-03
-1.408313168E-03
-1.403008937E-03
-1.397401211E-03
-1.391435275E-03
-1.385032781E-03
-1.378066372E-03
-1.370309154E-03
-1.361101284E-03
