-1.550969668E-03
-1.370812999E-03
-1.372343977E-03
-1.381803420E-03
-1.390139107E-03
-1.397466054E-03
-1.404128037E-03
-1.410300261E-03
-1.416078652E-03
-1.421528752E-03
-1.426696428E-03
-1.431616489E-03
-1.436315477E-03
-1.440814929E-03
-1.445132424E-03
-1.449282398E-03
-1.453277073E-03
-1.457127277E-03
-1.460841973E-03
-1.464429079E-03
-1.467895694E-03
-1.471248106E-03
-1.474491786E-03
-1.477631740E-03
-1.480672625E-03
-1.483618398E-03
-1.486473018E-03
-1.489239628E-03
-1.491921488E-03
-1.494521624E-03
-1.497042482E-03
-1.499486505E-03
-1.501856255E-03
-1.504153595E-03
-1.506380620E-03
-1.508539193E-03
-1.510630944E-03
-1.512657618E-03
-1.514620613E-03
-1.516521443E-03
-1.518361270E-03
-1.520141610E-03
-1.521863393E-03
-1.523527899E-03
-1.525136060E-03
-1.526689040E-03
-1.528187538E-03
-1.529632602E-03
-1.531025046E-03
-1.532365568E-03
-1.533654868E-03
-1.534893876E-03
-1.536083058E-03
-1.537222997E-03
-1.538314507E-03
-1.539357938E-03
-1.540353871E-03
-1.541302772E-03
-1.542205224E-03
-1.543061459E-03
-1.543872058E-03
-1.544637373E-03
-1.545357634E-03
-1.546033309E-03
-1.546664629E-03
-1.547251944E-03
-1.547795488E-03
-1.548295491E-03
-1.548752072E-03
-1.549165579E-03
-1.549536129E-03
-1.549863955E-03
-1.550149056E-03
-1.550391666E-03
-1.550591900E-03
-1.550749643E-03
-1.550865243E-03
-1.550938585E-03
-1.550958492E-03
-1.550905290E-03
-1.550809713E-03
-1.550671877E-03
-1.550491783E-03
-1.550269197E-03
-1.550004003E-03
-1.549696317E-03
-1.549345674E-03
-1.548952190E-03
-1.548515633E-03
-1.548035652E-03
-1.547512133E-03
-1.546944957E-03
-1.546333660E-03
-1.545678009E-03
-1.544977655E-03
-1.544232480E-03
-1.543441904E-03
-1.542605693E-03
-1.541723264E-03
-1.540794387E-03
-1.539818477E-03
-1.538795070E-03
-1.537723700E-03
-1.536603784E-03
-1.535434625E-03
-1.534215757E-03
-1.532946364E-03
-1.531625981E-03
-1.530253678E-03
-1.528828638E-03
-1.527350163E-03
-1.525817439E-03
-1.524229301E-03
-1.522584818E-03
-1.520883176E-03
-1.519122976E-03
-1.517303172E-03
-1.515422482E-03
-1.513479627E-03
-1.511473092E-03
-1.509401482E-03
-1.507263049E-03
-1.505056163E-03
-1.502778963E-03
-1.500429469E-03
-1.498005469E-03
-1.495504752E-03
-1.492924872E-03
-1.490263152E-03
-1.487516682E-03
-1.484682434E-03
-1.481756801E-03
-1.478736056E-03
-1.475616358E-03
-1.472392934E-03
-1.469060779E-03
-1.465614419E-03
-1.462047454E-03
-1.458353130E-03
-1.454523182E-03
-1.450548763E-03
-1.446419046E-03
-1.442121924E-03
-1.437642728E-03
-1.432964113E-03
-1.428064425E-03
-1.422917005E-03
-1.417487394E-03
-1.411729376E-03
-1.405577408E-03
-1.398935914E-03
-1.391629223E-03
-1.383314026E-03
-1.550959307E-03
-1.550907153E-03
-1.550812740E-03
-1.550676068E-03
-1.550497022E-03
-1.550275716E-03
-1.550011802E-03
-1.549705397E-03
-1.549356268E-03
-1.548964181E-03
-1.548529137E-03
-1.548050903E-03
-1.547529129E-03
-1.546963817E-03
-1.546354499E-03
-1.545701060E-03
-1.545003150E-03
-1.544260420E-03
-1.543472521E-03
-1.542639104E-03
-1.541759819E-03
-1.540834201E-03
-1.539861783E-03
-1.538842218E-03
-1.537774806E-03
-1.536659198E-03
-1.535494579E-03
-1.534280600E-03
-1.533016562E-03
-1.531701651E-03
-1.530335285E-03
-1.528916764E-03
-1.527445042E-03
-1.525919419E-03
-1.524338964E-03
-1.522702747E-03
-1.521009719E-03
-1.519258833E-03
-1.517448807E-03
-1.515578711E-03
-1.513647032E-03
-1.511652372E-03
-1.509593334E-03
-1.507468405E-03
-1.505275839E-03
-1.503013773E-03
-1.500680577E-03
-1.498273923E-03
-1.495791716E-03
-1.493231626E-03
-1.490590977E-03
-1.487867092E-03
-1.485056942E-03
-1.482157153E-03
-1.479164348E-03
-1.476074453E-03
-1.472883159E-03
-1.469585812E-03
-1.466177055E-03
-1.462650951E-03
-1.459000981E-03
-1.455219695E-03
-1.451298478E-03
-1.447227434E-03
-1.442995388E-03
-1.438588952E-03
-1.433992176E-03
-1.429185621E-03
-1.424145419E-03
-1.418841537E-03
-1.413234044E-03
-1.407268574E-03
-1.400866313E-03
-1.393900253E-03
-1.386143500E-03
-1.376936212E-03
-1.550969318E-03
-1.550937188E-03
-1.550862798E-03
-1.550746034E-03
-1.550587127E-03
-1.550385728E-03
-1.550141955E-03
-1.549855457E-03
-1.549526351E-03
-1.549154404E-03
-1.548739267E-03
-1.548281056E-03
-1.547779422E-03
-1.547234016E-03
-1.546644839E-03
-1.546011306E-03
-1.545333420E-03
-1.544610714E-03
-1.543842838E-03
-1.543029444E-03
-1.542170299E-03
-1.541264704E-03
-1.540312311E-03
-1.539312769E-03
-1.538265380E-03
-1.537169795E-03
-1.536025316E-03
-1.534831477E-03
-1.533587463E-03
-1.532292576E-03
-1.530946349E-03
-1.529547852E-03
-1.528096152E-03
-1.526590670E-03
-1.525030239E-03
-1.523414161E-03
-1.521741273E-03
-1.520010410E-03
-1.518220641E-03
-1.516370568E-03
-1.514458912E-03
-1.512484392E-03
-1.510445494E-03
-1.508340705E-03
-1.506168279E-03
-1.503926469E-03
-1.501613413E-03
-1.499226899E-03
-1.496764831E-03
-1.494224882E-03
-1.491604489E-03
-1.488900743E-03
-1.486110734E-03
-1.483231201E-03
-1.480258536E-03
-1.477188896E-03
-1.474017859E-03
-1.470740768E-03
-1.467352151E-03
-1.463846420E-03
-1.460216707E-03
-1.456455677E-03
-1.452554716E-03
-1.448504045E-03
-1.444292255E-03
-1.439906191E-03
-1.435329556E-03
-1.430543372E-03
-1.425523660E-03
-1.420240034E-03
-1.414652914E-03
-1.408707816E-03
-1.402325928E-03
-1.395380241E-03
-1.387643861E-03
-1.378457062E-03
