-1.668491168E-03
-1.488406095E-03
-1.489935443E-03
-1.499392674E-03
-1.507724635E-03
-1.515047974E-03
-1.521706465E-03
-1.527875429E-03
-1.533650560E-03
-1.539097517E-03
-1.544262283E-03
-1.549179433E-03
-1.553875743E-03
-1.558372634E-03
-1.562687568E-03
-1.566835213E-03
-1.570827677E-03
-1.574675785E-03
-1.578388386E-03
-1.581973513E-03
-1.585438382E-03
-1.588788931E-03
-1.592030982E-03
-1.595169422E-03
-1.598208910E-03
-1.601153286E-03
-1.604006626E-03
-1.606771955E-03
-1.609452767E-03
-1.612051739E-03
-1.614571665E-03
-1.617014874E-03
-1.619383693E-03
-1.621680218E-03
-1.623906544E-03
-1.626064419E-03
-1.628155704E-03
-1.630181680E-03
-1.632144209E-03
-1.634044573E-03
-1.635884051E-03
-1.637663925E-03
-1.639385475E-03
-1.641049632E-03
-1.642657677E-03
-1.644210308E-03
-1.645708689E-03
-1.647153636E-03
-1.648545847E-03
-1.649886253E-03
-1.651175553E-03
-1.652414445E-03
-1.653603627E-03
-1.654743566E-03
-1.655835076E-03
-1.656878507E-03
-1.657874440E-03
-1.658823458E-03
-1.659725909E-03
-1.660582144E-03
-1.661392860E-03
-1.662158174E-03
-1.662878552E-03
-1.663554227E-03
-1.664185664E-03
-1.664772979E-03
-1.665316639E-03
-1.665816642E-03
-1.666273340E-03
-1.666686847E-03
-1.667057513E-03
-1.667385339E-03
-1.667670440E-03
-1.667913049E-03
-1.668113284E-03
-1.668271143E-03
-1.668386743E-03
-1.668459969E-03
-1.668479992E-03
-1.668426674E-03
-1.668331097E-03
-1.668193261E-03
-1.668013050E-03
-1.667790464E-03
-1.667525270E-03
-1.667217468E-03
-1.666866825E-03
-1.666473225E-03
-1.666036551E-03
-1.665556454E-03
-1.665032934E-03
-1.664465526E-03
-1.663854229E-03
-1.663198462E-03
-1.662498107E-03
-1.661752816E-03
-1.660962123E-03
-1.660125796E-03
-1.659243368E-03
-1.658314490E-03
-1.657338464E-03
-1.656315057E-03
-1.655243686E-03
-1.654123771E-03
-1.652954612E-03
-1.651735744E-03
-1.650466467E-03
-1.649146085E-03
-1.647773897E-03
-1.646349090E-03
-1.644870732E-03
-1.643338124E-03
-1.641750219E-03
-1.640106086E-03
-1.638404676E-03
-1.636644825E-03
-1.634825487E-03
-1.632945263E-03
-1.631002873E-03
-1.628996804E-03
-1.626925776E-03
-1.624788041E-03
-1.622581854E-03
-1.620305353E-03
-1.617956674E-03
-1.615533605E-03
-1.613033819E-03
-1.610454987E-03
-1.607794431E-03
-1.605049125E-03
-1.602216158E-03
-1.599291805E-03
-1.596272574E-03
-1.593154389E-03
-1.589932479E-03
-1.586602069E-03
-1.583157573E-03
-1.579592586E-03
-1.575900242E-03
-1.572072390E-03
-1.568100182E-03
-1.563972794E-03
-1.559678116E-03
-1.555201598E-03
-1.550525543E-03
-1.545628649E-03
-1.540484256E-03
-1.535057672E-03
-1.529302797E-03
-1.523154206E-03
-1.516516088E-03
-1.509213122E-03
-1.500901533E-03
-1.668480807E-03
-1.668428653E-03
-1.668334240E-03
-1.668197569E-03
-1.668018522E-03
-1.667797100E-03
-1.667533186E-03
-1.667226781E-03
-1.666877535E-03
-1.666485448E-03
-1.666050404E-03
-1.665572054E-03
-1.665050280E-03
-1.664484851E-03
-1.663875533E-03
-1.663221978E-03
-1.662523951E-03
-1.661781105E-03
-1.660993206E-03
-1.660159789E-03
-1.659280388E-03
-1.658354769E-03
-1.657382352E-03
-1.656362670E-03
-1.655295375E-03
-1.654179650E-03
-1.653015148E-03
-1.651801285E-03
-1.650537248E-03
-1.649222453E-03
-1.647856203E-03
-1.646437799E-03
-1.644966193E-03
-1.643440803E-03
-1.641860581E-03
-1.640224713E-03
-1.638531918E-03
-1.636781381E-03
-1.634971821E-03
-1.633102074E-03
-1.631170860E-03
-1.629176666E-03
-1.627118327E-03
-1.624993980E-03
-1.622802112E-03
-1.620540861E-03
-1.618208480E-03
-1.615802757E-03
-1.613321481E-03
-1.610762323E-03
-1.608122839E-03
-1.605400117E-03
-1.602591132E-03
-1.599692740E-03
-1.596701331E-03
-1.593612949E-03
-1.590423286E-03
-1.587127568E-03
-1.583720674E-03
-1.580196433E-03
-1.576548442E-03
-1.572769252E-03
-1.568850246E-03
-1.564781531E-03
-1.560551929E-03
-1.556147938E-03
-1.551553840E-03
-1.546749962E-03
-1.541712787E-03
-1.536411932E-03
-1.530807582E-03
-1.524845255E-03
-1.518446486E-03
-1.511484035E-03
-1.503730891E-03
-1.494527212E-03
-1.668490819E-03
-1.668458572E-03
-1.668384182E-03
-1.668267534E-03
-1.668108511E-03
-1.667906996E-03
-1.667663106E-03
-1.667376724E-03
-1.667047502E-03
-1.666675438E-03
-1.666260301E-03
-1.665801974E-03
-1.665300224E-03
-1.664754702E-03
-1.664165407E-03
-1.663531875E-03
-1.662853872E-03
-1.662131050E-03
-1.661363174E-03
-1.660549780E-03
-1.659690402E-03
-1.658784808E-03
-1.657832414E-03
-1.656832756E-03
-1.655785367E-03
-1.654689782E-03
-1.653545303E-03
-1.652351464E-03
-1.651107450E-03
-1.649812795E-03
-1.648466568E-03
-1.647068071E-03
-1.645616605E-03
-1.644111355E-03
-1.642551157E-03
-1.640935312E-03
-1.639262657E-03
-1.637532143E-03
-1.635742723E-03
-1.633893000E-03
-1.631981926E-03
-1.630007871E-03
-1.627969556E-03
-1.625865349E-03
-1.623693621E-03
-1.621452509E-03
-1.619140152E-03
-1.616754569E-03
-1.614293433E-03
-1.611754531E-03
-1.609135186E-03
-1.606432605E-03
-1.603643876E-03
-1.600765623E-03
-1.597794355E-03
-1.594726113E-03
-1.591556706E-03
-1.588281244E-03
-1.584894489E-03
-1.581390505E-03
-1.577762770E-03
-1.574003836E-03
-1.570104971E-03
-1.566056628E-03
-1.561847283E-03
-1.557463664E-03
-1.552889706E-03
-1.548106316E-03
-1.543089398E-03
-1.537808799E-03
-1.532224822E-03
-1.526282867E-03
-1.519904472E-03
-1.512962277E-03
-1.505229622E-03
-1.496046316E-03
