-1.725571579E-03
-1.545537845E-03
-1.547075342E-03
-1.556522329E-03
-1.564852195E-03
-1.572173554E-03
-1.578830183E-03
-1.584997284E-03
-1.590770553E-03
-1.596215880E-03
-1.601378899E-03
-1.606294420E-03
-1.610989217E-03
-1.615484594E-03
-1.619798015E-03
-1.623944147E-03
-1.627935329E-03
-1.631782041E-03
-1.635493361E-03
-1.639077323E-03
-1.642540796E-03
-1.645890297E-03
-1.649131300E-03
-1.652268576E-03
-1.655307016E-03
-1.658250461E-03
-1.661102753E-03
-1.663867268E-03
-1.666547148E-03
-1.669145306E-03
-1.671664417E-03
-1.674106810E-03
-1.676474931E-03
-1.678770757E-03
-1.680996502E-03
-1.683153678E-03
-1.685244264E-03
-1.687269774E-03
-1.689231722E-03
-1.691131503E-03
-1.692970516E-03
-1.694749924E-03
-1.696471008E-03
-1.698134816E-03
-1.699742279E-03
-1.701294677E-03
-1.702792593E-03
-1.704237191E-03
-1.705629169E-03
-1.706969226E-03
-1.708258293E-03
-1.709496952E-03
-1.710685785E-03
-1.711825607E-03
-1.712916885E-03
-1.713960082E-03
-1.714955899E-03
-1.715904684E-03
-1.716807019E-03
-1.717663137E-03
-1.718473737E-03
-1.719238935E-03
-1.719959197E-03
-1.720634871E-03
-1.721266191E-03
-1.721853390E-03
-1.722396933E-03
-1.722896937E-03
-1.723353635E-03
-1.723767142E-03
-1.724137692E-03
-1.724465517E-03
-1.724750735E-03
-1.724993344E-03
-1.725193579E-03
-1.725351438E-03
-1.725467038E-03
-1.725540380E-03
-1.725560520E-03
-1.725507202E-03
-1.725411741E-03
-1.725273905E-03
-1.725093811E-03
-1.724871341E-03
-1.724606263E-03
-1.724298578E-03
-1.723948051E-03
-1.723554567E-03
-1.723118010E-03
-1.722638146E-03
-1.722114743E-03
-1.721547567E-03
-1.720936387E-03
-1.720280852E-03
-1.719580730E-03
-1.718835556E-03
-1.718045212E-03
-1.717209117E-03
-1.716326922E-03
-1.715398277E-03
-1.714422600E-03
-1.713399542E-03
-1.712328405E-03
-1.711208839E-03
-1.710040029E-03
-1.708821510E-03
-1.707552699E-03
-1.706232666E-03
-1.704860944E-03
-1.703436486E-03
-1.701958710E-03
-1.700426568E-03
-1.698839129E-03
-1.697195577E-03
-1.695494750E-03
-1.693735481E-03
-1.691916608E-03
-1.690037083E-03
-1.688095275E-03
-1.686090021E-03
-1.684019691E-03
-1.681882655E-03
-1.679677283E-03
-1.677401597E-03
-1.675053732E-03
-1.672631595E-03
-1.670132740E-03
-1.667554840E-03
-1.664895215E-03
-1.662151073E-03
-1.659319038E-03
-1.656395849E-03
-1.653377782E-03
-1.650260645E-03
-1.647040132E-03
-1.643710886E-03
-1.640267670E-03
-1.636704081E-03
-1.633013133E-03
-1.629186794E-03
-1.625215984E-03
-1.621090225E-03
-1.616797177E-03
-1.612322172E-03
-1.607647864E-03
-1.602752716E-03
-1.597610069E-03
-1.592185348E-03
-1.586432452E-03
-1.580285723E-03
-1.573649701E-03
-1.566348714E-03
-1.558039337E-03
-1.725561218E-03
-1.725508948E-03
-1.725414535E-03
-1.725277747E-03
-1.725098700E-03
-1.724877278E-03
-1.724613481E-03
-1.724306960E-03
-1.723957830E-03
-1.723565743E-03
-1.723130699E-03
-1.722652349E-03
-1.722130692E-03
-1.721565262E-03
-1.720956061E-03
-1.720302505E-03
-1.719604596E-03
-1.718861982E-03
-1.718074083E-03
-1.717240782E-03
-1.716361614E-03
-1.715436112E-03
-1.714463928E-03
-1.713444362E-03
-1.712377300E-03
-1.711261808E-03
-1.710097538E-03
-1.708883909E-03
-1.707620104E-03
-1.706305658E-03
-1.704939641E-03
-1.703521586E-03
-1.702050329E-03
-1.700525288E-03
-1.698945533E-03
-1.697310014E-03
-1.695617684E-03
-1.693867613E-03
-1.692058519E-03
-1.690189238E-03
-1.688258606E-03
-1.686264994E-03
-1.684207236E-03
-1.682083472E-03
-1.679892302E-03
-1.677631750E-03
-1.675300067E-03
-1.672895043E-03
-1.670414582E-03
-1.667856239E-03
-1.665217686E-03
-1.662495779E-03
-1.659687841E-03
-1.656790380E-03
-1.653799904E-03
-1.650712569E-03
-1.647524070E-03
-1.644229516E-03
-1.640823670E-03
-1.637300709E-03
-1.633653999E-03
-1.629876089E-03
-1.625958481E-03
-1.621891162E-03
-1.617663074E-03
-1.613260596E-03
-1.608668012E-03
-1.603865880E-03
-1.598830218E-03
-1.593531109E-03
-1.587928506E-03
-1.581968041E-03
-1.575571136E-03
-1.568610547E-03
-1.560859499E-03
-1.551657799E-03
-1.725571230E-03
-1.725539099E-03
-1.725464710E-03
-1.725348178E-03
-1.725189155E-03
-1.724987873E-03
-1.724744099E-03
-1.724457718E-03
-1.724128611E-03
-1.723756664E-03
-1.723341760E-03
-1.722883550E-03
-1.722381916E-03
-1.721836627E-03
-1.721247565E-03
-1.720614149E-03
-1.719936379E-03
-1.719213789E-03
-1.718446147E-03
-1.717632869E-03
-1.716773841E-03
-1.715868479E-03
-1.714916318E-03
-1.713917009E-03
-1.712869969E-03
-1.711774734E-03
-1.710630604E-03
-1.709437114E-03
-1.708193449E-03
-1.706899144E-03
-1.705553383E-03
-1.704155351E-03
-1.702704350E-03
-1.701199450E-03
-1.699639834E-03
-1.698024455E-03
-1.696352381E-03
-1.694622450E-03
-1.692833612E-03
-1.690984587E-03
-1.689074095E-03
-1.687100739E-03
-1.685063122E-03
-1.682959613E-03
-1.680788700E-03
-1.678548288E-03
-1.676236861E-03
-1.673852094E-03
-1.671391889E-03
-1.668853918E-03
-1.666235505E-03
-1.663533854E-03
-1.660746173E-03
-1.657869085E-03
-1.654898981E-03
-1.651831903E-03
-1.648663660E-03
-1.645389362E-03
-1.642003888E-03
-1.638501300E-03
-1.634874963E-03
-1.631117426E-03
-1.627220074E-03
-1.623173244E-03
-1.618965412E-03
-1.614583423E-03
-1.610011212E-03
-1.605229452E-03
-1.600214280E-03
-1.594935544E-03
-1.589353429E-03
-1.583413454E-03
-1.577037037E-03
-1.570096822E-03
-1.562366262E-03
-1.553185168E-03
