-1.588244108E-03
-1.408101409E-03
-1.409631572E-03
-1.419090666E-03
-1.427425421E-03
-1.434751321E-03
-1.441412256E-03
-1.447583665E-03
-1.453361125E-03
-1.458810410E-03
-1.463977271E-03
-1.468896517E-03
-1.473594806E-03
-1.478093676E-03
-1.482410356E-03
-1.486559748E-03
-1.490553957E-03
-1.494403696E-03
-1.498117810E-03
-1.501704450E-03
-1.505170600E-03
-1.508522662E-03
-1.511765993E-03
-1.514905598E-03
-1.517946250E-03
-1.520891790E-03
-1.523746061E-03
-1.526512438E-03
-1.529194182E-03
-1.531794085E-03
-1.534314710E-03
-1.536758733E-03
-1.539128367E-03
-1.541425590E-03
-1.543652616E-03
-1.545811072E-03
-1.547902822E-03
-1.549929380E-03
-1.551892376E-03
-1.553793205E-03
-1.555633149E-03
-1.557413372E-03
-1.559135271E-03
-1.560799778E-03
-1.562408055E-03
-1.563961036E-03
-1.565459650E-03
-1.566904830E-03
-1.568297273E-03
-1.569637912E-03
-1.570927328E-03
-1.572166453E-03
-1.573355752E-03
-1.574495807E-03
-1.575587317E-03
-1.576630864E-03
-1.577626914E-03
-1.578576048E-03
-1.579478499E-03
-1.580334851E-03
-1.581145567E-03
-1.581910998E-03
-1.582631376E-03
-1.583307167E-03
-1.583938487E-03
-1.584525919E-03
-1.585069462E-03
-1.585569582E-03
-1.586026279E-03
-1.586439786E-03
-1.586810453E-03
-1.587138278E-03
-1.587423380E-03
-1.587666105E-03
-1.587866223E-03
-1.588024083E-03
-1.588139683E-03
-1.588213025E-03
-1.588232932E-03
-1.588179613E-03
-1.588084153E-03
-1.587946317E-03
-1.587766106E-03
-1.587543404E-03
-1.587278326E-03
-1.586970408E-03
-1.586619881E-03
-1.586226281E-03
-1.585789607E-03
-1.585309510E-03
-1.584785990E-03
-1.584218582E-03
-1.583607169E-03
-1.582951518E-03
-1.582251047E-03
-1.581505756E-03
-1.580715063E-03
-1.579878735E-03
-1.578996191E-03
-1.578067197E-03
-1.577091170E-03
-1.576067763E-03
-1.574996160E-03
-1.573876129E-03
-1.572706853E-03
-1.571487868E-03
-1.570218476E-03
-1.568897977E-03
-1.567525556E-03
-1.566100400E-03
-1.564621925E-03
-1.563088968E-03
-1.561500831E-03
-1.559856348E-03
-1.558154589E-03
-1.556394389E-03
-1.554574585E-03
-1.552693895E-03
-1.550751040E-03
-1.548744505E-03
-1.546672895E-03
-1.544534578E-03
-1.542327693E-03
-1.540050609E-03
-1.537701115E-03
-1.535277232E-03
-1.532776747E-03
-1.530196983E-03
-1.527535496E-03
-1.524789259E-03
-1.521955128E-03
-1.519029844E-03
-1.516009448E-03
-1.512889983E-03
-1.509666909E-03
-1.506335102E-03
-1.502889208E-03
-1.499322709E-03
-1.495628851E-03
-1.491799485E-03
-1.487825532E-03
-1.483696396E-03
-1.479399973E-03
-1.474921475E-03
-1.470243442E-03
-1.465344569E-03
-1.460197964E-03
-1.454769052E-03
-1.449011965E-03
-1.442860928E-03
-1.436220366E-03
-1.428914722E-03
-1.420600573E-03
-1.588233863E-03
-1.588181593E-03
-1.588087180E-03
-1.587950508E-03
-1.587771461E-03
-1.587550039E-03
-1.587286126E-03
-1.586979721E-03
-1.586630475E-03
-1.586238388E-03
-1.585803227E-03
-1.585324993E-03
-1.584803103E-03
-1.584237674E-03
-1.583628356E-03
-1.582974801E-03
-1.582276775E-03
-1.581533928E-03
-1.580745913E-03
-1.579912496E-03
-1.579033094E-03
-1.578107360E-03
-1.577134826E-03
-1.576115144E-03
-1.575047616E-03
-1.573931891E-03
-1.572767273E-03
-1.571553177E-03
-1.570289023E-03
-1.568973996E-03
-1.567607629E-03
-1.566188876E-03
-1.564717153E-03
-1.563191414E-03
-1.561610959E-03
-1.559974626E-03
-1.558281598E-03
-1.556530595E-03
-1.554720686E-03
-1.552850474E-03
-1.550918794E-03
-1.548924134E-03
-1.546865213E-03
-1.544740284E-03
-1.542547718E-03
-1.540285884E-03
-1.537952689E-03
-1.535546267E-03
-1.533064176E-03
-1.530504203E-03
-1.527863787E-03
-1.525140018E-03
-1.522330102E-03
-1.519430545E-03
-1.516438089E-03
-1.513348427E-03
-1.510157483E-03
-1.506860601E-03
-1.503452193E-03
-1.499926555E-03
-1.496277051E-03
-1.492496347E-03
-1.488575595E-03
-1.484505250E-03
-1.480273786E-03
-1.475868048E-03
-1.471271855E-03
-1.466465998E-03
-1.461426727E-03
-1.456123544E-03
-1.450516982E-03
-1.444552327E-03
-1.438151114E-03
-1.431185985E-03
-1.423430280E-03
-1.414224040E-03
-1.588243758E-03
-1.588211628E-03
-1.588137122E-03
-1.588020474E-03
-1.587861450E-03
-1.587660052E-03
-1.587416162E-03
-1.587129664E-03
-1.586800558E-03
-1.586428378E-03
-1.586013357E-03
-1.585555030E-03
-1.585053164E-03
-1.584507758E-03
-1.583918463E-03
-1.583284931E-03
-1.582606928E-03
-1.581884106E-03
-1.581116114E-03
-1.580302604E-03
-1.579443226E-03
-1.578537631E-03
-1.577585121E-03
-1.576585462E-03
-1.575537957E-03
-1.574442256E-03
-1.573297661E-03
-1.572103705E-03
-1.570859575E-03
-1.569564687E-03
-1.568218227E-03
-1.566819614E-03
-1.565367915E-03
-1.563862315E-03
-1.562301884E-03
-1.560685690E-03
-1.559012686E-03
-1.557281823E-03
-1.555491937E-03
-1.553641865E-03
-1.551730325E-03
-1.549755805E-03
-1.547716907E-03
-1.545612118E-03
-1.543439808E-03
-1.541197998E-03
-1.538885059E-03
-1.536498661E-03
-1.534036710E-03
-1.531496993E-03
-1.528876717E-03
-1.526173204E-03
-1.523383427E-03
-1.520504127E-03
-1.517531811E-03
-1.514462405E-03
-1.511291717E-03
-1.508014975E-03
-1.504626824E-03
-1.501121442E-03
-1.497492194E-03
-1.493731630E-03
-1.489831135E-03
-1.485781162E-03
-1.481569954E-03
-1.477184473E-03
-1.472608536E-03
-1.467823167E-03
-1.462804154E-03
-1.457521343E-03
-1.451935037E-03
-1.445990754E-03
-1.439609914E-03
-1.432665158E-03
-1.424929942E-03
-1.415744075E-03
