-1.644635689E-03
-1.464526984E-03
-1.466063433E-03
-1.475514495E-03
-1.483847271E-03
-1.491171541E-03
-1.497830846E-03
-1.504000509E-03
-1.509776455E-03
-1.515224227E-03
-1.520389691E-03
-1.525307656E-03
-1.530004549E-03
-1.534502138E-03
-1.538817771E-03
-1.542965998E-03
-1.546959160E-03
-1.550807734E-03
-1.554520917E-03
-1.558106625E-03
-1.561571960E-03
-1.564923092E-03
-1.568165608E-03
-1.571304514E-03
-1.574344351E-03
-1.577289193E-03
-1.580142882E-03
-1.582908677E-03
-1.585589955E-03
-1.588189276E-03
-1.590709435E-03
-1.593152992E-03
-1.595522161E-03
-1.597819035E-03
-1.600045711E-03
-1.602203818E-03
-1.604295219E-03
-1.606321544E-03
-1.608284307E-03
-1.610184903E-03
-1.612024615E-03
-1.613804721E-03
-1.615526504E-03
-1.617190894E-03
-1.618799055E-03
-1.620351919E-03
-1.621850417E-03
-1.623295480E-03
-1.624687924E-03
-1.626028446E-03
-1.627317863E-03
-1.628556987E-03
-1.629746170E-03
-1.630886341E-03
-1.631977852E-03
-1.633021398E-03
-1.634017564E-03
-1.634966582E-03
-1.635869150E-03
-1.636725501E-03
-1.637536334E-03
-1.638301648E-03
-1.639022143E-03
-1.639697934E-03
-1.640329487E-03
-1.640916918E-03
-1.641460462E-03
-1.641960582E-03
-1.642417395E-03
-1.642831019E-03
-1.643201686E-03
-1.643529511E-03
-1.643814729E-03
-1.644057455E-03
-1.644257689E-03
-1.644415548E-03
-1.644531265E-03
-1.644604607E-03
-1.644624630E-03
-1.644571428E-03
-1.644475851E-03
-1.644338015E-03
-1.644157921E-03
-1.643935335E-03
-1.643670141E-03
-1.643362339E-03
-1.643011812E-03
-1.642618212E-03
-1.642181538E-03
-1.641701558E-03
-1.641178038E-03
-1.640610630E-03
-1.639999333E-03
-1.639343565E-03
-1.638643211E-03
-1.637897920E-03
-1.637107343E-03
-1.636271016E-03
-1.635388588E-03
-1.634459593E-03
-1.633483684E-03
-1.632460160E-03
-1.631388790E-03
-1.630268758E-03
-1.629099599E-03
-1.627880731E-03
-1.626611454E-03
-1.625291072E-03
-1.623918768E-03
-1.622493844E-03
-1.621015486E-03
-1.619482762E-03
-1.617894741E-03
-1.616250491E-03
-1.614548964E-03
-1.612788998E-03
-1.610969543E-03
-1.609089086E-03
-1.607146580E-03
-1.605140395E-03
-1.603069133E-03
-1.600931282E-03
-1.598724863E-03
-1.596448128E-03
-1.594099216E-03
-1.591675915E-03
-1.589176012E-03
-1.586596831E-03
-1.583935926E-03
-1.581190387E-03
-1.578356954E-03
-1.575432369E-03
-1.572412788E-03
-1.569294254E-03
-1.566071995E-03
-1.562741119E-03
-1.559296157E-03
-1.555730705E-03
-1.552037895E-03
-1.548209693E-03
-1.544236904E-03
-1.540109050E-03
-1.535813790E-03
-1.531336689E-03
-1.526660053E-03
-1.521762577E-03
-1.516617485E-03
-1.511190203E-03
-1.505434630E-03
-1.499285339E-03
-1.492646523E-03
-1.485342742E-03
-1.477030455E-03
-1.644625445E-03
-1.644573174E-03
-1.644478645E-03
-1.644341974E-03
-1.644162927E-03
-1.643941388E-03
-1.643677475E-03
-1.643370953E-03
-1.643021707E-03
-1.642629504E-03
-1.642194344E-03
-1.641715993E-03
-1.641194103E-03
-1.640628674E-03
-1.640019240E-03
-1.639365568E-03
-1.638667542E-03
-1.637924695E-03
-1.637136564E-03
-1.636303030E-03
-1.635423629E-03
-1.634497894E-03
-1.633525360E-03
-1.632505562E-03
-1.631438150E-03
-1.630322309E-03
-1.629157690E-03
-1.627943711E-03
-1.626679557E-03
-1.625364646E-03
-1.623998163E-03
-1.622579526E-03
-1.621107920E-03
-1.619582297E-03
-1.618001959E-03
-1.616365742E-03
-1.614672830E-03
-1.612922060E-03
-1.611112268E-03
-1.609242288E-03
-1.607310842E-03
-1.605316414E-03
-1.603257726E-03
-1.601133146E-03
-1.598941046E-03
-1.596679445E-03
-1.594346715E-03
-1.591940643E-03
-1.589459134E-03
-1.586899627E-03
-1.584259677E-03
-1.581536606E-03
-1.578727271E-03
-1.575828413E-03
-1.572836540E-03
-1.569747692E-03
-1.566557563E-03
-1.563261379E-03
-1.559853903E-03
-1.556329196E-03
-1.552680624E-03
-1.548900851E-03
-1.544981264E-03
-1.540911966E-03
-1.536681666E-03
-1.532277209E-03
-1.527682296E-03
-1.522877836E-03
-1.517839846E-03
-1.512538176E-03
-1.506933128E-03
-1.500969985E-03
-1.494570519E-03
-1.487607136E-03
-1.479853061E-03
-1.470648684E-03
-1.644635457E-03
-1.644603326E-03
-1.644528937E-03
-1.644412288E-03
-1.644253265E-03
-1.644051867E-03
-1.643808093E-03
-1.643521595E-03
-1.643192372E-03
-1.642820425E-03
-1.642405288E-03
-1.641946961E-03
-1.641445211E-03
-1.640899805E-03
-1.640310511E-03
-1.639676979E-03
-1.638998976E-03
-1.638276270E-03
-1.637508278E-03
-1.636694884E-03
-1.635835506E-03
-1.634929911E-03
-1.633977517E-03
-1.632977859E-03
-1.631930470E-03
-1.630834886E-03
-1.629690407E-03
-1.628496451E-03
-1.627252437E-03
-1.625957666E-03
-1.624611439E-03
-1.623212942E-03
-1.621761359E-03
-1.620255993E-03
-1.618695678E-03
-1.617079717E-03
-1.615406945E-03
-1.613676432E-03
-1.611886779E-03
-1.610036939E-03
-1.608125749E-03
-1.606151578E-03
-1.604113029E-03
-1.602008706E-03
-1.599836745E-03
-1.597595401E-03
-1.595282927E-03
-1.592896995E-03
-1.590435742E-03
-1.587896491E-03
-1.585276797E-03
-1.582573983E-03
-1.579784905E-03
-1.576906303E-03
-1.573934685E-03
-1.570866210E-03
-1.567696338E-03
-1.564420527E-03
-1.561033307E-03
-1.557528973E-03
-1.553900773E-03
-1.550141256E-03
-1.546241925E-03
-1.542193117E-03
-1.537983189E-03
-1.533598988E-03
-1.529024448E-03
-1.524240477E-03
-1.519222860E-03
-1.513941679E-03
-1.508357003E-03
-1.502414350E-03
-1.496035256E-03
-1.489092247E-03
-1.481358893E-03
-1.472175005E-03
