-1.784641063E-03
-1.576241455E-03
-1.574455411E-03
-1.784628141E-03
-1.784565975E-03
-1.784454565E-03
-1.784293796E-03
-1.784083666E-03
-1.783824060E-03
-1.783514745E-03
-1.783155720E-03
-1.782746869E-03
-1.782287844E-03
-1.781778526E-03
-1.781218685E-03
-1.780608087E-03
-1.779946382E-03
-1.779233222E-03
-1.778468373E-03
-1.777651603E-03
-1.776782214E-03
-1.775860088E-03
-1.774884528E-03
-1.773855300E-03
-1.772771706E-03
-1.771633280E-03
-1.770439441E-03
-1.769189606E-03
-1.767883194E-03
-1.766519272E-03
-1.765097491E-03
-1.763616689E-03
-1.762076281E-03
-1.760475454E-03
-1.758813160E-03
-1.757088350E-03
-1.755300211E-03
-1.753447577E-03
-1.751529169E-03
-1.749543939E-03
-1.747490605E-03
-1.745367539E-03
-1.743173576E-03
-1.740906970E-03
-1.738566090E-03
-1.736149308E-03
-1.733654528E-03
-1.731079887E-03
-1.728423173E-03
-1.725682174E-03
-1.722854213E-03
-1.719936728E-03
-1.716926927E-03
-1.713821548E-03
-1.710617333E-03
-1.707310556E-03
-1.703897258E-03
-1.700373017E-03
-1.696733176E-03
-1.692972379E-03
-1.689084689E-03
-1.685063820E-03
-1.680902205E-03
-1.676591928E-03
-1.672123442E-03
-1.667486271E-03
-1.662668074E-03
-1.657654415E-03
-1.652428415E-03
-1.646969584E-03
-1.641252893E-03
-1.635247143E-03
-1.628912054E-03
-1.622193959E-03
-1.615016139E-03
-1.607267186E-03
-1.598742208E-03
-1.589040505E-03
-1.587278210E-03
-1.597003895E-03
-1.605552505E-03
-1.613325323E-03
-1.620526891E-03
-1.627268735E-03
-1.633627689E-03
-1.639657072E-03
-1.645397511E-03
-1.650879974E-03
-1.656129840E-03
-1.661167131E-03
-1.666008960E-03
-1.670669764E-03
-1.675161882E-03
-1.679495908E-03
-1.683681039E-03
-1.687725540E-03
-1.691636862E-03
-1.695421292E-03
-1.699084649E-03
-1.702632522E-03
-1.706069335E-03
-1.709399745E-03
-1.712627476E-03
-1.715756371E-03
-1.718789805E-03
-1.721730805E-03
-1.724582165E-03
-1.727346797E-03
-1.730027026E-03
-1.732625184E-03
-1.735143363E-03
-1.737583778E-03
-1.739948057E-03
-1.742238062E-03
-1.744455658E-03
-1.746602007E-03
-1.748678973E-03
-1.750687603E-03
-1.752629410E-03
-1.754505443E-03
-1.756317099E-03
-1.758065191E-03
-1.759751001E-03
-1.761375228E-03
-1.762939035E-03
-1.764443237E-03
-1.765888534E-03
-1.767275739E-03
-1.768605551E-03
-1.769878785E-03
-1.771096024E-03
-1.772257849E-03
-1.773364726E-03
-1.774417469E-03
-1.775416313E-03
-1.776361838E-03
-1.777254511E-03
-1.778094796E-03
-1.778882928E-03
-1.779619372E-03
-1.780304476E-03
-1.780938474E-03
-1.781521714E-03
-1.782054314E-03
-1.782536739E-03
-1.782968990E-03
-1.783351297E-03
-1.783683896E-03
-1.783966902E-03
-1.784200431E-03
-1.784384483E-03
-1.784519292E-03
-1.784604858E-03
-1.784640830E-03
-1.784603228E-03
-1.784516498E-03
-1.784380409E-03
-1.784194959E-03
-1.783960033E-03
-1.783675631E-03
-1.783341519E-03
-1.782957581E-03
-1.782523585E-03
-1.782039530E-03
-1.781504950E-03
-1.780919731E-03
-1.780283637E-03
-1.779596205E-03
-1.778857317E-03
-1.778066508E-03
-1.777223428E-03
-1.776327728E-03
-1.775378943E-03
-1.774376608E-03
-1.773320255E-03
-1.772209303E-03
-1.771043288E-03
-1.769821625E-03
-1.768543501E-03
-1.767208450E-03
-1.765815658E-03
-1.764364424E-03
-1.762854052E-03
-1.761283493E-03
-1.759652048E-03
-1.757958555E-03
-1.756202313E-03
-1.754382043E-03
-1.752496697E-03
-1.750544994E-03
-1.748525887E-03
-1.746437862E-03
-1.744279522E-03
-1.742049470E-03
-1.739745960E-03
-1.737367362E-03
-1.734911813E-03
-1.732377335E-03
-1.729761949E-03
-1.727063325E-03
-1.724279136E-03
-1.721406821E-03
-1.718443586E-03
-1.715386403E-03
-1.712232013E-03
-1.708976924E-03
-1.705617411E-03
-1.702149282E-03
-1.698567881E-03
-1.694868202E-03
-1.691044774E-03
-1.687091310E-03
-1.683001057E-03
-1.678766217E-03
-1.674378058E-03
-1.669826685E-03
-1.665100688E-03
-1.660186681E-03
-1.655069180E-03
-1.649729442E-03
-1.644145232E-03
-1.638288377E-03
-1.632123836E-03
-1.625605044E-03
-1.618668553E-03
-1.611222513E-03
-1.603118610E-03
-1.594092348E-03
-1.583373640E-03
-1.784629072E-03
-1.784568187E-03
-1.784458058E-03
-1.784298685E-03
-1.784089836E-03
-1.783831627E-03
-1.783523825E-03
-1.783166430E-03
-1.782759093E-03
-1.782301813E-03
-1.781794359E-03
-1.781236380E-03
-1.780627877E-03
-1.779968385E-03
-1.779257669E-03
-1.778495382E-03
-1.777681173E-03
-1.776814810E-03
-1.775895711E-03
-1.774923527E-03
-1.773897908E-03
-1.772818156E-03
-1.771683805E-03
-1.770494389E-03
-1.769249211E-03
-1.767947804E-03
-1.766589354E-03
-1.765173161E-03
-1.763698529E-03
-1.762164640E-03
-1.760570682E-03
-1.758915838E-03
-1.757199061E-03
-1.755419304E-03
-1.753575518E-03
-1.751666772E-03
-1.749691670E-03
-1.747649047E-03
-1.745537622E-03
-1.743355882E-03
-1.741102315E-03
-1.738775289E-03
-1.736373175E-03
-1.733894227E-03
-1.731336233E-03
-1.728697331E-03
-1.725975191E-03
-1.723167486E-03
-1.720271655E-03
-1.717284787E-03
-1.714204089E-03
-1.711026183E-03
-1.707747579E-03
-1.704364433E-03
-1.700872788E-03
-1.697267755E-03
-1.693544560E-03
-1.689697499E-03
-1.685720403E-03
-1.681606518E-03
-1.677348046E-03
-1.672936254E-03
-1.668361248E-03
-1.663611503E-03
-1.658673864E-03
-1.653532614E-03
-1.648169360E-03
-1.642561285E-03
-1.636680798E-03
-1.630492392E-03
-1.623949851E-03
-1.616989612E-03
-1.609519823E-03
-1.601392170E-03
-1.592342043E-03
-1.581599470E-03
