-1.777489786E-03
-1.567304018E-03
-1.569091110E-03
-1.580126933E-03
-1.589852734E-03
-1.598401577E-03
-1.606174512E-03
-1.613376196E-03
-1.620118273E-03
-1.626477228E-03
-1.632506726E-03
-1.638247282E-03
-1.643729862E-03
-1.648979727E-03
-1.654017135E-03
-1.658859081E-03
-1.663519884E-03
-1.668012119E-03
-1.672346145E-03
-1.676531276E-03
-1.680575893E-03
-1.684487215E-03
-1.688271645E-03
-1.691935002E-03
-1.695482875E-03
-1.698919688E-03
-1.702250098E-03
-1.705477829E-03
-1.708606724E-03
-1.711640158E-03
-1.714581042E-03
-1.717432518E-03
-1.720197150E-03
-1.722877263E-03
-1.725475420E-03
-1.727993600E-03
-1.730433898E-03
-1.732798177E-03
-1.735088183E-03
-1.737305545E-03
-1.739452011E-03
-1.741528860E-03
-1.743537490E-03
-1.745479181E-03
-1.747355214E-03
-1.749166753E-03
-1.750914846E-03
-1.752600539E-03
-1.754224882E-03
-1.755788573E-03
-1.757292659E-03
-1.758737955E-03
-1.760125044E-03
-1.761454856E-03
-1.762728090E-03
-1.763945213E-03
-1.765106921E-03
-1.766213914E-03
-1.767266542E-03
-1.768265385E-03
-1.769210910E-03
-1.770103467E-03
-1.770943752E-03
-1.771731884E-03
-1.772468328E-03
-1.773153315E-03
-1.773787313E-03
-1.774370437E-03
-1.774903154E-03
-1.775385463E-03
-1.775817713E-03
-1.776200021E-03
-1.776532619E-03
-1.776815625E-03
-1.777049038E-03
-1.777233207E-03
-1.777368016E-03
-1.777453464E-03
-1.777476864E-03
-1.777414698E-03
-1.777303289E-03
-1.777142519E-03
-1.776932389E-03
-1.776672783E-03
-1.776363584E-03
-1.776004559E-03
-1.775595709E-03
-1.775136683E-03
-1.774627483E-03
-1.774067641E-03
-1.773457043E-03
-1.772795338E-03
-1.772082294E-03
-1.771317562E-03
-1.770500792E-03
-1.769631519E-03
-1.768709393E-03
-1.767733949E-03
-1.766704721E-03
-1.765621128E-03
-1.764482819E-03
-1.763289096E-03
-1.762039261E-03
-1.760732848E-03
-1.759369159E-03
-1.757947262E-03
-1.756466692E-03
-1.754926285E-03
-1.753325458E-03
-1.751663280E-03
-1.749938587E-03
-1.748150447E-03
-1.746297930E-03
-1.744379639E-03
-1.742394408E-03
-1.740341075E-03
-1.738218125E-03
-1.736024162E-03
-1.733757672E-03
-1.731416909E-03
-1.729000127E-03
-1.726505463E-03
-1.723930822E-03
-1.721274108E-03
-1.718533109E-03
-1.715705264E-03
-1.712787780E-03
-1.709777978E-03
-1.706672600E-03
-1.703468384E-03
-1.700161723E-03
-1.696748426E-03
-1.693224185E-03
-1.689584344E-03
-1.685823547E-03
-1.681935857E-03
-1.677914872E-03
-1.673753373E-03
-1.669442980E-03
-1.664974494E-03
-1.660337322E-03
-1.655519009E-03
-1.650505350E-03
-1.645279233E-03
-1.639820286E-03
-1.634103595E-03
-1.628097729E-03
-1.621762523E-03
-1.615044312E-03
-1.607866376E-03
-1.600117306E-03
-1.591592212E-03
-1.581890276E-03
-1.777477795E-03
-1.777416910E-03
-1.777306781E-03
-1.777147292E-03
-1.776938559E-03
-1.776680350E-03
-1.776372548E-03
-1.776015037E-03
-1.775607816E-03
-1.775150537E-03
-1.774643082E-03
-1.774085220E-03
-1.773476717E-03
-1.772817224E-03
-1.772106509E-03
-1.771344221E-03
-1.770530129E-03
-1.769663766E-03
-1.768744783E-03
-1.767772599E-03
-1.766746980E-03
-1.765667228E-03
-1.764532994E-03
-1.763343578E-03
-1.762098516E-03
-1.760797109E-03
-1.759438659E-03
-1.758022583E-03
-1.756548067E-03
-1.755014178E-03
-1.753420336E-03
-1.751765492E-03
-1.750048716E-03
-1.748268958E-03
-1.746425289E-03
-1.744516543E-03
-1.742541557E-03
-1.740499050E-03
-1.738387509E-03
-1.736205886E-03
-1.733952318E-03
-1.731625409E-03
-1.729223295E-03
-1.726744347E-03
-1.724186470E-03
-1.721547567E-03
-1.718825544E-03
-1.716017839E-03
-1.713122008E-03
-1.710135140E-03
-1.707054442E-03
-1.703876536E-03
-1.700597932E-03
-1.697214786E-03
-1.693723141E-03
-1.690118108E-03
-1.686394797E-03
-1.682547736E-03
-1.678570756E-03
-1.674456755E-03
-1.670198166E-03
-1.665786374E-03
-1.661211369E-03
-1.656461507E-03
-1.651523751E-03
-1.646382501E-03
-1.641019131E-03
-1.635411056E-03
-1.629530336E-03
-1.623341930E-03
-1.616799273E-03
-1.609838801E-03
-1.602369011E-03
-1.594241126E-03
-1.585190766E-03
-1.574448193E-03
-1.777489437E-03
-1.777451951E-03
-1.777365105E-03
-1.777229132E-03
-1.777043683E-03
-1.776808756E-03
-1.776524354E-03
-1.776190358E-03
-1.775806420E-03
-1.775372541E-03
-1.774888369E-03
-1.774353907E-03
-1.773768687E-03
-1.773132593E-03
-1.772445277E-03
-1.771706506E-03
-1.770915696E-03
-1.770072733E-03
-1.769177034E-03
-1.768228365E-03
-1.767226029E-03
-1.766169793E-03
-1.765058842E-03
-1.763892942E-03
-1.762671163E-03
-1.761393272E-03
-1.760058221E-03
-1.758665545E-03
-1.757214428E-03
-1.755704056E-03
-1.754133496E-03
-1.752502169E-03
-1.750808791E-03
-1.749052550E-03
-1.747232280E-03
-1.745347050E-03
-1.743395464E-03
-1.741376356E-03
-1.739288447E-03
-1.737130107E-03
-1.734900172E-03
-1.732596662E-03
-1.730218180E-03
-1.727762632E-03
-1.725228271E-03
-1.722612884E-03
-1.719914377E-03
-1.717130188E-03
-1.714257873E-03
-1.711294637E-03
-1.708237454E-03
-1.705083065E-03
-1.701828092E-03
-1.698468579E-03
-1.695000450E-03
-1.691419049E-03
-1.687719370E-03
-1.683895942E-03
-1.679942477E-03
-1.675852225E-03
-1.671617269E-03
-1.667229226E-03
-1.662677736E-03
-1.657951623E-03
-1.653037616E-03
-1.647919999E-03
-1.642580261E-03
-1.636995934E-03
-1.631139079E-03
-1.624974306E-03
-1.618455397E-03
-1.611518790E-03
-1.604072750E-03
-1.595968613E-03
-1.586942235E-03
-1.576223527E-03
