-2.013166668E-03
-1.803127467E-03
-1.804921194E-03
-1.815942698E-03
-1.825660933E-03
-1.834202558E-03
-1.841968508E-03
-1.849163440E-03
-1.855898998E-03
-1.862251898E-03
-1.868275460E-03
-1.874010195E-03
-1.879487420E-03
-1.884732046E-03
-1.889764331E-03
-1.894601621E-03
-1.899257884E-03
-1.903745695E-03
-1.908075530E-03
-1.912256819E-03
-1.916297595E-03
-1.920205425E-03
-1.923986478E-03
-1.927646692E-03
-1.931191538E-03
-1.934625558E-03
-1.937953290E-03
-1.941178460E-03
-1.944305026E-03
-1.947336248E-03
-1.950275153E-03
-1.953124651E-03
-1.955887536E-03
-1.958566019E-03
-1.961162547E-03
-1.963679213E-03
-1.966118347E-03
-1.968481345E-03
-1.970770303E-03
-1.972986851E-03
-1.975132152E-03
-1.977208303E-03
-1.979216235E-03
-1.981157344E-03
-1.983032795E-03
-1.984843751E-03
-1.986591378E-03
-1.988276839E-03
-1.989900600E-03
-1.991464058E-03
-1.992967911E-03
-1.994413091E-03
-1.995800063E-03
-1.997129759E-03
-1.998402877E-03
-1.999620115E-03
-2.000781940E-03
-2.001888817E-03
-2.002941445E-03
-2.003940288E-03
-2.004886046E-03
-2.005778719E-03
-2.006619005E-03
-2.007407369E-03
-2.008143812E-03
-2.008829033E-03
-2.009463031E-03
-2.010046504E-03
-2.010579221E-03
-2.011061646E-03
-2.011494013E-03
-2.011876553E-03
-2.012209268E-03
-2.012492158E-03
-2.012725919E-03
-2.012910089E-03
-2.013044897E-03
-2.013130346E-03
-2.013153862E-03
-2.013091696E-03
-2.012980403E-03
-2.012819517E-03
-2.012609504E-03
-2.012349898E-03
-2.012040699E-03
-2.011681674E-03
-2.011272823E-03
-2.010813681E-03
-2.010304481E-03
-2.009744523E-03
-2.009133808E-03
-2.008472104E-03
-2.007759176E-03
-2.006994328E-03
-2.006177558E-03
-2.005308168E-03
-2.004386159E-03
-2.003410598E-03
-2.002381487E-03
-2.001298126E-03
-2.000159817E-03
-1.998966094E-03
-1.997716492E-03
-1.996410312E-03
-1.995046623E-03
-1.993625192E-03
-1.992144855E-03
-1.990604913E-03
-1.989004435E-03
-1.987342723E-03
-1.985618379E-03
-1.983830938E-03
-1.981979003E-03
-1.980061410E-03
-1.978077227E-03
-1.976024592E-03
-1.973902807E-03
-1.971710008E-03
-1.969444565E-03
-1.967105083E-03
-1.964689698E-03
-1.962196548E-03
-1.959623536E-03
-1.956968568E-03
-1.954229316E-03
-1.951403567E-03
-1.948488294E-03
-1.945480704E-03
-1.942377770E-03
-1.939176233E-03
-1.935872249E-03
-1.932461862E-03
-1.928940765E-03
-1.925304183E-03
-1.921546762E-03
-1.917662797E-03
-1.913645654E-03
-1.909488114E-03
-1.905181911E-03
-1.900717965E-03
-1.896085334E-03
-1.891271910E-03
-1.886263373E-03
-1.881042495E-03
-1.875589136E-03
-1.869878266E-03
-1.863878453E-03
-1.857549534E-03
-1.850837842E-03
-1.843666658E-03
-1.835924690E-03
-1.827406813E-03
-1.817712560E-03
-2.013154794E-03
-2.013093792E-03
-2.012983663E-03
-2.012824174E-03
-2.012615092E-03
-2.012356883E-03
-2.012049081E-03
-2.011691453E-03
-2.011283999E-03
-2.010826720E-03
-2.010319149E-03
-2.009761054E-03
-2.009152435E-03
-2.008492826E-03
-2.007781994E-03
-2.007019706E-03
-2.006205497E-03
-2.005338902E-03
-2.004419919E-03
-2.003447618E-03
-2.002421999E-03
-2.001342131E-03
-2.000207780E-03
-1.999018481E-03
-1.997773536E-03
-1.996472012E-03
-1.995113911E-03
-1.993697835E-03
-1.992223551E-03
-1.990689896E-03
-1.989096403E-03
-1.987441909E-03
-1.985725481E-03
-1.983946189E-03
-1.982103102E-03
-1.980195055E-03
-1.978220651E-03
-1.976178726E-03
-1.974068349E-03
-1.971887425E-03
-1.969635021E-03
-1.967309276E-03
-1.964908326E-03
-1.962430775E-03
-1.959874295E-03
-1.957237022E-03
-1.954516629E-03
-1.951710903E-03
-1.948817051E-03
-1.945832279E-03
-1.942753908E-03
-1.939578447E-03
-1.936302404E-03
-1.932922052E-03
-1.929433201E-03
-1.925831428E-03
-1.922111376E-03
-1.918267692E-03
-1.914294320E-03
-1.910184161E-03
-1.905929646E-03
-1.901522162E-03
-1.896951580E-03
-1.892206375E-03
-1.887273509E-03
-1.882137381E-03
-1.876779366E-03
-1.871176763E-03
-1.865301980E-03
-1.859119628E-03
-1.852583257E-03
-1.845629420E-03
-1.838166383E-03
-1.830045716E-03
-1.821002690E-03
-1.810267451E-03
-2.013166435E-03
-2.013128949E-03
-2.013042103E-03
-2.012906130E-03
-2.012720797E-03
-2.012485871E-03
-2.012201352E-03
-2.011867240E-03
-2.011483302E-03
-2.011049539E-03
-2.010565251E-03
-2.010030905E-03
-2.009445569E-03
-2.008809475E-03
-2.008122159E-03
-2.007383155E-03
-2.006592462E-03
-2.005749382E-03
-2.004853683E-03
-2.003905131E-03
-2.002902795E-03
-2.001846675E-03
-2.000735840E-03
-1.999569824E-03
-1.998348394E-03
-1.997070620E-03
-1.995735802E-03
-1.994343242E-03
-1.992892474E-03
-1.991382334E-03
-1.989812125E-03
-1.988181146E-03
-1.986488467E-03
-1.984732691E-03
-1.982913120E-03
-1.981028588E-03
-1.979077701E-03
-1.977059525E-03
-1.974972431E-03
-1.972815255E-03
-1.970586367E-03
-1.968284138E-03
-1.965906937E-03
-1.963452902E-03
-1.960920170E-03
-1.958306413E-03
-1.955609769E-03
-1.952827442E-03
-1.949957223E-03
-1.946996199E-03
-1.943941345E-03
-1.940789516E-03
-1.937537221E-03
-1.934180502E-03
-1.930715400E-03
-1.927137142E-03
-1.923440839E-03
-1.919621020E-03
-1.915671281E-03
-1.911584870E-03
-1.907354104E-03
-1.902970369E-03
-1.898423419E-03
-1.893702080E-03
-1.888792962E-03
-1.883680699E-03
-1.878346317E-03
-1.872767694E-03
-1.866916660E-03
-1.860758173E-03
-1.854245667E-03
-1.847315696E-03
-1.839876524E-03
-1.831779606E-03
-1.822760678E-03
-1.812049421E-03
