-1.809464535E-03
-1.599281793E-03
-1.601067954E-03
-1.612104010E-03
-1.621828997E-03
-1.630377024E-03
-1.638149377E-03
-1.645350363E-03
-1.652091742E-03
-1.658450230E-03
-1.664479147E-03
-1.670219237E-03
-1.675701351E-03
-1.680950751E-03
-1.685987809E-03
-1.690829406E-03
-1.695489977E-03
-1.699981862E-03
-1.704315539E-03
-1.708500553E-03
-1.712544938E-03
-1.716456027E-03
-1.720240340E-03
-1.723903697E-03
-1.727451454E-03
-1.730888151E-03
-1.734218444E-03
-1.737446175E-03
-1.740575186E-03
-1.743608504E-03
-1.746549504E-03
-1.749400981E-03
-1.752165612E-03
-1.754845842E-03
-1.757444115E-03
-1.759962412E-03
-1.762402826E-03
-1.764767221E-03
-1.767057343E-03
-1.769274939E-03
-1.771421521E-03
-1.773498487E-03
-1.775507350E-03
-1.777449274E-03
-1.779325423E-03
-1.781137194E-03
-1.782885520E-03
-1.784571446E-03
-1.786195789E-03
-1.787759829E-03
-1.789264032E-03
-1.790709561E-03
-1.792096882E-03
-1.793426927E-03
-1.794700278E-03
-1.795917633E-03
-1.797079574E-03
-1.798186568E-03
-1.799239428E-03
-1.800238388E-03
-1.801184146E-03
-1.802076935E-03
-1.802917337E-03
-1.803705585E-03
-1.804442145E-03
-1.805127249E-03
-1.805761363E-03
-1.806344721E-03
-1.806877437E-03
-1.807359862E-03
-1.807792229E-03
-1.808174653E-03
-1.808507252E-03
-1.808790257E-03
-1.809023786E-03
-1.809207955E-03
-1.809342764E-03
-1.809428330E-03
-1.809451613E-03
-1.809389447E-03
-1.809278037E-03
-1.809117151E-03
-1.808907022E-03
-1.808647299E-03
-1.808337984E-03
-1.807978959E-03
-1.807569992E-03
-1.807110966E-03
-1.806601533E-03
-1.806041575E-03
-1.805430860E-03
-1.804769039E-03
-1.804055879E-03
-1.803290914E-03
-1.802474027E-03
-1.801604521E-03
-1.800682163E-03
-1.799706602E-03
-1.798677142E-03
-1.797593432E-03
-1.796454890E-03
-1.795260934E-03
-1.794010983E-03
-1.792704337E-03
-1.791340415E-03
-1.789918402E-03
-1.788437483E-03
-1.786896959E-03
-1.785295899E-03
-1.783633488E-03
-1.781908562E-03
-1.780120307E-03
-1.778267440E-03
-1.776349032E-03
-1.774363685E-03
-1.772310119E-03
-1.770187053E-03
-1.767992857E-03
-1.765726251E-03
-1.763385255E-03
-1.760968356E-03
-1.758473576E-03
-1.755898818E-03
-1.753242104E-03
-1.750500989E-03
-1.747673028E-03
-1.744755544E-03
-1.741745742E-03
-1.738640363E-03
-1.735436148E-03
-1.732129487E-03
-1.728716190E-03
-1.725192182E-03
-1.721552340E-03
-1.717791660E-03
-1.713904203E-03
-1.709883451E-03
-1.705722068E-03
-1.701412024E-03
-1.696943771E-03
-1.692306832E-03
-1.687488868E-03
-1.682475558E-03
-1.677249908E-03
-1.671791426E-03
-1.666075201E-03
-1.660069916E-03
-1.653735177E-03
-1.647017547E-03
-1.639840310E-03
-1.632091822E-03
-1.623567543E-03
-1.613866421E-03
-1.809452544E-03
-1.809391659E-03
-1.809281530E-03
-1.809122041E-03
-1.808913192E-03
-1.808654983E-03
-1.808347180E-03
-1.807989669E-03
-1.807582215E-03
-1.807124936E-03
-1.806617365E-03
-1.806059387E-03
-1.805450767E-03
-1.804791158E-03
-1.804080326E-03
-1.803317922E-03
-1.802503597E-03
-1.801637118E-03
-1.800717902E-03
-1.799745602E-03
-1.798719750E-03
-1.797639881E-03
-1.796505414E-03
-1.795315882E-03
-1.794070587E-03
-1.792768948E-03
-1.791410381E-03
-1.789994072E-03
-1.788519323E-03
-1.786985318E-03
-1.785391243E-03
-1.783736167E-03
-1.782019273E-03
-1.780239283E-03
-1.778395497E-03
-1.776486519E-03
-1.774511416E-03
-1.772468560E-03
-1.770357019E-03
-1.768175163E-03
-1.765921479E-03
-1.763594337E-03
-1.761192223E-03
-1.758713159E-03
-1.756155165E-03
-1.753516146E-03
-1.750794007E-03
-1.747986302E-03
-1.745090354E-03
-1.742103486E-03
-1.739022788E-03
-1.735844999E-03
-1.732566394E-03
-1.729183365E-03
-1.725691720E-03
-1.722086803E-03
-1.718363608E-03
-1.714516780E-03
-1.710539917E-03
-1.706426148E-03
-1.702167792E-03
-1.697756350E-03
-1.693181577E-03
-1.688432065E-03
-1.683494658E-03
-1.678353874E-03
-1.672990853E-03
-1.667383243E-03
-1.661503105E-03
-1.655315165E-03
-1.648773090E-03
-1.641813316E-03
-1.634344109E-03
-1.626217039E-03
-1.617167378E-03
-1.606425503E-03
-1.809464302E-03
-1.809426700E-03
-1.809339854E-03
-1.809203764E-03
-1.809018315E-03
-1.808783389E-03
-1.808498870E-03
-1.808164758E-03
-1.807780704E-03
-1.807346707E-03
-1.806862536E-03
-1.806327957E-03
-1.805742620E-03
-1.805106411E-03
-1.804418862E-03
-1.803679857E-03
-1.802888932E-03
-1.802045852E-03
-1.801150036E-03
-1.800201135E-03
-1.799198682E-03
-1.798142097E-03
-1.797031029E-03
-1.795864897E-03
-1.794643002E-03
-1.793364761E-03
-1.792029594E-03
-1.790636685E-03
-1.789185335E-03
-1.787674730E-03
-1.786104054E-03
-1.784472377E-03
-1.782778883E-03
-1.781022409E-03
-1.779202023E-03
-1.777316560E-03
-1.775364741E-03
-1.773345517E-03
-1.771257375E-03
-1.769098919E-03
-1.766868751E-03
-1.764565124E-03
-1.762186526E-03
-1.759730862E-03
-1.757196384E-03
-1.754580881E-03
-1.751882257E-03
-1.749098068E-03
-1.746225636E-03
-1.743262401E-03
-1.740205218E-03
-1.737050829E-03
-1.733795856E-03
-1.730436459E-03
-1.726968330E-03
-1.723387046E-03
-1.719687483E-03
-1.715864171E-03
-1.711910940E-03
-1.707820804E-03
-1.703586197E-03
-1.699198270E-03
-1.694647130E-03
-1.689921366E-03
-1.685007708E-03
-1.679890556E-03
-1.674551168E-03
-1.668967307E-03
-1.663110917E-03
-1.656946726E-03
-1.650428399E-03
-1.643492375E-03
-1.636046916E-03
-1.627943595E-03
-1.618917915E-03
-1.608199906E-03
