-2.052725293E-03
-1.842732891E-03
-1.844517770E-03
-1.855546492E-03
-1.865263213E-03
-1.873803325E-03
-1.881567878E-03
-1.888761413E-03
-1.895495690E-03
-1.901847078E-03
-1.907869359E-03
-1.913602930E-03
-1.919078757E-03
-1.924322220E-03
-1.929353341E-03
-1.934189466E-03
-1.938844682E-03
-1.943331328E-03
-1.947660116E-03
-1.951840473E-03
-1.955880318E-03
-1.959786983E-03
-1.963567222E-03
-1.967226621E-03
-1.970770536E-03
-1.974203624E-03
-1.977530541E-03
-1.980755012E-03
-1.983880764E-03
-1.986911055E-03
-1.989849377E-03
-1.992698060E-03
-1.995460130E-03
-1.998138148E-03
-2.000733977E-03
-2.003250178E-03
-2.005688613E-03
-2.008051146E-03
-2.010339405E-03
-2.012555255E-03
-2.014700323E-03
-2.016775776E-03
-2.018783242E-03
-2.020723885E-03
-2.022598870E-03
-2.024409594E-03
-2.026156755E-03
-2.027841751E-03
-2.029465279E-03
-2.031028271E-03
-2.032531891E-03
-2.033976605E-03
-2.035363344E-03
-2.036692807E-03
-2.037965460E-03
-2.039182466E-03
-2.040343825E-03
-2.041450469E-03
-2.042503096E-03
-2.043501707E-03
-2.044446999E-03
-2.045339672E-03
-2.046179725E-03
-2.046967624E-03
-2.047704067E-03
-2.048389055E-03
-2.049023053E-03
-2.049606061E-03
-2.050138777E-03
-2.050621202E-03
-2.051053336E-03
-2.051435644E-03
-2.051768359E-03
-2.052051248E-03
-2.052284777E-03
-2.052468713E-03
-2.052603522E-03
-2.052689204E-03
-2.052712487E-03
-2.052650321E-03
-2.052538795E-03
-2.052378142E-03
-2.052167896E-03
-2.051908290E-03
-2.051599091E-03
-2.051240066E-03
-2.050831215E-03
-2.050372073E-03
-2.049862873E-03
-2.049303148E-03
-2.048692433E-03
-2.048030728E-03
-2.047317801E-03
-2.046553185E-03
-2.045736415E-03
-2.044867259E-03
-2.043945249E-03
-2.042969922E-03
-2.041940810E-03
-2.040857449E-03
-2.039719373E-03
-2.038525883E-03
-2.037276514E-03
-2.035970334E-03
-2.034607111E-03
-2.033185679E-03
-2.031705575E-03
-2.030165866E-03
-2.028565854E-03
-2.026904142E-03
-2.025180496E-03
-2.023393288E-03
-2.021541586E-03
-2.019624459E-03
-2.017640509E-03
-2.015588339E-03
-2.013466787E-03
-2.011274453E-03
-2.009009477E-03
-2.006670460E-03
-2.004255541E-03
-2.001762856E-03
-1.999190310E-03
-1.996536041E-03
-1.993797487E-03
-1.990972087E-03
-1.988057513E-03
-1.985050505E-03
-1.981948270E-03
-1.978747314E-03
-1.975444146E-03
-1.972034341E-03
-1.968514174E-03
-1.964878291E-03
-1.961121801E-03
-1.957238652E-03
-1.953222323E-03
-1.949065714E-03
-1.944760559E-03
-1.940297429E-03
-1.935665845E-03
-1.930853468E-03
-1.925845980E-03
-1.920626266E-03
-1.915174071E-03
-1.909464248E-03
-1.903465716E-03
-1.897137961E-03
-1.890427549E-03
-1.883257763E-03
-1.875516959E-03
-1.867000596E-03
-1.857307740E-03
-2.052713418E-03
-2.052652417E-03
-2.052542288E-03
-2.052383032E-03
-2.052174183E-03
-2.051915973E-03
-2.051608171E-03
-2.051250776E-03
-2.050843555E-03
-2.050386276E-03
-2.049878705E-03
-2.049320843E-03
-2.048712457E-03
-2.048053080E-03
-2.047342248E-03
-2.046580194E-03
-2.045766218E-03
-2.044899855E-03
-2.043980872E-03
-2.043009037E-03
-2.041983418E-03
-2.040904015E-03
-2.039770130E-03
-2.038580831E-03
-2.037336119E-03
-2.036035061E-03
-2.034677193E-03
-2.033261582E-03
-2.031787531E-03
-2.030254342E-03
-2.028661082E-03
-2.027007053E-03
-2.025291091E-03
-2.023512265E-03
-2.021669410E-03
-2.019761829E-03
-2.017787891E-03
-2.015746664E-03
-2.013636520E-03
-2.011456294E-03
-2.009204356E-03
-2.006879076E-03
-2.004479058E-03
-2.002001973E-03
-1.999446191E-03
-1.996809617E-03
-1.994089922E-03
-1.991284778E-03
-1.988391625E-03
-1.985407667E-03
-1.982329879E-03
-1.979155233E-03
-1.975880004E-03
-1.972500468E-03
-1.969012665E-03
-1.965411706E-03
-1.961692469E-03
-1.957849832E-03
-1.953877509E-03
-1.949768281E-03
-1.945514814E-03
-1.941108378E-03
-1.936538843E-03
-1.931794919E-03
-1.926863100E-03
-1.921728253E-03
-1.916371402E-03
-1.910770079E-03
-1.904896577E-03
-1.898715505E-03
-1.892180531E-03
-1.885228092E-03
-1.877766452E-03
-1.869647298E-03
-1.860605786E-03
-1.849872060E-03
-2.052725060E-03
-2.052687574E-03
-2.052600728E-03
-2.052464522E-03
-2.052279189E-03
-2.052044263E-03
-2.051759744E-03
-2.051425865E-03
-2.051041927E-03
-2.050607931E-03
-2.050123876E-03
-2.049589297E-03
-2.049004193E-03
-2.048368100E-03
-2.047680784E-03
-2.046942012E-03
-2.046151320E-03
-2.045308240E-03
-2.044412773E-03
-2.043464221E-03
-2.042462118E-03
-2.041405998E-03
-2.040295396E-03
-2.039129613E-03
-2.037908183E-03
-2.036630642E-03
-2.035296056E-03
-2.033903729E-03
-2.032453194E-03
-2.030943288E-03
-2.029373543E-03
-2.027742798E-03
-2.026050119E-03
-2.024294809E-03
-2.022475470E-03
-2.020591404E-03
-2.018640749E-03
-2.016623039E-03
-2.014536411E-03
-2.012379467E-03
-2.010151045E-03
-2.007849282E-03
-2.005472546E-03
-2.003018977E-03
-2.000486711E-03
-1.997873653E-03
-1.995177474E-03
-1.992395846E-03
-1.989526208E-03
-1.986565767E-03
-1.983511494E-03
-1.980360365E-03
-1.977108885E-03
-1.973752864E-03
-1.970288344E-03
-1.966710901E-03
-1.963015413E-03
-1.959196525E-03
-1.955247484E-03
-1.951162121E-03
-1.946932287E-03
-1.942549367E-03
-1.938003465E-03
-1.933283173E-03
-1.928375103E-03
-1.923263888E-03
-1.917930669E-03
-1.912353095E-03
-1.906503341E-03
-1.900346018E-03
-1.893834677E-03
-1.886905986E-03
-1.879468211E-03
-1.871372689E-03
-1.862355042E-03
-1.851645182E-03
