-2.097468590E-03
-1.887525548E-03
-1.889311359E-03
-1.900337520E-03
-1.910052611E-03
-1.918591093E-03
-1.926354133E-03
-1.933546155E-03
-1.940278802E-03
-1.946628792E-03
-1.952649676E-03
-1.958381850E-03
-1.963856397E-03
-1.969098346E-03
-1.974128420E-03
-1.978963148E-03
-1.983617200E-03
-1.988102682E-03
-1.992430305E-03
-1.996609382E-03
-2.000648296E-03
-2.004554030E-03
-2.008333104E-03
-2.011991339E-03
-2.015534323E-03
-2.018966479E-03
-2.022292465E-03
-2.025516005E-03
-2.028641058E-03
-2.031670650E-03
-2.034608042E-03
-2.037456026E-03
-2.040217398E-03
-2.042894484E-03
-2.045489848E-03
-2.048005350E-03
-2.050443087E-03
-2.052804921E-03
-2.055092715E-03
-2.057308098E-03
-2.059452469E-03
-2.061527455E-03
-2.063534223E-03
-2.065474400E-03
-2.067348920E-03
-2.069159178E-03
-2.070905874E-03
-2.072590403E-03
-2.074213699E-03
-2.075776458E-03
-2.077279612E-03
-2.078723861E-03
-2.080110367E-03
-2.081439365E-03
-2.082711784E-03
-2.083928557E-03
-2.085089684E-03
-2.086196095E-03
-2.087248256E-03
-2.088246634E-03
-2.089191927E-03
-2.090084134E-03
-2.090924187E-03
-2.091712086E-03
-2.092448296E-03
-2.093133051E-03
-2.093766816E-03
-2.094349824E-03
-2.094882308E-03
-2.095364500E-03
-2.095796634E-03
-2.096178941E-03
-2.096511424E-03
-2.096794546E-03
-2.097027842E-03
-2.097212011E-03
-2.097346587E-03
-2.097432269E-03
-2.097455552E-03
-2.097393386E-03
-2.097282093E-03
-2.097121207E-03
-2.096911194E-03
-2.096651588E-03
-2.096342389E-03
-2.095983597E-03
-2.095574746E-03
-2.095115837E-03
-2.094606636E-03
-2.094046911E-03
-2.093436662E-03
-2.092775190E-03
-2.092062263E-03
-2.091297647E-03
-2.090481110E-03
-2.089612186E-03
-2.088690409E-03
-2.087715315E-03
-2.086686669E-03
-2.085603541E-03
-2.084465697E-03
-2.083272440E-03
-2.082023304E-03
-2.080717590E-03
-2.079354599E-03
-2.077933634E-03
-2.076453995E-03
-2.074914752E-03
-2.073314972E-03
-2.071653726E-03
-2.069930546E-03
-2.068143804E-03
-2.066292567E-03
-2.064375905E-03
-2.062392421E-03
-2.060340950E-03
-2.058219863E-03
-2.056027995E-03
-2.053763717E-03
-2.051425399E-03
-2.049011178E-03
-2.046519192E-03
-2.043947345E-03
-2.041293774E-03
-2.038555918E-03
-2.035731450E-03
-2.032817574E-03
-2.029811498E-03
-2.026710194E-03
-2.023509936E-03
-2.020207699E-03
-2.016799059E-03
-2.013279591E-03
-2.009644872E-03
-2.005889313E-03
-2.002007328E-03
-1.997992164E-03
-1.993836602E-03
-1.989532495E-03
-1.985070761E-03
-1.980440225E-03
-1.975629246E-03
-1.970622921E-03
-1.965404488E-03
-1.959953690E-03
-1.954245381E-03
-1.948248129E-03
-1.941922004E-03
-1.935212989E-03
-1.928044716E-03
-1.920305542E-03
-1.911790809E-03
-1.902099582E-03
-2.097456483E-03
-2.097395714E-03
-2.097285585E-03
-2.097126096E-03
-2.096917247E-03
-2.096659271E-03
-2.096351469E-03
-2.095994074E-03
-2.095586853E-03
-2.095129807E-03
-2.094622469E-03
-2.094064606E-03
-2.093456220E-03
-2.092797076E-03
-2.092086477E-03
-2.091324655E-03
-2.090510679E-03
-2.089644549E-03
-2.088726033E-03
-2.087754197E-03
-2.086728811E-03
-2.085649641E-03
-2.084515989E-03
-2.083327156E-03
-2.082082676E-03
-2.080781851E-03
-2.079424215E-03
-2.078009071E-03
-2.076535253E-03
-2.075002529E-03
-2.073409734E-03
-2.071755938E-03
-2.070040442E-03
-2.068262082E-03
-2.066419926E-03
-2.064512577E-03
-2.062539337E-03
-2.060498577E-03
-2.058388898E-03
-2.056209370E-03
-2.053957898E-03
-2.051633317E-03
-2.049233764E-03
-2.046757378E-03
-2.044202294E-03
-2.041566418E-03
-2.038847422E-03
-2.036042977E-03
-2.033150755E-03
-2.030167496E-03
-2.027090639E-03
-2.023916924E-03
-2.020642627E-03
-2.017264022E-03
-2.013776917E-03
-2.010176890E-03
-2.006458817E-03
-2.002617344E-03
-1.998645952E-03
-1.994537888E-03
-1.990285469E-03
-1.985880313E-03
-1.981311943E-03
-1.976569183E-03
-1.971638761E-03
-1.966505079E-03
-1.961149508E-03
-1.955549698E-03
-1.949677593E-03
-1.943497919E-03
-1.936964458E-03
-1.930013532E-03
-1.922553405E-03
-1.914435881E-03
-1.905395999E-03
-1.894664136E-03
-2.097468125E-03
-2.097430639E-03
-2.097343793E-03
-2.097207820E-03
-2.097022487E-03
-2.096787561E-03
-2.096503275E-03
-2.096169163E-03
-2.095785458E-03
-2.095351461E-03
-2.094867639E-03
-2.094333293E-03
-2.093748190E-03
-2.093112329E-03
-2.092425013E-03
-2.091686474E-03
-2.090896014E-03
-2.090053400E-03
-2.089157933E-03
-2.088209614E-03
-2.087207744E-03
-2.086151857E-03
-2.085041488E-03
-2.083875937E-03
-2.082654973E-03
-2.081377665E-03
-2.080043312E-03
-2.078651451E-03
-2.077201148E-03
-2.075691940E-03
-2.074122429E-03
-2.072492149E-03
-2.070799936E-03
-2.069045091E-03
-2.067226218E-03
-2.065342618E-03
-2.063392662E-03
-2.061375184E-03
-2.059289254E-03
-2.057133010E-03
-2.054905053E-03
-2.052603988E-03
-2.050227951E-03
-2.047774848E-03
-2.045243280E-03
-2.042630920E-03
-2.039935440E-03
-2.037154511E-03
-2.034285804E-03
-2.031326294E-03
-2.028272953E-03
-2.025122521E-03
-2.021871973E-03
-2.018516883E-03
-2.015053527E-03
-2.011477016E-03
-2.007782459E-03
-2.003964502E-03
-2.000016626E-03
-1.995932311E-03
-1.991703641E-03
-1.987322001E-03
-1.982777147E-03
-1.978058135E-03
-1.973151462E-03
-1.968041528E-03
-1.962709706E-03
-1.957133412E-03
-1.951285056E-03
-1.945129246E-03
-1.938619418E-03
-1.931692241E-03
-1.924255979E-03
-1.916162088E-03
-1.907146070E-03
-1.896438189E-03
