-2.147766296E-03
-1.937874127E-03
-1.939674141E-03
-1.950684353E-03
-1.960397698E-03
-1.968934434E-03
-1.976695843E-03
-1.983886119E-03
-1.990617253E-03
-1.996965846E-03
-2.002984984E-03
-2.008715644E-03
-2.014188794E-03
-2.019429579E-03
-2.024458023E-03
-2.029291587E-03
-2.033944242E-03
-2.038428560E-03
-2.042755019E-03
-2.046932932E-03
-2.050970448E-03
-2.054875018E-03
-2.058653161E-03
-2.062310465E-03
-2.065852284E-03
-2.069283742E-03
-2.072608564E-03
-2.075831173E-03
-2.078955295E-03
-2.081983956E-03
-2.084920648E-03
-2.087767702E-03
-2.090528375E-03
-2.093204763E-03
-2.095799195E-03
-2.098313998E-03
-2.100751037E-03
-2.103112405E-03
-2.105399501E-03
-2.107614186E-03
-2.109758090E-03
-2.111832611E-03
-2.113838913E-03
-2.115778392E-03
-2.117652679E-03
-2.119462239E-03
-2.121208701E-03
-2.122892765E-03
-2.124515595E-03
-2.126077889E-03
-2.127580578E-03
-2.129024593E-03
-2.130410634E-03
-2.131739631E-03
-2.133011818E-03
-2.134228125E-03
-2.135389019E-03
-2.136495197E-03
-2.137547126E-03
-2.138545504E-03
-2.139490331E-03
-2.140382538E-03
-2.141222358E-03
-2.142010024E-03
-2.142746234E-03
-2.143430989E-03
-2.144064754E-03
-2.144647529E-03
-2.145180013E-03
-2.145662205E-03
-2.146094339E-03
-2.146476647E-03
-2.146809129E-03
-2.147092018E-03
-2.147325547E-03
-2.147509716E-03
-2.147644525E-03
-2.147729974E-03
-2.147753490E-03
-2.147691557E-03
-2.147580264E-03
-2.147419611E-03
-2.147209831E-03
-2.146950224E-03
-2.146641258E-03
-2.146282699E-03
-2.145874081E-03
-2.145415405E-03
-2.144906437E-03
-2.144347178E-03
-2.143736929E-03
-2.143075690E-03
-2.142363228E-03
-2.141599078E-03
-2.140782773E-03
-2.139914082E-03
-2.138992772E-03
-2.138018142E-03
-2.136989729E-03
-2.135907067E-03
-2.134769689E-03
-2.133576898E-03
-2.132328227E-03
-2.131022979E-03
-2.129660454E-03
-2.128240187E-03
-2.126760781E-03
-2.125222236E-03
-2.123622922E-03
-2.121962607E-03
-2.120239660E-03
-2.118453616E-03
-2.116603311E-03
-2.114687115E-03
-2.112704562E-03
-2.110653790E-03
-2.108533401E-03
-2.106342465E-03
-2.104078885E-03
-2.101741266E-03
-2.099327976E-03
-2.096836921E-03
-2.094266005E-03
-2.091613365E-03
-2.088876441E-03
-2.086052904E-03
-2.083140193E-03
-2.080135047E-03
-2.077034907E-03
-2.073835814E-03
-2.070534742E-03
-2.067127032E-03
-2.063608961E-03
-2.059975406E-03
-2.056221245E-03
-2.052340424E-03
-2.048326656E-03
-2.044172492E-03
-2.039869782E-03
-2.035409445E-03
-2.030780539E-03
-2.025970956E-03
-2.020966262E-03
-2.015749458E-03
-2.010300290E-03
-2.004593378E-03
-1.998597989E-03
-1.992273610E-03
-1.985566458E-03
-1.978399931E-03
-1.970662503E-03
-1.962149749E-03
-1.952460385E-03
-2.147754421E-03
-2.147693420E-03
-2.147583291E-03
-2.147423802E-03
-2.147214953E-03
-2.146956744E-03
-2.146649174E-03
-2.146291779E-03
-2.145884559E-03
-2.145427512E-03
-2.144920174E-03
-2.144362545E-03
-2.143754158E-03
-2.143095015E-03
-2.142384648E-03
-2.141622826E-03
-2.140809083E-03
-2.139943186E-03
-2.139024669E-03
-2.138053067E-03
-2.137027914E-03
-2.135948977E-03
-2.134815324E-03
-2.133626956E-03
-2.132382710E-03
-2.131082350E-03
-2.129724948E-03
-2.128310036E-03
-2.126836684E-03
-2.125304192E-03
-2.123711631E-03
-2.122058300E-03
-2.120343270E-03
-2.118565375E-03
-2.116723685E-03
-2.114817034E-03
-2.112844028E-03
-2.110803965E-03
-2.108694986E-03
-2.106515924E-03
-2.104265150E-03
-2.101941034E-03
-2.099542180E-03
-2.097066492E-03
-2.094512107E-03
-2.091876930E-03
-2.089158865E-03
-2.086355118E-03
-2.083463594E-03
-2.080481267E-03
-2.077405341E-03
-2.074232558E-03
-2.070959192E-03
-2.067581518E-03
-2.064095577E-03
-2.060496481E-03
-2.056779573E-03
-2.052939031E-03
-2.048968803E-03
-2.044861903E-03
-2.040610882E-03
-2.036206657E-03
-2.031639684E-03
-2.026898321E-03
-2.021969063E-03
-2.016836777E-03
-2.011482837E-03
-2.005884424E-03
-2.000013832E-03
-1.993835671E-03
-1.987303840E-03
-1.980354311E-03
-1.972896047E-03
-1.964780036E-03
-1.955742016E-03
-1.945011900E-03
-2.147766063E-03
-2.147728810E-03
-2.147641964E-03
-2.147506224E-03
-2.147320891E-03
-2.147086198E-03
-2.146802144E-03
-2.146468265E-03
-2.146084560E-03
-2.145651029E-03
-2.145167207E-03
-2.144633094E-03
-2.144048456E-03
-2.143412828E-03
-2.142725978E-03
-2.141987672E-03
-2.141197445E-03
-2.140355064E-03
-2.139460063E-03
-2.138511976E-03
-2.137510572E-03
-2.136455150E-03
-2.135345247E-03
-2.134180162E-03
-2.132959664E-03
-2.131682821E-03
-2.130348934E-03
-2.128957538E-03
-2.127507934E-03
-2.125998959E-03
-2.124430146E-03
-2.122800564E-03
-2.121109050E-03
-2.119354671E-03
-2.117536496E-03
-2.115653595E-03
-2.113704337E-03
-2.111687791E-03
-2.109602327E-03
-2.107447013E-03
-2.105219755E-03
-2.102919621E-03
-2.100544283E-03
-2.098092344E-03
-2.095561475E-03
-2.092950046E-03
-2.090255497E-03
-2.087475732E-03
-2.084607957E-03
-2.081649378E-03
-2.078596968E-03
-2.075447934E-03
-2.072198316E-03
-2.068844391E-03
-2.065382199E-03
-2.061806852E-03
-2.058113692E-03
-2.054297132E-03
-2.050350653E-03
-2.046267502E-03
-2.042040229E-03
-2.037659986E-03
-2.033116762E-03
-2.028399147E-03
-2.023493871E-03
-2.018385567E-03
-2.013055375E-03
-2.007480711E-03
-2.001634100E-03
-1.995479921E-03
-1.988971839E-03
-1.982046524E-03
-1.974612009E-03
-1.966519980E-03
-1.957505941E-03
-1.946799923E-03
