-1.894100918E-03
-1.683959621E-03
-1.685744035E-03
-1.696779160E-03
-1.706501585E-03
-1.715047169E-03
-1.722817193E-03
-1.730015851E-03
-1.736755134E-03
-1.743111527E-03
-1.749138581E-03
-1.754876692E-03
-1.760357060E-03
-1.765604829E-03
-1.770640141E-03
-1.775480225E-03
-1.780139399E-03
-1.784629887E-03
-1.788962283E-03
-1.793146133E-03
-1.797189354E-03
-1.801099395E-03
-1.804882661E-03
-1.808545087E-03
-1.812091912E-03
-1.815527910E-03
-1.818857505E-03
-1.822084538E-03
-1.825212850E-03
-1.828245586E-03
-1.831186120E-03
-1.834037015E-03
-1.836801297E-03
-1.839481178E-03
-1.842078986E-03
-1.844597049E-03
-1.847037231E-03
-1.849401393E-03
-1.851691282E-03
-1.853908761E-03
-1.856055227E-03
-1.858132076E-03
-1.860140823E-03
-1.862082747E-03
-1.863958896E-03
-1.865770668E-03
-1.867518993E-03
-1.869204920E-03
-1.870829379E-03
-1.872393419E-03
-1.873897738E-03
-1.875343267E-03
-1.876730821E-03
-1.878060866E-03
-1.879334450E-03
-1.880551805E-03
-1.881713979E-03
-1.882821205E-03
-1.883874065E-03
-1.884873258E-03
-1.885819016E-03
-1.886712038E-03
-1.887552557E-03
-1.888340921E-03
-1.889077597E-03
-1.889762818E-03
-1.890397049E-03
-1.890980522E-03
-1.891513355E-03
-1.891995780E-03
-1.892428263E-03
-1.892810687E-03
-1.893143402E-03
-1.893426524E-03
-1.893660054E-03
-1.893844223E-03
-1.893979032E-03
-1.894064597E-03
-1.894087880E-03
-1.894025714E-03
-1.893914188E-03
-1.893753419E-03
-1.893543173E-03
-1.893283334E-03
-1.892974018E-03
-1.892614877E-03
-1.892205793E-03
-1.891746535E-03
-1.891237102E-03
-1.890677027E-03
-1.890066196E-03
-1.889404259E-03
-1.888690866E-03
-1.887925784E-03
-1.887108665E-03
-1.886239043E-03
-1.885316567E-03
-1.884340774E-03
-1.883311197E-03
-1.882227371E-03
-1.881088596E-03
-1.879894524E-03
-1.878644456E-03
-1.877337694E-03
-1.875973539E-03
-1.874551410E-03
-1.873070491E-03
-1.871529850E-03
-1.869928790E-03
-1.868266147E-03
-1.866541337E-03
-1.864752965E-03
-1.862900215E-03
-1.860981691E-03
-1.858996460E-03
-1.856942894E-03
-1.854819944E-03
-1.852625981E-03
-1.850359491E-03
-1.848018728E-03
-1.845602063E-03
-1.843107515E-03
-1.840533107E-03
-1.837876742E-03
-1.835135976E-03
-1.832308481E-03
-1.829391578E-03
-1.826382242E-03
-1.823277562E-03
-1.820074045E-03
-1.816767966E-03
-1.813355600E-03
-1.809832291E-03
-1.806193497E-03
-1.802433748E-03
-1.798547339E-03
-1.794527634E-03
-1.790367416E-03
-1.786058652E-03
-1.781591796E-03
-1.776956255E-03
-1.772139804E-03
-1.767128124E-03
-1.761904103E-03
-1.756447367E-03
-1.750733005E-03
-1.744729583E-03
-1.738397055E-03
-1.731681521E-03
-1.724506496E-03
-1.716760336E-03
-1.708238386E-03
-1.698539825E-03
-1.894088928E-03
-1.894028042E-03
-1.893917797E-03
-1.893758308E-03
-1.893549459E-03
-1.893291133E-03
-1.892983331E-03
-1.892625703E-03
-1.892218250E-03
-1.891760854E-03
-1.891253167E-03
-1.890695072E-03
-1.890086336E-03
-1.889426610E-03
-1.888715662E-03
-1.887953142E-03
-1.887138817E-03
-1.886272104E-03
-1.885352773E-03
-1.884380355E-03
-1.883354387E-03
-1.882274402E-03
-1.881139819E-03
-1.879950054E-03
-1.878704643E-03
-1.877403003E-03
-1.876044204E-03
-1.874627895E-03
-1.873153029E-03
-1.871618908E-03
-1.870024716E-03
-1.868369640E-03
-1.866652630E-03
-1.864872756E-03
-1.863028971E-03
-1.861119992E-03
-1.859144890E-03
-1.857102267E-03
-1.854990725E-03
-1.852808986E-03
-1.850555534E-03
-1.848228625E-03
-1.845826744E-03
-1.843347913E-03
-1.840790152E-03
-1.838151598E-03
-1.835429808E-03
-1.832622569E-03
-1.829727204E-03
-1.826740918E-03
-1.823660801E-03
-1.820483594E-03
-1.817205688E-03
-1.813823474E-03
-1.810332644E-03
-1.806728658E-03
-1.803006511E-03
-1.799160615E-03
-1.795184799E-03
-1.791072311E-03
-1.786815235E-03
-1.782404957E-03
-1.777831698E-03
-1.773083699E-03
-1.768147806E-03
-1.763008651E-03
-1.757647377E-03
-1.752041630E-03
-1.746163354E-03
-1.739977510E-03
-1.733437530E-03
-1.726479968E-03
-1.719013089E-03
-1.710888348E-03
-1.701841247E-03
-1.691102050E-03
-1.894100569E-03
-1.894062967E-03
-1.893976121E-03
-1.893839915E-03
-1.893654466E-03
-1.893419423E-03
-1.893134904E-03
-1.892800676E-03
-1.892416505E-03
-1.891982509E-03
-1.891498105E-03
-1.890963409E-03
-1.890377956E-03
-1.889741630E-03
-1.889053965E-03
-1.888314844E-03
-1.887523802E-03
-1.886680489E-03
-1.885784441E-03
-1.884835423E-03
-1.883832738E-03
-1.882776152E-03
-1.881664852E-03
-1.880498603E-03
-1.879276591E-03
-1.877998235E-03
-1.876662835E-03
-1.875269809E-03
-1.873818343E-03
-1.872307621E-03
-1.870736945E-03
-1.869105268E-03
-1.867411658E-03
-1.865655184E-03
-1.863834681E-03
-1.861949218E-03
-1.859997516E-03
-1.857978292E-03
-1.855890267E-03
-1.853731927E-03
-1.851501875E-03
-1.849198481E-03
-1.846820000E-03
-1.844364684E-03
-1.841830439E-03
-1.839215285E-03
-1.836517127E-03
-1.833733288E-03
-1.830861438E-03
-1.827898668E-03
-1.824842067E-03
-1.821688376E-03
-1.818434102E-03
-1.815075288E-03
-1.811608090E-03
-1.808027620E-03
-1.804328989E-03
-1.800506725E-03
-1.796554541E-03
-1.792465569E-03
-1.788232126E-03
-1.783845597E-03
-1.779295853E-03
-1.774571487E-03
-1.769659342E-03
-1.764543820E-03
-1.759206178E-03
-1.753624179E-03
-1.747769653E-03
-1.741607441E-03
-1.735091209E-03
-1.728157396E-03
-1.720714266E-03
-1.712613273E-03
-1.703590038E-03
-1.692874706E-03
