-1.852951478E-03
-1.642784919E-03
-1.644570148E-03
-1.655605854E-03
-1.665329561E-03
-1.673876541E-03
-1.681647613E-03
-1.688847551E-03
-1.695587998E-03
-1.701945439E-03
-1.707973424E-03
-1.713712583E-03
-1.719193882E-03
-1.724442584E-03
-1.729478827E-03
-1.734319725E-03
-1.738979714E-03
-1.743470901E-03
-1.747804112E-03
-1.751988544E-03
-1.756032463E-03
-1.759943087E-03
-1.763726934E-03
-1.767389942E-03
-1.770937233E-03
-1.774373697E-03
-1.777703757E-03
-1.780931256E-03
-1.784059918E-03
-1.787093002E-03
-1.790033886E-03
-1.792885247E-03
-1.795649761E-03
-1.798329875E-03
-1.800928032E-03
-1.803446212E-03
-1.805886626E-03
-1.808251021E-03
-1.810541144E-03
-1.812758739E-03
-1.814905321E-03
-1.816982287E-03
-1.818991150E-03
-1.820933190E-03
-1.822809456E-03
-1.824621228E-03
-1.826369669E-03
-1.828055596E-03
-1.829680172E-03
-1.831244212E-03
-1.832748647E-03
-1.834194176E-03
-1.835581614E-03
-1.836911775E-03
-1.838185242E-03
-1.839402714E-03
-1.840564772E-03
-1.841671998E-03
-1.842724974E-03
-1.843724051E-03
-1.844669809E-03
-1.845562831E-03
-1.846403233E-03
-1.847191597E-03
-1.847928273E-03
-1.848613610E-03
-1.849247725E-03
-1.849831082E-03
-1.850363915E-03
-1.850846456E-03
-1.851278823E-03
-1.851661247E-03
-1.851993962E-03
-1.852277084E-03
-1.852510613E-03
-1.852694782E-03
-1.852829591E-03
-1.852915157E-03
-1.852938440E-03
-1.852876274E-03
-1.852764748E-03
-1.852603978E-03
-1.852393732E-03
-1.852134010E-03
-1.851824694E-03
-1.851465553E-03
-1.851056470E-03
-1.850597328E-03
-1.850087894E-03
-1.849527820E-03
-1.848916989E-03
-1.848255051E-03
-1.847541775E-03
-1.846776693E-03
-1.845959574E-03
-1.845090068E-03
-1.844167593E-03
-1.843191800E-03
-1.842162339E-03
-1.841078396E-03
-1.839939738E-03
-1.838745666E-03
-1.837495598E-03
-1.836188836E-03
-1.834824681E-03
-1.833402552E-03
-1.831921516E-03
-1.830380876E-03
-1.828779816E-03
-1.827117172E-03
-1.825392246E-03
-1.823603874E-03
-1.821751008E-03
-1.819832367E-03
-1.817847020E-03
-1.815793454E-03
-1.813670271E-03
-1.811476192E-03
-1.809209469E-03
-1.806868589E-03
-1.804451691E-03
-1.801956911E-03
-1.799382269E-03
-1.796725672E-03
-1.793984673E-03
-1.791156828E-03
-1.788239577E-03
-1.785229892E-03
-1.782124746E-03
-1.778920763E-03
-1.775614335E-03
-1.772201387E-03
-1.768677728E-03
-1.765038352E-03
-1.761278021E-03
-1.757391030E-03
-1.753370627E-03
-1.749209827E-03
-1.744900248E-03
-1.740432694E-03
-1.735796453E-03
-1.730979187E-03
-1.725966576E-03
-1.720741624E-03
-1.715283957E-03
-1.709568547E-03
-1.703564194E-03
-1.697230502E-03
-1.690513920E-03
-1.683337730E-03
-1.675590407E-03
-1.667067176E-03
-1.657367335E-03
-1.852939487E-03
-1.852878486E-03
-1.852768357E-03
-1.852608868E-03
-1.852400019E-03
-1.852141693E-03
-1.851833891E-03
-1.851476263E-03
-1.851068926E-03
-1.850611414E-03
-1.850103843E-03
-1.849545748E-03
-1.848937012E-03
-1.848277287E-03
-1.847566455E-03
-1.846803934E-03
-1.845989609E-03
-1.845122897E-03
-1.844203565E-03
-1.843231148E-03
-1.842205180E-03
-1.841125195E-03
-1.839990611E-03
-1.838800963E-03
-1.837555552E-03
-1.836253796E-03
-1.834895113E-03
-1.833478687E-03
-1.832003822E-03
-1.830469701E-03
-1.828875509E-03
-1.827220316E-03
-1.825503306E-03
-1.823723316E-03
-1.821879414E-03
-1.819970435E-03
-1.817995217E-03
-1.815952361E-03
-1.813840820E-03
-1.811658847E-03
-1.809405279E-03
-1.807078137E-03
-1.804676023E-03
-1.802196959E-03
-1.799639082E-03
-1.797000179E-03
-1.794278156E-03
-1.791470568E-03
-1.788574853E-03
-1.785588218E-03
-1.782507636E-03
-1.779330079E-03
-1.776051824E-03
-1.772669028E-03
-1.769177732E-03
-1.765573281E-03
-1.761850435E-03
-1.758003957E-03
-1.754027558E-03
-1.749914372E-03
-1.745656598E-03
-1.741245622E-03
-1.736671547E-03
-1.731922734E-03
-1.726986025E-03
-1.721845940E-03
-1.716483850E-03
-1.710877055E-03
-1.704997849E-03
-1.698810840E-03
-1.692269812E-03
-1.685311086E-03
-1.677842927E-03
-1.669717021E-03
-1.660668640E-03
-1.649928046E-03
-1.852951129E-03
-1.852913527E-03
-1.852826681E-03
-1.852690591E-03
-1.852505025E-03
-1.852270099E-03
-1.851985580E-03
-1.851651352E-03
-1.851267298E-03
-1.850833185E-03
-1.850348897E-03
-1.849814202E-03
-1.849228749E-03
-1.848592423E-03
-1.847904874E-03
-1.847165753E-03
-1.846374711E-03
-1.845531398E-03
-1.844635466E-03
-1.843686448E-03
-1.842683880E-03
-1.841627178E-03
-1.840515994E-03
-1.839349628E-03
-1.838127617E-03
-1.836849377E-03
-1.835513976E-03
-1.834120951E-03
-1.832669484E-03
-1.831158763E-03
-1.829587971E-03
-1.827956177E-03
-1.826262567E-03
-1.824506093E-03
-1.822685474E-03
-1.820800011E-03
-1.818848192E-03
-1.816828852E-03
-1.814740594E-03
-1.812582253E-03
-1.810351969E-03
-1.808048459E-03
-1.805669744E-03
-1.803214196E-03
-1.800679718E-03
-1.798064332E-03
-1.795365824E-03
-1.792581752E-03
-1.789709553E-03
-1.786746434E-03
-1.783689484E-03
-1.780535327E-03
-1.777280704E-03
-1.773921424E-03
-1.770453760E-03
-1.766872709E-03
-1.763173612E-03
-1.759350765E-03
-1.755397883E-03
-1.751308329E-03
-1.747074188E-03
-1.742686960E-03
-1.738136401E-03
-1.733411336E-03
-1.728498260E-03
-1.723381924E-03
-1.718043350E-03
-1.712460304E-03
-1.706604846E-03
-1.700441586E-03
-1.693924190E-03
-1.686989213E-03
-1.679544919E-03
-1.671442646E-03
-1.662418246E-03
-1.651701517E-03
