-1.799320802E-03
-1.590922475E-03
-1.589136082E-03
-1.799307880E-03
-1.799245598E-03
-1.799134188E-03
-1.798973419E-03
-1.798763289E-03
-1.798503567E-03
-1.798194367E-03
-1.797835226E-03
-1.797426376E-03
-1.796967234E-03
-1.796457916E-03
-1.795898075E-03
-1.795287360E-03
-1.794625539E-03
-1.793912379E-03
-1.793147530E-03
-1.792330644E-03
-1.791461138E-03
-1.790538896E-03
-1.789563335E-03
-1.788533991E-03
-1.787450281E-03
-1.786311856E-03
-1.785117900E-03
-1.783867949E-03
-1.782561420E-03
-1.781197498E-03
-1.779775484E-03
-1.778294682E-03
-1.776754274E-03
-1.775153214E-03
-1.773490803E-03
-1.771765994E-03
-1.769977738E-03
-1.768124988E-03
-1.766206580E-03
-1.764221233E-03
-1.762167783E-03
-1.760044717E-03
-1.757850638E-03
-1.755584031E-03
-1.753243152E-03
-1.750826254E-03
-1.748331473E-03
-1.745756716E-03
-1.743100001E-03
-1.740358886E-03
-1.737530925E-03
-1.734613441E-03
-1.731603639E-03
-1.728498260E-03
-1.725294045E-03
-1.721987268E-03
-1.718573971E-03
-1.715049846E-03
-1.711410005E-03
-1.707649324E-03
-1.703761751E-03
-1.699740882E-03
-1.695579500E-03
-1.691269223E-03
-1.686800970E-03
-1.682163915E-03
-1.677345834E-03
-1.672332408E-03
-1.667106524E-03
-1.661647926E-03
-1.655931468E-03
-1.649925951E-03
-1.643591211E-03
-1.636873349E-03
-1.629695762E-03
-1.621947158E-03
-1.613422530E-03
-1.603721175E-03
-1.601958415E-03
-1.611683751E-03
-1.620232128E-03
-1.628004597E-03
-1.635205816E-03
-1.641947427E-03
-1.648306032E-03
-1.654335298E-03
-1.660075388E-03
-1.665557735E-03
-1.670807367E-03
-1.675844425E-03
-1.680686255E-03
-1.685346942E-03
-1.689838944E-03
-1.694172737E-03
-1.698357868E-03
-1.702402253E-03
-1.706313458E-03
-1.710097771E-03
-1.713761245E-03
-1.717309002E-03
-1.720745815E-03
-1.724076108E-03
-1.727303839E-03
-1.730432850E-03
-1.733466168E-03
-1.736407168E-03
-1.739258645E-03
-1.742023393E-03
-1.744703623E-03
-1.747301780E-03
-1.749820076E-03
-1.752260490E-03
-1.754624886E-03
-1.756915008E-03
-1.759132487E-03
-1.761279069E-03
-1.763356035E-03
-1.765364781E-03
-1.767306589E-03
-1.769182854E-03
-1.770994510E-03
-1.772742718E-03
-1.774428645E-03
-1.776052988E-03
-1.777616912E-03
-1.779121114E-03
-1.780566527E-03
-1.781953848E-03
-1.783283777E-03
-1.784557127E-03
-1.785774366E-03
-1.786936307E-03
-1.788043301E-03
-1.789096161E-03
-1.790095121E-03
-1.791040762E-03
-1.791933435E-03
-1.792773837E-03
-1.793562085E-03
-1.794298529E-03
-1.794983749E-03
-1.795617747E-03
-1.796200988E-03
-1.796733704E-03
-1.797216129E-03
-1.797648496E-03
-1.798030804E-03
-1.798363519E-03
-1.798646525E-03
-1.798880054E-03
-1.799064106E-03
-1.799198915E-03
-1.799284481E-03
-1.799320453E-03
-1.799282851E-03
-1.799196121E-03
-1.799060032E-03
-1.798874466E-03
-1.798639656E-03
-1.798355137E-03
-1.798021025E-03
-1.797637087E-03
-1.797203091E-03
-1.796718920E-03
-1.796184340E-03
-1.795599004E-03
-1.794962795E-03
-1.794275478E-03
-1.793536474E-03
-1.792745548E-03
-1.791902469E-03
-1.791006653E-03
-1.790057868E-03
-1.789055415E-03
-1.787998946E-03
-1.786887995E-03
-1.785721863E-03
-1.784499967E-03
-1.783221844E-03
-1.781886676E-03
-1.780493883E-03
-1.779042534E-03
-1.777532045E-03
-1.775961369E-03
-1.774329809E-03
-1.772636315E-03
-1.770879957E-03
-1.769059571E-03
-1.767174108E-03
-1.765222405E-03
-1.763203181E-03
-1.761115040E-03
-1.758956700E-03
-1.756726531E-03
-1.754422905E-03
-1.752044307E-03
-1.749588642E-03
-1.747054164E-03
-1.744438778E-03
-1.741740154E-03
-1.738955965E-03
-1.736083534E-03
-1.733120298E-03
-1.730063115E-03
-1.726908726E-03
-1.723653753E-03
-1.720294240E-03
-1.716826111E-03
-1.713244710E-03
-1.709545148E-03
-1.705721719E-03
-1.701768371E-03
-1.697678235E-03
-1.693443512E-03
-1.689055469E-03
-1.684504212E-03
-1.679778332E-03
-1.674864558E-03
-1.669747173E-03
-1.664407784E-03
-1.658823690E-03
-1.652967068E-03
-1.646802761E-03
-1.640284201E-03
-1.633348060E-03
-1.625902369E-03
-1.617798698E-03
-1.608772785E-03
-1.598054543E-03
-1.799308811E-03
-1.799247926E-03
-1.799137681E-03
-1.798978308E-03
-1.798769459E-03
-1.798511134E-03
-1.798203331E-03
-1.797845820E-03
-1.797438599E-03
-1.796981203E-03
-1.796473633E-03
-1.795915770E-03
-1.795307151E-03
-1.794647542E-03
-1.793936710E-03
-1.793174422E-03
-1.792360214E-03
-1.791493734E-03
-1.790574519E-03
-1.789602218E-03
-1.788576483E-03
-1.787496614E-03
-1.786362263E-03
-1.785172732E-03
-1.783927553E-03
-1.782625914E-03
-1.781267347E-03
-1.779851154E-03
-1.778376405E-03
-1.776842517E-03
-1.775248442E-03
-1.773593482E-03
-1.771876472E-03
-1.770096715E-03
-1.768252812E-03
-1.766343950E-03
-1.764368848E-03
-1.762326108E-03
-1.760214567E-03
-1.758032711E-03
-1.755779143E-03
-1.753452001E-03
-1.751049887E-03
-1.748570823E-03
-1.746012829E-03
-1.743373810E-03
-1.740651671E-03
-1.737843966E-03
-1.734948019E-03
-1.731961267E-03
-1.728880452E-03
-1.725702663E-03
-1.722424058E-03
-1.719040913E-03
-1.715549268E-03
-1.711944351E-03
-1.708221040E-03
-1.704374095E-03
-1.700397115E-03
-1.696283347E-03
-1.692024875E-03
-1.687613316E-03
-1.683038427E-03
-1.678288798E-03
-1.673351275E-03
-1.668210258E-03
-1.662847237E-03
-1.657239394E-03
-1.651359024E-03
-1.645170967E-03
-1.638628659E-03
-1.631668652E-03
-1.624199213E-03
-1.616071910E-03
-1.607022015E-03
-1.596279908E-03
