-1.836302108E-03
-1.626128098E-03
-1.627913443E-03
-1.638949499E-03
-1.648673671E-03
-1.657221117E-03
-1.664992655E-03
-1.672193059E-03
-1.678933855E-03
-1.685291762E-03
-1.691320096E-03
-1.697059604E-03
-1.702541253E-03
-1.707790303E-03
-1.712826779E-03
-1.717668027E-03
-1.722328248E-03
-1.726819784E-03
-1.731153112E-03
-1.735337893E-03
-1.739381929E-03
-1.743292785E-03
-1.747076865E-03
-1.750739990E-03
-1.754287514E-03
-1.757724094E-03
-1.761054271E-03
-1.764281886E-03
-1.767410664E-03
-1.770443865E-03
-1.773384865E-03
-1.776236226E-03
-1.779000857E-03
-1.781681087E-03
-1.784279244E-03
-1.786797540E-03
-1.789237955E-03
-1.791602350E-03
-1.793892472E-03
-1.796110068E-03
-1.798256650E-03
-1.800333732E-03
-1.802342595E-03
-1.804284519E-03
-1.806160901E-03
-1.807972672E-03
-1.809720998E-03
-1.811407041E-03
-1.813031500E-03
-1.814595540E-03
-1.816099975E-03
-1.817545504E-03
-1.818932942E-03
-1.820262987E-03
-1.821536454E-03
-1.822753926E-03
-1.823915984E-03
-1.825023093E-03
-1.826075953E-03
-1.827075146E-03
-1.828020904E-03
-1.828913810E-03
-1.829754212E-03
-1.830542576E-03
-1.831279136E-03
-1.831964473E-03
-1.832598587E-03
-1.833181945E-03
-1.833714661E-03
-1.834197203E-03
-1.834629569E-03
-1.835011994E-03
-1.835344709E-03
-1.835627714E-03
-1.835861360E-03
-1.836045529E-03
-1.836180338E-03
-1.836265787E-03
-1.836289186E-03
-1.836227020E-03
-1.836115494E-03
-1.835954725E-03
-1.835744479E-03
-1.835484756E-03
-1.835175441E-03
-1.834816299E-03
-1.834407216E-03
-1.833948074E-03
-1.833438640E-03
-1.832878683E-03
-1.832267852E-03
-1.831606030E-03
-1.830892754E-03
-1.830127672E-03
-1.829310670E-03
-1.828441047E-03
-1.827518689E-03
-1.826543012E-03
-1.825513435E-03
-1.824429608E-03
-1.823290950E-03
-1.822096878E-03
-1.820846810E-03
-1.819540164E-03
-1.818176010E-03
-1.816753997E-03
-1.815272961E-03
-1.813732320E-03
-1.812131261E-03
-1.810468617E-03
-1.808743691E-03
-1.806955319E-03
-1.805102453E-03
-1.803183928E-03
-1.801198581E-03
-1.799144899E-03
-1.797021832E-03
-1.794827636E-03
-1.792560914E-03
-1.790220034E-03
-1.787803019E-03
-1.785308239E-03
-1.782733598E-03
-1.780076884E-03
-1.777335769E-03
-1.774507924E-03
-1.771590556E-03
-1.768580754E-03
-1.765475492E-03
-1.762271393E-03
-1.758964849E-03
-1.755551784E-03
-1.752027893E-03
-1.748388400E-03
-1.744627836E-03
-1.740740612E-03
-1.736720093E-03
-1.732559060E-03
-1.728249248E-03
-1.723781461E-03
-1.719144871E-03
-1.714327373E-03
-1.709314412E-03
-1.704089227E-03
-1.698631211E-03
-1.692915452E-03
-1.686910633E-03
-1.680576592E-03
-1.673859544E-03
-1.666682889E-03
-1.658935100E-03
-1.650411519E-03
-1.640711096E-03
-1.836290117E-03
-1.836229232E-03
-1.836118987E-03
-1.835959614E-03
-1.835750765E-03
-1.835492440E-03
-1.835184521E-03
-1.834827010E-03
-1.834419672E-03
-1.833962277E-03
-1.833454589E-03
-1.832896611E-03
-1.832287875E-03
-1.831628149E-03
-1.830917317E-03
-1.830154797E-03
-1.829340472E-03
-1.828473876E-03
-1.827554661E-03
-1.826582244E-03
-1.825556275E-03
-1.824476290E-03
-1.823341823E-03
-1.822152175E-03
-1.820906764E-03
-1.819605124E-03
-1.818246441E-03
-1.816830016E-03
-1.815355150E-03
-1.813821029E-03
-1.812226838E-03
-1.810571761E-03
-1.808854751E-03
-1.807074761E-03
-1.805230859E-03
-1.803321880E-03
-1.801346662E-03
-1.799303805E-03
-1.797192148E-03
-1.795010292E-03
-1.792756608E-03
-1.790429465E-03
-1.788027352E-03
-1.785548287E-03
-1.782990294E-03
-1.780351275E-03
-1.777629252E-03
-1.774821547E-03
-1.771925716E-03
-1.768938964E-03
-1.765858382E-03
-1.762680709E-03
-1.759402221E-03
-1.756019308E-03
-1.752527896E-03
-1.748923212E-03
-1.745200250E-03
-1.741353655E-03
-1.737377024E-03
-1.733263605E-03
-1.729005598E-03
-1.724594389E-03
-1.720019965E-03
-1.715270919E-03
-1.710333978E-03
-1.705193543E-03
-1.699831104E-03
-1.694223844E-03
-1.688344288E-03
-1.682156930E-03
-1.675615553E-03
-1.668656361E-03
-1.661187736E-03
-1.653061365E-03
-1.644012518E-03
-1.633271459E-03
-1.836301759E-03
-1.836264273E-03
-1.836177427E-03
-1.836041221E-03
-1.835855772E-03
-1.835620846E-03
-1.835336327E-03
-1.835002098E-03
-1.834618044E-03
-1.834183931E-03
-1.833699760E-03
-1.833164948E-03
-1.832579612E-03
-1.831943286E-03
-1.831255737E-03
-1.830516732E-03
-1.829725690E-03
-1.828882494E-03
-1.827986562E-03
-1.827037544E-03
-1.826034975E-03
-1.824978390E-03
-1.823867206E-03
-1.822700957E-03
-1.821478945E-03
-1.820200589E-03
-1.818865305E-03
-1.817472279E-03
-1.816020813E-03
-1.814510208E-03
-1.812939416E-03
-1.811307739E-03
-1.809614012E-03
-1.807857538E-03
-1.806037035E-03
-1.804151456E-03
-1.802199637E-03
-1.800180296E-03
-1.798092155E-03
-1.795933698E-03
-1.793703414E-03
-1.791399904E-03
-1.789021189E-03
-1.786565525E-03
-1.784031047E-03
-1.781415660E-03
-1.778717036E-03
-1.775932848E-03
-1.773060532E-03
-1.770097297E-03
-1.767040230E-03
-1.763886074E-03
-1.760631218E-03
-1.757271937E-03
-1.753804041E-03
-1.750222873E-03
-1.746523543E-03
-1.742700464E-03
-1.738747465E-03
-1.734657679E-03
-1.730423304E-03
-1.726035727E-03
-1.721484936E-03
-1.716759638E-03
-1.711846329E-03
-1.706729527E-03
-1.701390720E-03
-1.695807325E-03
-1.689951401E-03
-1.683787792E-03
-1.677270047E-03
-1.670334721E-03
-1.662889961E-03
-1.654787222E-03
-1.645762241E-03
-1.635045046E-03
