-1.946572913E-03
-1.736473874E-03
-1.738257939E-03
-1.749291434E-03
-1.759012113E-03
-1.767555950E-03
-1.775324228E-03
-1.782521256E-03
-1.789258909E-03
-1.795613789E-03
-1.801639330E-03
-1.807376044E-03
-1.812855015E-03
-1.818101504E-03
-1.823135535E-03
-1.827974454E-03
-1.832632348E-03
-1.837121672E-03
-1.841453137E-03
-1.845635823E-03
-1.849678112E-03
-1.853587106E-03
-1.857369556E-03
-1.861031051E-03
-1.864577061E-03
-1.868012245E-03
-1.871341025E-03
-1.874567359E-03
-1.877694973E-03
-1.880727010E-03
-1.883666962E-03
-1.886517275E-03
-1.889280975E-03
-1.891960273E-03
-1.894557732E-03
-1.897075213E-03
-1.899514929E-03
-1.901878626E-03
-1.904168283E-03
-1.906385296E-03
-1.908531412E-03
-1.910607913E-03
-1.912616310E-03
-1.914558001E-03
-1.916433917E-03
-1.918245340E-03
-1.919993432E-03
-1.921679126E-03
-1.923303469E-03
-1.924867276E-03
-1.926371478E-03
-1.927816891E-03
-1.929204213E-03
-1.930534141E-03
-1.931807492E-03
-1.933024847E-03
-1.934186905E-03
-1.935294014E-03
-1.936346875E-03
-1.937345951E-03
-1.938291709E-03
-1.939184498E-03
-1.940025017E-03
-1.940813265E-03
-1.941549941E-03
-1.942235162E-03
-1.942869392E-03
-1.943452749E-03
-1.943985466E-03
-1.944468007E-03
-1.944900374E-03
-1.945282915E-03
-1.945615513E-03
-1.945898635E-03
-1.946132164E-03
-1.946316333E-03
-1.946451142E-03
-1.946536708E-03
-1.946559991E-03
-1.946497825E-03
-1.946386299E-03
-1.946225530E-03
-1.946015283E-03
-1.945755444E-03
-1.945446129E-03
-1.945086988E-03
-1.944677904E-03
-1.944218762E-03
-1.943709329E-03
-1.943149255E-03
-1.942538423E-03
-1.941876486E-03
-1.941163209E-03
-1.940398244E-03
-1.939581125E-03
-1.938711619E-03
-1.937789144E-03
-1.936813467E-03
-1.935784006E-03
-1.934700180E-03
-1.933561638E-03
-1.932367566E-03
-1.931117615E-03
-1.929810969E-03
-1.928447047E-03
-1.927025034E-03
-1.925544231E-03
-1.924003824E-03
-1.922402880E-03
-1.920740586E-03
-1.919015893E-03
-1.917227870E-03
-1.915375236E-03
-1.913457178E-03
-1.911472180E-03
-1.909418963E-03
-1.907296362E-03
-1.905102748E-03
-1.902836608E-03
-1.900496311E-03
-1.898080111E-03
-1.895586029E-03
-1.893012086E-03
-1.890356303E-03
-1.887616119E-03
-1.884789206E-03
-1.881872886E-03
-1.878864248E-03
-1.875760150E-03
-1.872557332E-03
-1.869252068E-03
-1.865840517E-03
-1.862318022E-03
-1.858680043E-03
-1.854921225E-03
-1.851035748E-03
-1.847017091E-03
-1.842858037E-03
-1.838550204E-03
-1.834084513E-03
-1.829450252E-03
-1.824634965E-03
-1.819624566E-03
-1.814401825E-03
-1.808946487E-03
-1.803233521E-03
-1.797231613E-03
-1.790900598E-03
-1.784186577E-03
-1.777013182E-03
-1.769268769E-03
-1.760748681E-03
-1.751051866E-03
-1.946560922E-03
-1.946500037E-03
-1.946389908E-03
-1.946230419E-03
-1.946021570E-03
-1.945763244E-03
-1.945455442E-03
-1.945097814E-03
-1.944690477E-03
-1.944233081E-03
-1.943725394E-03
-1.943167415E-03
-1.942558680E-03
-1.941898954E-03
-1.941188122E-03
-1.940425602E-03
-1.939611277E-03
-1.938744681E-03
-1.937825466E-03
-1.936853048E-03
-1.935827197E-03
-1.934747212E-03
-1.933612744E-03
-1.932423213E-03
-1.931177918E-03
-1.929876278E-03
-1.928517711E-03
-1.927101519E-03
-1.925626770E-03
-1.924092881E-03
-1.922498923E-03
-1.920844079E-03
-1.919127302E-03
-1.917347661E-03
-1.915503992E-03
-1.913595479E-03
-1.911620609E-03
-1.909578219E-03
-1.907467144E-03
-1.905285753E-03
-1.903032651E-03
-1.900706207E-03
-1.898304676E-03
-1.895826310E-03
-1.893269131E-03
-1.890631043E-03
-1.887909835E-03
-1.885103178E-03
-1.882208395E-03
-1.879222691E-03
-1.876143273E-03
-1.872966764E-03
-1.869689673E-03
-1.866308157E-03
-1.862818142E-03
-1.859215088E-03
-1.855493756E-03
-1.851648791E-03
-1.847674022E-03
-1.843562466E-03
-1.839306555E-03
-1.834897441E-03
-1.830325229E-03
-1.825578394E-03
-1.820643898E-03
-1.815506024E-03
-1.810146146E-03
-1.804541680E-03
-1.798664918E-03
-1.792480587E-03
-1.785942120E-03
-1.778986189E-03
-1.771520940E-03
-1.763397944E-03
-1.754352706E-03
-1.743615023E-03
-1.946572680E-03
-1.946535078E-03
-1.946448232E-03
-1.946312026E-03
-1.946126577E-03
-1.945891534E-03
-1.945607015E-03
-1.945272787E-03
-1.944888732E-03
-1.944454620E-03
-1.943970332E-03
-1.943435636E-03
-1.942850184E-03
-1.942213858E-03
-1.941526309E-03
-1.940787188E-03
-1.939996146E-03
-1.939152949E-03
-1.938257017E-03
-1.937307999E-03
-1.936305431E-03
-1.935248962E-03
-1.934137777E-03
-1.932971529E-03
-1.931749634E-03
-1.930471393E-03
-1.929136226E-03
-1.927743317E-03
-1.926292083E-03
-1.924781594E-03
-1.923210919E-03
-1.921579475E-03
-1.919886097E-03
-1.918129856E-03
-1.916309702E-03
-1.914424472E-03
-1.912473002E-03
-1.910454128E-03
-1.908366452E-03
-1.906208578E-03
-1.903978875E-03
-1.901675831E-03
-1.899297815E-03
-1.896842849E-03
-1.894309185E-03
-1.891694614E-03
-1.888996921E-03
-1.886213664E-03
-1.883342396E-03
-1.880380209E-03
-1.877324306E-03
-1.874171314E-03
-1.870917738E-03
-1.867559855E-03
-1.864093356E-03
-1.860513818E-03
-1.856816118E-03
-1.852994785E-03
-1.849043532E-03
-1.844955608E-03
-1.840723213E-03
-1.836337731E-03
-1.831789152E-03
-1.827066066E-03
-1.822155202E-03
-1.817040960E-03
-1.811704598E-03
-1.806123997E-03
-1.800270868E-03
-1.794110285E-03
-1.787595567E-03
-1.780663384E-03
-1.773221884E-03
-1.765122637E-03
-1.756101265E-03
-1.745387446E-03
