-1.978007378E-03
-1.767937327E-03
-1.769721624E-03
-1.780753839E-03
-1.790473354E-03
-1.799016143E-03
-1.806783257E-03
-1.813979354E-03
-1.820715959E-03
-1.827069907E-03
-1.833094400E-03
-1.838830300E-03
-1.844308339E-03
-1.849553897E-03
-1.854587230E-03
-1.859425334E-03
-1.864082413E-03
-1.868571038E-03
-1.872901688E-03
-1.877083792E-03
-1.881125267E-03
-1.885033795E-03
-1.888815546E-03
-1.892476459E-03
-1.896021888E-03
-1.899456489E-03
-1.902784803E-03
-1.906010555E-03
-1.909137703E-03
-1.912169275E-03
-1.915108762E-03
-1.917958725E-03
-1.920721959E-03
-1.923400909E-03
-1.925997902E-03
-1.928515034E-03
-1.930954400E-03
-1.933317864E-03
-1.935607055E-03
-1.937823836E-03
-1.939969603E-03
-1.942045987E-03
-1.944054151E-03
-1.945995493E-03
-1.947871177E-03
-1.949682483E-03
-1.951430342E-03
-1.953115803E-03
-1.954739913E-03
-1.956303604E-03
-1.957807690E-03
-1.959252870E-03
-1.960640075E-03
-1.961970003E-03
-1.963243121E-03
-1.964460360E-03
-1.965622185E-03
-1.966729295E-03
-1.967781922E-03
-1.968780998E-03
-1.969726756E-03
-1.970619429E-03
-1.971459715E-03
-1.972248079E-03
-1.972984755E-03
-1.973669743E-03
-1.974303974E-03
-1.974887215E-03
-1.975420164E-03
-1.975902589E-03
-1.976334956E-03
-1.976717263E-03
-1.977049978E-03
-1.977333101E-03
-1.977566630E-03
-1.977750799E-03
-1.977885608E-03
-1.977971056E-03
-1.977994340E-03
-1.977932174E-03
-1.977820648E-03
-1.977659762E-03
-1.977449749E-03
-1.977189910E-03
-1.976880478E-03
-1.976521453E-03
-1.976112369E-03
-1.975653227E-03
-1.975143794E-03
-1.974583836E-03
-1.973973121E-03
-1.973311184E-03
-1.972598024E-03
-1.971833175E-03
-1.971016172E-03
-1.970146550E-03
-1.969224308E-03
-1.968248747E-03
-1.967219170E-03
-1.966135576E-03
-1.964997035E-03
-1.963803312E-03
-1.962553477E-03
-1.961246831E-03
-1.959883142E-03
-1.958461246E-03
-1.956980675E-03
-1.955440268E-03
-1.953839557E-03
-1.952177496E-03
-1.950453036E-03
-1.948665245E-03
-1.946812845E-03
-1.944895019E-03
-1.942910254E-03
-1.940857386E-03
-1.938735018E-03
-1.936541637E-03
-1.934275846E-03
-1.931935898E-03
-1.929520047E-03
-1.927026315E-03
-1.924452838E-03
-1.921797288E-03
-1.919057569E-03
-1.916231122E-03
-1.913315151E-03
-1.910306979E-03
-1.907203463E-03
-1.904001227E-03
-1.900696428E-03
-1.897285343E-03
-1.893763547E-03
-1.890126150E-03
-1.886367914E-03
-1.882483135E-03
-1.878465177E-03
-1.874306705E-03
-1.869999687E-03
-1.865534694E-03
-1.860901131E-03
-1.856086776E-03
-1.851077075E-03
-1.845855266E-03
-1.840400859E-03
-1.834688708E-03
-1.828687848E-03
-1.822357764E-03
-1.815644791E-03
-1.808472443E-03
-1.800729078E-03
-1.792210038E-03
-1.782514388E-03
-1.977995271E-03
-1.977934502E-03
-1.977824373E-03
-1.977664884E-03
-1.977456035E-03
-1.977197593E-03
-1.976889791E-03
-1.976532396E-03
-1.976124942E-03
-1.975667663E-03
-1.975159859E-03
-1.974601997E-03
-1.973993378E-03
-1.973333769E-03
-1.972622937E-03
-1.971860416E-03
-1.971046207E-03
-1.970179612E-03
-1.969260396E-03
-1.968288096E-03
-1.967262477E-03
-1.966182608E-03
-1.965048257E-03
-1.963858726E-03
-1.962613547E-03
-1.961312024E-03
-1.959953690E-03
-1.958537614E-03
-1.957063098E-03
-1.955529209E-03
-1.953935483E-03
-1.952280873E-03
-1.950564212E-03
-1.948784804E-03
-1.946941484E-03
-1.945033087E-03
-1.943058451E-03
-1.941016410E-03
-1.938905567E-03
-1.936724409E-03
-1.934471657E-03
-1.932145446E-03
-1.929744380E-03
-1.927266363E-03
-1.924709533E-03
-1.922071795E-03
-1.919351052E-03
-1.916544745E-03
-1.913650427E-03
-1.910665189E-03
-1.907586236E-03
-1.904410194E-03
-1.901133684E-03
-1.897752751E-03
-1.894263318E-03
-1.890660729E-03
-1.886940096E-03
-1.883095712E-03
-1.879121643E-03
-1.875010785E-03
-1.870755455E-03
-1.866347156E-03
-1.861775643E-03
-1.857029740E-03
-1.852095942E-03
-1.846958883E-03
-1.841599937E-03
-1.835996401E-03
-1.830120455E-03
-1.823937055E-03
-1.817399752E-03
-1.810444752E-03
-1.802980551E-03
-1.794858719E-03
-1.785814529E-03
-1.775078243E-03
-1.978006912E-03
-1.977969427E-03
-1.977882581E-03
-1.977746375E-03
-1.977561042E-03
-1.977325883E-03
-1.977041364E-03
-1.976707252E-03
-1.976323314E-03
-1.975889085E-03
-1.975404797E-03
-1.974870218E-03
-1.974284882E-03
-1.973648556E-03
-1.972961007E-03
-1.972222002E-03
-1.971431077E-03
-1.970587997E-03
-1.969692064E-03
-1.968743280E-03
-1.967740711E-03
-1.966684358E-03
-1.965573290E-03
-1.964407042E-03
-1.963185379E-03
-1.961907372E-03
-1.960572321E-03
-1.959179528E-03
-1.957728295E-03
-1.956217922E-03
-1.954647712E-03
-1.953016268E-03
-1.951323124E-03
-1.949567115E-03
-1.947747194E-03
-1.945862197E-03
-1.943910960E-03
-1.941892435E-03
-1.939804992E-03
-1.937647350E-03
-1.935417997E-03
-1.933115302E-03
-1.930737519E-03
-1.928283018E-03
-1.925749704E-03
-1.923135482E-03
-1.920438139E-03
-1.917655347E-03
-1.914784545E-03
-1.911822823E-03
-1.908767386E-03
-1.905614859E-03
-1.902361866E-03
-1.899004448E-03
-1.895538531E-03
-1.891959575E-03
-1.888262457E-03
-1.884441823E-03
-1.880491152E-03
-1.876404043E-03
-1.872172346E-03
-1.867787563E-03
-1.863239682E-03
-1.858517411E-03
-1.853607362E-03
-1.848493936E-03
-1.843158505E-03
-1.837578835E-03
-1.831726637E-03
-1.825566986E-03
-1.819053199E-03
-1.812122064E-03
-1.804681611E-03
-1.796583412E-03
-1.787563087E-03
-1.776850666E-03
