-1.872169669E-03
-1.662014052E-03
-1.663798816E-03
-1.674834290E-03
-1.684557414E-03
-1.693103812E-03
-1.700874418E-03
-1.708073774E-03
-1.714813639E-03
-1.721170614E-03
-1.727198134E-03
-1.732936827E-03
-1.738417777E-03
-1.743666013E-03
-1.748701790E-03
-1.753542456E-03
-1.758201979E-03
-1.762692933E-03
-1.767025678E-03
-1.771209878E-03
-1.775253448E-03
-1.779163838E-03
-1.782947453E-03
-1.786610228E-03
-1.790157286E-03
-1.793593634E-03
-1.796923461E-03
-1.800150727E-03
-1.803279272E-03
-1.806312241E-03
-1.809252892E-03
-1.812104136E-03
-1.814868534E-03
-1.817548531E-03
-1.820146572E-03
-1.822664752E-03
-1.825105050E-03
-1.827469328E-03
-1.829759334E-03
-1.831976930E-03
-1.834123395E-03
-1.836200361E-03
-1.838209224E-03
-1.840151148E-03
-1.842027414E-03
-1.843839185E-03
-1.845587627E-03
-1.847273554E-03
-1.848898130E-03
-1.850462169E-03
-1.851966605E-03
-1.853412134E-03
-1.854799571E-03
-1.856129733E-03
-1.857403200E-03
-1.858620672E-03
-1.859782846E-03
-1.860890072E-03
-1.861942932E-03
-1.862942125E-03
-1.863887999E-03
-1.864780905E-03
-1.865621423E-03
-1.866409788E-03
-1.867146464E-03
-1.867831685E-03
-1.868465915E-03
-1.869049272E-03
-1.869582105E-03
-1.870064647E-03
-1.870497013E-03
-1.870879554E-03
-1.871212269E-03
-1.871495275E-03
-1.871728920E-03
-1.871913089E-03
-1.872047898E-03
-1.872133464E-03
-1.872156747E-03
-1.872094581E-03
-1.871983055E-03
-1.871822169E-03
-1.871611923E-03
-1.871352200E-03
-1.871042885E-03
-1.870683744E-03
-1.870274660E-03
-1.869815518E-03
-1.869305968E-03
-1.868745894E-03
-1.868135063E-03
-1.867473125E-03
-1.866759849E-03
-1.865994767E-03
-1.865177648E-03
-1.864308026E-03
-1.863385551E-03
-1.862409757E-03
-1.861380180E-03
-1.860296354E-03
-1.859157579E-03
-1.857963507E-03
-1.856713439E-03
-1.855406677E-03
-1.854042523E-03
-1.852620393E-03
-1.851139357E-03
-1.849598717E-03
-1.847997541E-03
-1.846335013E-03
-1.844609971E-03
-1.842821599E-03
-1.840968733E-03
-1.839050208E-03
-1.837064861E-03
-1.835011295E-03
-1.832888229E-03
-1.830694149E-03
-1.828427543E-03
-1.826086664E-03
-1.823669882E-03
-1.821175218E-03
-1.818600693E-03
-1.815944095E-03
-1.813203213E-03
-1.810375601E-03
-1.807458350E-03
-1.804448897E-03
-1.801343984E-03
-1.798140118E-03
-1.794833923E-03
-1.791421208E-03
-1.787897665E-03
-1.784258522E-03
-1.780498424E-03
-1.776611665E-03
-1.772591611E-03
-1.768431161E-03
-1.764121931E-03
-1.759654609E-03
-1.755018719E-03
-1.750201802E-03
-1.745189540E-03
-1.739965053E-03
-1.734507852E-03
-1.728792908E-03
-1.722788904E-03
-1.716455794E-03
-1.709739678E-03
-1.702563954E-03
-1.694817212E-03
-1.686294563E-03
-1.676595304E-03
-1.872157678E-03
-1.872096793E-03
-1.871986664E-03
-1.871827175E-03
-1.871618326E-03
-1.871360000E-03
-1.871052082E-03
-1.870694570E-03
-1.870287117E-03
-1.869829721E-03
-1.869322034E-03
-1.868763939E-03
-1.868155203E-03
-1.867495477E-03
-1.866784529E-03
-1.866022008E-03
-1.865207683E-03
-1.864340971E-03
-1.863421639E-03
-1.862449222E-03
-1.861423254E-03
-1.860343269E-03
-1.859208685E-03
-1.858018921E-03
-1.856773510E-03
-1.855471870E-03
-1.854113070E-03
-1.852696645E-03
-1.851221779E-03
-1.849687658E-03
-1.848093467E-03
-1.846438274E-03
-1.844721264E-03
-1.842941274E-03
-1.841097372E-03
-1.839188510E-03
-1.837213291E-03
-1.835170551E-03
-1.833058894E-03
-1.830877154E-03
-1.828623470E-03
-1.826296560E-03
-1.823894447E-03
-1.821415499E-03
-1.818857621E-03
-1.816218835E-03
-1.813497045E-03
-1.810689573E-03
-1.807793975E-03
-1.804807456E-03
-1.801727107E-03
-1.798549667E-03
-1.795271528E-03
-1.791888964E-03
-1.788397902E-03
-1.784793683E-03
-1.781071187E-03
-1.777224941E-03
-1.773248776E-03
-1.769135823E-03
-1.764878398E-03
-1.760467771E-03
-1.755894045E-03
-1.751145581E-03
-1.746209338E-03
-1.741069602E-03
-1.735707861E-03
-1.730101532E-03
-1.724222675E-03
-1.718036248E-03
-1.711495686E-03
-1.704537426E-03
-1.697069965E-03
-1.688944642E-03
-1.679896843E-03
-1.669156598E-03
-1.872169436E-03
-1.872131834E-03
-1.872044988E-03
-1.871908782E-03
-1.871723332E-03
-1.871488290E-03
-1.871203771E-03
-1.870869542E-03
-1.870485488E-03
-1.870051376E-03
-1.869566971E-03
-1.869032276E-03
-1.868446823E-03
-1.867810497E-03
-1.867122948E-03
-1.866383711E-03
-1.865592669E-03
-1.864749356E-03
-1.863853424E-03
-1.862904290E-03
-1.861901721E-03
-1.860845136E-03
-1.859733835E-03
-1.858567470E-03
-1.857345458E-03
-1.856067101E-03
-1.854731818E-03
-1.853338676E-03
-1.851887209E-03
-1.850376488E-03
-1.848805696E-03
-1.847174019E-03
-1.845480292E-03
-1.843723818E-03
-1.841903315E-03
-1.840017852E-03
-1.838066033E-03
-1.836046693E-03
-1.833958551E-03
-1.831800211E-03
-1.829570043E-03
-1.827266533E-03
-1.824887935E-03
-1.822432387E-03
-1.819898142E-03
-1.817282755E-03
-1.814584364E-03
-1.811800408E-03
-1.808928326E-03
-1.805965323E-03
-1.802908606E-03
-1.799754566E-03
-1.796500059E-03
-1.793141128E-03
-1.789673581E-03
-1.786092878E-03
-1.782393898E-03
-1.778571284E-03
-1.774618751E-03
-1.770529430E-03
-1.766295638E-03
-1.761908643E-03
-1.757358434E-03
-1.752633718E-03
-1.747721108E-03
-1.742605120E-03
-1.737266895E-03
-1.731684315E-03
-1.725829323E-03
-1.719666529E-03
-1.713149715E-03
-1.706215204E-03
-1.698771492E-03
-1.690669800E-03
-1.681645866E-03
-1.670929487E-03
