-1.821770682E-03
-1.611591317E-03
-1.613377128E-03
-1.624413067E-03
-1.634137705E-03
-1.642685616E-03
-1.650457503E-03
-1.657658257E-03
-1.664399402E-03
-1.670757541E-03
-1.676786342E-03
-1.682526083E-03
-1.688008080E-03
-1.693257247E-03
-1.698294072E-03
-1.703135553E-03
-1.707795891E-03
-1.712287660E-03
-1.716621220E-03
-1.720806118E-03
-1.724850386E-03
-1.728761359E-03
-1.732545556E-03
-1.736208797E-03
-1.739756437E-03
-1.743193134E-03
-1.746523427E-03
-1.749751042E-03
-1.752879936E-03
-1.755913254E-03
-1.758854254E-03
-1.761705731E-03
-1.764470362E-03
-1.767150592E-03
-1.769748866E-03
-1.772267045E-03
-1.774707576E-03
-1.777071971E-03
-1.779362094E-03
-1.781579689E-03
-1.783726271E-03
-1.785803353E-03
-1.787812100E-03
-1.789754140E-03
-1.791630406E-03
-1.793442178E-03
-1.795190503E-03
-1.796876430E-03
-1.798500889E-03
-1.800064929E-03
-1.801569248E-03
-1.803014777E-03
-1.804402098E-03
-1.805732260E-03
-1.807005610E-03
-1.808222965E-03
-1.809385023E-03
-1.810492133E-03
-1.811544993E-03
-1.812544069E-03
-1.813489827E-03
-1.814382616E-03
-1.815223019E-03
-1.816011383E-03
-1.816747943E-03
-1.817433164E-03
-1.818067278E-03
-1.818650635E-03
-1.819183351E-03
-1.819665777E-03
-1.820098143E-03
-1.820480567E-03
-1.820813282E-03
-1.821096288E-03
-1.821329817E-03
-1.821513986E-03
-1.821648795E-03
-1.821734360E-03
-1.821757760E-03
-1.821695478E-03
-1.821584068E-03
-1.821423299E-03
-1.821213053E-03
-1.820953330E-03
-1.820644015E-03
-1.820284990E-03
-1.819875906E-03
-1.819416881E-03
-1.818907447E-03
-1.818347489E-03
-1.817736658E-03
-1.817074837E-03
-1.816361560E-03
-1.815596595E-03
-1.814779593E-03
-1.813910087E-03
-1.812987728E-03
-1.812012051E-03
-1.810982591E-03
-1.809898880E-03
-1.808760222E-03
-1.807566267E-03
-1.806316199E-03
-1.805009553E-03
-1.803645515E-03
-1.802223385E-03
-1.800742466E-03
-1.799201942E-03
-1.797600766E-03
-1.795938355E-03
-1.794213429E-03
-1.792425057E-03
-1.790572191E-03
-1.788653666E-03
-1.786668319E-03
-1.784614753E-03
-1.782491570E-03
-1.780297491E-03
-1.778030768E-03
-1.775689772E-03
-1.773272874E-03
-1.770778093E-03
-1.768203336E-03
-1.765546622E-03
-1.762805507E-03
-1.759977546E-03
-1.757060178E-03
-1.754050259E-03
-1.750944997E-03
-1.747740898E-03
-1.744434237E-03
-1.741021057E-03
-1.737496932E-03
-1.733857323E-03
-1.730096759E-03
-1.726209302E-03
-1.722188666E-03
-1.718027401E-03
-1.713717473E-03
-1.709249453E-03
-1.704612630E-03
-1.699794899E-03
-1.694781706E-03
-1.689556288E-03
-1.684097922E-03
-1.678381930E-03
-1.672376879E-03
-1.666042488E-03
-1.659325091E-03
-1.652148087E-03
-1.644399948E-03
-1.635875902E-03
-1.626175130E-03
-1.821758691E-03
-1.821697806E-03
-1.821587561E-03
-1.821428072E-03
-1.821219223E-03
-1.820961013E-03
-1.820653211E-03
-1.820295583E-03
-1.819888246E-03
-1.819430850E-03
-1.818923280E-03
-1.818365301E-03
-1.817756565E-03
-1.817096956E-03
-1.816386124E-03
-1.815623720E-03
-1.814809395E-03
-1.813942799E-03
-1.813023584E-03
-1.812051167E-03
-1.811025315E-03
-1.809945446E-03
-1.808810863E-03
-1.807621331E-03
-1.806375920E-03
-1.805074280E-03
-1.803715597E-03
-1.802299288E-03
-1.800824539E-03
-1.799290418E-03
-1.797696343E-03
-1.796041150E-03
-1.794324256E-03
-1.792544266E-03
-1.790700364E-03
-1.788791385E-03
-1.786816167E-03
-1.784773427E-03
-1.782661770E-03
-1.780479914E-03
-1.778226229E-03
-1.775899087E-03
-1.773496973E-03
-1.771017793E-03
-1.768459799E-03
-1.765820896E-03
-1.763098757E-03
-1.760291052E-03
-1.757395105E-03
-1.754408353E-03
-1.751327654E-03
-1.748149865E-03
-1.744871377E-03
-1.741488348E-03
-1.737996819E-03
-1.734392019E-03
-1.730668941E-03
-1.726822113E-03
-1.722845365E-03
-1.718731713E-03
-1.714473590E-03
-1.710062148E-03
-1.705487608E-03
-1.700738329E-03
-1.695801038E-03
-1.690660371E-03
-1.685297699E-03
-1.679690205E-03
-1.673810300E-03
-1.667622593E-03
-1.661080867E-03
-1.654121326E-03
-1.646652468E-03
-1.638525631E-03
-1.629476435E-03
-1.618734677E-03
-1.821770333E-03
-1.821732731E-03
-1.821645885E-03
-1.821509795E-03
-1.821324346E-03
-1.821089420E-03
-1.820804900E-03
-1.820470672E-03
-1.820086734E-03
-1.819652622E-03
-1.819168450E-03
-1.818633755E-03
-1.818048418E-03
-1.817412092E-03
-1.816724660E-03
-1.815985539E-03
-1.815194613E-03
-1.814351417E-03
-1.813455601E-03
-1.812506584E-03
-1.811504131E-03
-1.810447546E-03
-1.809336361E-03
-1.808170113E-03
-1.806948218E-03
-1.805669977E-03
-1.804334694E-03
-1.802941784E-03
-1.801490318E-03
-1.799979713E-03
-1.798409037E-03
-1.796777360E-03
-1.795083750E-03
-1.793327276E-03
-1.791506773E-03
-1.789621194E-03
-1.787669375E-03
-1.785650151E-03
-1.783561893E-03
-1.781403553E-03
-1.779173268E-03
-1.776869642E-03
-1.774490927E-03
-1.772035379E-03
-1.769500901E-03
-1.766885398E-03
-1.764186774E-03
-1.761402586E-03
-1.758530270E-03
-1.755566918E-03
-1.752509852E-03
-1.749355462E-03
-1.746100606E-03
-1.742741209E-03
-1.739273197E-03
-1.735691912E-03
-1.731992466E-03
-1.728169271E-03
-1.724216039E-03
-1.720126136E-03
-1.715891645E-03
-1.711503835E-03
-1.706952811E-03
-1.702227280E-03
-1.697313739E-03
-1.692196704E-03
-1.686857664E-03
-1.681274036E-03
-1.675417763E-03
-1.669253921E-03
-1.662735827E-03
-1.655800035E-03
-1.648354926E-03
-1.640251838E-03
-1.631226507E-03
-1.620508614E-03
