-1.790993498E-03
-1.582594588E-03
-1.580807613E-03
-1.790980576E-03
-1.790918410E-03
-1.790807000E-03
-1.790646231E-03
-1.790436101E-03
-1.790176495E-03
-1.789867179E-03
-1.789508155E-03
-1.789099304E-03
-1.788640278E-03
-1.788130961E-03
-1.787571004E-03
-1.786960405E-03
-1.786298584E-03
-1.785585540E-03
-1.784820692E-03
-1.784003805E-03
-1.783134416E-03
-1.782212174E-03
-1.781236730E-03
-1.780207385E-03
-1.779123791E-03
-1.777985250E-03
-1.776791411E-03
-1.775541576E-03
-1.774235046E-03
-1.772871241E-03
-1.771449344E-03
-1.769968541E-03
-1.768428134E-03
-1.766827190E-03
-1.765164779E-03
-1.763440087E-03
-1.761651831E-03
-1.759799197E-03
-1.757880789E-03
-1.755895559E-03
-1.753842109E-03
-1.751719043E-03
-1.749524963E-03
-1.747258357E-03
-1.744917594E-03
-1.742500695E-03
-1.740005915E-03
-1.737431274E-03
-1.734774560E-03
-1.732033445E-03
-1.729205484E-03
-1.726287999E-03
-1.723278197E-03
-1.720172819E-03
-1.716968603E-03
-1.713661826E-03
-1.710248529E-03
-1.706724404E-03
-1.703084563E-03
-1.699323766E-03
-1.695436193E-03
-1.691415207E-03
-1.687253709E-03
-1.682943432E-03
-1.678475062E-03
-1.673838007E-03
-1.669019810E-03
-1.664006268E-03
-1.658780267E-03
-1.653321553E-03
-1.647604979E-03
-1.641599345E-03
-1.635264372E-03
-1.628546393E-03
-1.621368690E-03
-1.613619854E-03
-1.605095109E-03
-1.595393522E-03
-1.593630295E-03
-1.603355748E-03
-1.611904358E-03
-1.619677059E-03
-1.626878395E-03
-1.633620239E-03
-1.639979077E-03
-1.646008343E-03
-1.651748666E-03
-1.657231129E-03
-1.662480761E-03
-1.667518052E-03
-1.672359882E-03
-1.677020686E-03
-1.681512687E-03
-1.685846597E-03
-1.690031728E-03
-1.694076345E-03
-1.697987551E-03
-1.701771980E-03
-1.705435337E-03
-1.708983094E-03
-1.712420024E-03
-1.715750317E-03
-1.718978165E-03
-1.722107059E-03
-1.725140493E-03
-1.728081494E-03
-1.730932971E-03
-1.733697602E-03
-1.736377832E-03
-1.738975989E-03
-1.741494285E-03
-1.743934583E-03
-1.746298978E-03
-1.748589100E-03
-1.750806579E-03
-1.752953045E-03
-1.755030011E-03
-1.757038641E-03
-1.758980565E-03
-1.760856714E-03
-1.762668369E-03
-1.764416462E-03
-1.766102389E-03
-1.767726731E-03
-1.769290539E-03
-1.770794741E-03
-1.772240037E-03
-1.773627358E-03
-1.774957287E-03
-1.776230522E-03
-1.777447760E-03
-1.778609585E-03
-1.779716578E-03
-1.780769322E-03
-1.781768282E-03
-1.782713807E-03
-1.783606596E-03
-1.784446882E-03
-1.785235014E-03
-1.785971574E-03
-1.786656678E-03
-1.787290676E-03
-1.787873916E-03
-1.788406633E-03
-1.788889058E-03
-1.789321308E-03
-1.789703616E-03
-1.790036331E-03
-1.790319337E-03
-1.790552866E-03
-1.790736918E-03
-1.790871727E-03
-1.790957293E-03
-1.790993265E-03
-1.790955663E-03
-1.790868933E-03
-1.790732844E-03
-1.790547394E-03
-1.790312468E-03
-1.790028065E-03
-1.789693953E-03
-1.789310016E-03
-1.788876019E-03
-1.788391848E-03
-1.787857269E-03
-1.787272049E-03
-1.786635956E-03
-1.785948523E-03
-1.785209635E-03
-1.784418826E-03
-1.783575746E-03
-1.782679930E-03
-1.781731145E-03
-1.780728810E-03
-1.779672340E-03
-1.778561389E-03
-1.777395373E-03
-1.776173594E-03
-1.774895471E-03
-1.773560420E-03
-1.772167510E-03
-1.770716277E-03
-1.769205788E-03
-1.767635229E-03
-1.766003785E-03
-1.764310291E-03
-1.762553933E-03
-1.760733663E-03
-1.758848201E-03
-1.756896614E-03
-1.754877390E-03
-1.752789365E-03
-1.750631025E-03
-1.748400857E-03
-1.746097347E-03
-1.743718749E-03
-1.741263201E-03
-1.738728723E-03
-1.736113220E-03
-1.733414712E-03
-1.730630524E-03
-1.727758092E-03
-1.724794856E-03
-1.721737674E-03
-1.718583284E-03
-1.715328312E-03
-1.711968798E-03
-1.708500669E-03
-1.704919268E-03
-1.701219589E-03
-1.697396161E-03
-1.693442813E-03
-1.689352561E-03
-1.685117721E-03
-1.680729678E-03
-1.676178304E-03
-1.671452424E-03
-1.666538417E-03
-1.661421033E-03
-1.656081411E-03
-1.650497317E-03
-1.644640579E-03
-1.638476155E-03
-1.631957362E-03
-1.625020988E-03
-1.617575181E-03
-1.609471394E-03
-1.600445248E-03
-1.589726540E-03
-1.790981507E-03
-1.790920622E-03
-1.790810493E-03
-1.790651004E-03
-1.790442271E-03
-1.790183946E-03
-1.789876143E-03
-1.789518748E-03
-1.789111411E-03
-1.788654132E-03
-1.788146561E-03
-1.787588699E-03
-1.786980079E-03
-1.786320470E-03
-1.785609755E-03
-1.784847467E-03
-1.784033258E-03
-1.783166779E-03
-1.782247680E-03
-1.781275496E-03
-1.780249760E-03
-1.779169892E-03
-1.778035541E-03
-1.776846126E-03
-1.775600947E-03
-1.774299424E-03
-1.772940857E-03
-1.771524665E-03
-1.770050032E-03
-1.768516144E-03
-1.766922069E-03
-1.765267109E-03
-1.763550332E-03
-1.761770458E-03
-1.759926672E-03
-1.758017926E-03
-1.756042824E-03
-1.754000084E-03
-1.751888543E-03
-1.749706804E-03
-1.747453236E-03
-1.745126210E-03
-1.742724096E-03
-1.740245032E-03
-1.737687038E-03
-1.735048019E-03
-1.732325996E-03
-1.729518292E-03
-1.726622344E-03
-1.723635476E-03
-1.720554777E-03
-1.717376872E-03
-1.714098267E-03
-1.710715122E-03
-1.707223360E-03
-1.703618444E-03
-1.699895132E-03
-1.696048188E-03
-1.692071208E-03
-1.687957207E-03
-1.683698851E-03
-1.679287059E-03
-1.674712170E-03
-1.669962425E-03
-1.665024785E-03
-1.659883652E-03
-1.654520514E-03
-1.648912556E-03
-1.643032068E-03
-1.636843779E-03
-1.630301354E-03
-1.623341232E-03
-1.615871559E-03
-1.607744023E-03
-1.598694013E-03
-1.587951439E-03
