-1.918741618E-03
-1.708614873E-03
-1.710407319E-03
-1.721433480E-03
-1.731155207E-03
-1.739700092E-03
-1.747469301E-03
-1.754667261E-03
-1.761405962E-03
-1.767761656E-03
-1.773788012E-03
-1.779525541E-03
-1.785005326E-03
-1.790252514E-03
-1.795287360E-03
-1.800126978E-03
-1.804785570E-03
-1.809275709E-03
-1.813607640E-03
-1.817791024E-03
-1.821833896E-03
-1.825743588E-03
-1.829526504E-03
-1.833188580E-03
-1.836735057E-03
-1.840170822E-03
-1.843500067E-03
-1.846726867E-03
-1.849854831E-03
-1.852887450E-03
-1.855827752E-03
-1.858678530E-03
-1.861442579E-03
-1.864122227E-03
-1.866719918E-03
-1.869237749E-03
-1.871677814E-03
-1.874041860E-03
-1.876331749E-03
-1.878549112E-03
-1.880695345E-03
-1.882772194E-03
-1.884780824E-03
-1.886722748E-03
-1.888598897E-03
-1.890410553E-03
-1.892158762E-03
-1.893844688E-03
-1.895469264E-03
-1.897033188E-03
-1.898537506E-03
-1.899983152E-03
-1.901370590E-03
-1.902700635E-03
-1.903974218E-03
-1.905191690E-03
-1.906353747E-03
-1.907460974E-03
-1.908513950E-03
-1.909513143E-03
-1.910459017E-03
-1.911352039E-03
-1.912192558E-03
-1.912980922E-03
-1.913717715E-03
-1.914403052E-03
-1.915037283E-03
-1.915620640E-03
-1.916153589E-03
-1.916636131E-03
-1.917068614E-03
-1.917451154E-03
-1.917783869E-03
-1.918066991E-03
-1.918300637E-03
-1.918484922E-03
-1.918619731E-03
-1.918705297E-03
-1.918728813E-03
-1.918666647E-03
-1.918555121E-03
-1.918394351E-03
-1.918184222E-03
-1.917924499E-03
-1.917615184E-03
-1.917256042E-03
-1.916847075E-03
-1.916387933E-03
-1.915878500E-03
-1.915318426E-03
-1.914707711E-03
-1.914045773E-03
-1.913332497E-03
-1.912567532E-03
-1.911750413E-03
-1.910880907E-03
-1.909958548E-03
-1.908982871E-03
-1.907953294E-03
-1.906869584E-03
-1.905730926E-03
-1.904536854E-03
-1.903286902E-03
-1.901980257E-03
-1.900616218E-03
-1.899194205E-03
-1.897713402E-03
-1.896172878E-03
-1.894571818E-03
-1.892909408E-03
-1.891184715E-03
-1.889396575E-03
-1.887543825E-03
-1.885625650E-03
-1.883640420E-03
-1.881587203E-03
-1.879464369E-03
-1.877270639E-03
-1.875004382E-03
-1.872663852E-03
-1.870247419E-03
-1.867753104E-03
-1.865178929E-03
-1.862522913E-03
-1.859782496E-03
-1.856955234E-03
-1.854038564E-03
-1.851029694E-03
-1.847925247E-03
-1.844722079E-03
-1.841416466E-03
-1.838004449E-03
-1.834481605E-03
-1.830843277E-03
-1.827083994E-03
-1.823198050E-03
-1.819178811E-03
-1.815019175E-03
-1.810710877E-03
-1.806244603E-03
-1.801609760E-03
-1.796793891E-03
-1.791782794E-03
-1.786559355E-03
-1.781103318E-03
-1.775389654E-03
-1.769387047E-03
-1.763055217E-03
-1.756340498E-03
-1.749166171E-03
-1.741420943E-03
-1.732899924E-03
-1.723202178E-03
-1.918729628E-03
-1.918668742E-03
-1.918558497E-03
-1.918398892E-03
-1.918190042E-03
-1.917931717E-03
-1.917623682E-03
-1.917266054E-03
-1.916858600E-03
-1.916401088E-03
-1.915893401E-03
-1.915335306E-03
-1.914726454E-03
-1.914066728E-03
-1.913355780E-03
-1.912593259E-03
-1.911778818E-03
-1.910912106E-03
-1.909992658E-03
-1.909020240E-03
-1.907994272E-03
-1.906914171E-03
-1.905779587E-03
-1.904589823E-03
-1.903344528E-03
-1.902042772E-03
-1.900683972E-03
-1.899267663E-03
-1.897792798E-03
-1.896258676E-03
-1.894664601E-03
-1.893009525E-03
-1.891292515E-03
-1.889512641E-03
-1.887668855E-03
-1.885760110E-03
-1.883785008E-03
-1.881742384E-03
-1.879630960E-03
-1.877449336E-03
-1.875196001E-03
-1.872869208E-03
-1.870467444E-03
-1.867988729E-03
-1.865431201E-03
-1.862792764E-03
-1.860071206E-03
-1.857264084E-03
-1.854368951E-03
-1.851382898E-03
-1.848303014E-03
-1.845126040E-03
-1.841848483E-03
-1.838466502E-03
-1.834976021E-03
-1.831372385E-03
-1.827650471E-03
-1.823804923E-03
-1.819829573E-03
-1.815717435E-03
-1.811460825E-03
-1.807051012E-03
-1.802478102E-03
-1.797730685E-03
-1.792795374E-03
-1.787656685E-03
-1.782295993E-03
-1.776690828E-03
-1.770813134E-03
-1.764627872E-03
-1.758088707E-03
-1.751131727E-03
-1.743665547E-03
-1.735541620E-03
-1.726495335E-03
-1.715756836E-03
-1.918741385E-03
-1.918703900E-03
-1.918617054E-03
-1.918480964E-03
-1.918295515E-03
-1.918060589E-03
-1.917776070E-03
-1.917441841E-03
-1.917057787E-03
-1.916623791E-03
-1.916139503E-03
-1.915604807E-03
-1.915019471E-03
-1.914383145E-03
-1.913695596E-03
-1.912956475E-03
-1.912165550E-03
-1.911322237E-03
-1.910426305E-03
-1.909477403E-03
-1.908474835E-03
-1.907418249E-03
-1.906307065E-03
-1.905140816E-03
-1.903918921E-03
-1.902640681E-03
-1.901305397E-03
-1.899912488E-03
-1.898461138E-03
-1.896950649E-03
-1.895379974E-03
-1.893748413E-03
-1.892054919E-03
-1.890298561E-03
-1.888478291E-03
-1.886593061E-03
-1.884641475E-03
-1.882622484E-03
-1.880534575E-03
-1.878376468E-03
-1.876146649E-03
-1.873843488E-03
-1.871465240E-03
-1.869010041E-03
-1.866476145E-03
-1.863861340E-03
-1.861163415E-03
-1.858379808E-03
-1.855508308E-03
-1.852545887E-03
-1.849489636E-03
-1.846336294E-03
-1.843082369E-03
-1.839724020E-03
-1.836257172E-03
-1.832677168E-03
-1.828979002E-03
-1.825157204E-03
-1.821205486E-03
-1.817117096E-03
-1.812884118E-03
-1.808498171E-03
-1.803948893E-03
-1.799225225E-03
-1.794313663E-03
-1.789198839E-03
-1.783861895E-03
-1.778280479E-03
-1.772426767E-03
-1.766265254E-03
-1.759749837E-03
-1.752816723E-03
-1.745374408E-03
-1.737274346E-03
-1.728252042E-03
-1.717537525E-03
