-1.780193998E-03
-1.570007880E-03
-1.571794855E-03
-1.582830795E-03
-1.592556480E-03
-1.601105323E-03
-1.608878258E-03
-1.616079826E-03
-1.622821786E-03
-1.629180741E-03
-1.635210239E-03
-1.640950679E-03
-1.646433258E-03
-1.651683124E-03
-1.656720415E-03
-1.661562477E-03
-1.666223281E-03
-1.670715399E-03
-1.675049425E-03
-1.679234672E-03
-1.683279173E-03
-1.687190495E-03
-1.690974925E-03
-1.694638398E-03
-1.698186155E-03
-1.701623085E-03
-1.704953378E-03
-1.708181226E-03
-1.711310120E-03
-1.714343438E-03
-1.717284438E-03
-1.720135915E-03
-1.722900546E-03
-1.725580660E-03
-1.728178817E-03
-1.730696997E-03
-1.733137295E-03
-1.735501573E-03
-1.737791696E-03
-1.740009175E-03
-1.742155524E-03
-1.744232373E-03
-1.746241003E-03
-1.748182811E-03
-1.750058844E-03
-1.751870499E-03
-1.753618591E-03
-1.755304285E-03
-1.756928628E-03
-1.758492319E-03
-1.759996405E-03
-1.761441701E-03
-1.762828906E-03
-1.764158718E-03
-1.765431953E-03
-1.766649075E-03
-1.767810900E-03
-1.768917777E-03
-1.769970520E-03
-1.770969364E-03
-1.771914889E-03
-1.772807562E-03
-1.773647731E-03
-1.774435863E-03
-1.775172306E-03
-1.775857410E-03
-1.776491408E-03
-1.777074533E-03
-1.777607249E-03
-1.778089558E-03
-1.778521808E-03
-1.778904232E-03
-1.779236831E-03
-1.779519720E-03
-1.779753249E-03
-1.779937418E-03
-1.780072111E-03
-1.780157676E-03
-1.780181075E-03
-1.780118910E-03
-1.780007500E-03
-1.779846731E-03
-1.779636601E-03
-1.779376878E-03
-1.779067679E-03
-1.778708771E-03
-1.778299804E-03
-1.777840895E-03
-1.777331578E-03
-1.776771736E-03
-1.776161138E-03
-1.775499433E-03
-1.774786389E-03
-1.774021657E-03
-1.773204771E-03
-1.772335498E-03
-1.771413372E-03
-1.770437812E-03
-1.769408584E-03
-1.768325106E-03
-1.767186681E-03
-1.765992958E-03
-1.764743123E-03
-1.763436710E-03
-1.762072905E-03
-1.760651008E-03
-1.759170322E-03
-1.757630031E-03
-1.756029204E-03
-1.754366909E-03
-1.752642216E-03
-1.750854077E-03
-1.749001443E-03
-1.747083152E-03
-1.745097921E-03
-1.743044588E-03
-1.740921638E-03
-1.738727675E-03
-1.736461069E-03
-1.734120306E-03
-1.731703524E-03
-1.729208743E-03
-1.726634218E-03
-1.723977504E-03
-1.721236389E-03
-1.718408545E-03
-1.715491060E-03
-1.712481258E-03
-1.709375880E-03
-1.706171664E-03
-1.702864887E-03
-1.699451590E-03
-1.695927465E-03
-1.692287624E-03
-1.688526710E-03
-1.684639137E-03
-1.680618152E-03
-1.676456537E-03
-1.672146260E-03
-1.667677774E-03
-1.663040603E-03
-1.658222289E-03
-1.653208630E-03
-1.647982514E-03
-1.642523683E-03
-1.636806992E-03
-1.630801242E-03
-1.624466036E-03
-1.617747825E-03
-1.610570005E-03
-1.602820936E-03
-1.594295842E-03
-1.584594022E-03
-1.780182007E-03
-1.780121122E-03
-1.780010876E-03
-1.779851504E-03
-1.779642655E-03
-1.779384445E-03
-1.779076643E-03
-1.778719248E-03
-1.778311911E-03
-1.777854632E-03
-1.777347177E-03
-1.776789315E-03
-1.776180812E-03
-1.775521319E-03
-1.774810604E-03
-1.774048316E-03
-1.773234224E-03
-1.772367745E-03
-1.771448762E-03
-1.770476578E-03
-1.769450959E-03
-1.768371207E-03
-1.767236856E-03
-1.766047440E-03
-1.764802379E-03
-1.763500972E-03
-1.762142521E-03
-1.760726445E-03
-1.759251812E-03
-1.757717924E-03
-1.756124082E-03
-1.754469122E-03
-1.752752345E-03
-1.750972704E-03
-1.749128918E-03
-1.747220173E-03
-1.745245187E-03
-1.743202563E-03
-1.741091139E-03
-1.738909399E-03
-1.736655831E-03
-1.734328805E-03
-1.731926808E-03
-1.729447744E-03
-1.726889866E-03
-1.724250964E-03
-1.721528941E-03
-1.718721236E-03
-1.715825289E-03
-1.712838537E-03
-1.709757722E-03
-1.706579933E-03
-1.703301328E-03
-1.699918183E-03
-1.696426421E-03
-1.692821505E-03
-1.689098193E-03
-1.685251133E-03
-1.681274036E-03
-1.677160035E-03
-1.672901562E-03
-1.668489771E-03
-1.663914765E-03
-1.659164904E-03
-1.654227148E-03
-1.649086014E-03
-1.643722644E-03
-1.638114452E-03
-1.632233849E-03
-1.626045443E-03
-1.619502902E-03
-1.612542430E-03
-1.605072641E-03
-1.596944872E-03
-1.587894629E-03
-1.577152056E-03
-1.780193648E-03
-1.780156163E-03
-1.780069317E-03
-1.779933227E-03
-1.779747778E-03
-1.779512968E-03
-1.779228565E-03
-1.778894453E-03
-1.778510516E-03
-1.778076636E-03
-1.777592464E-03
-1.777058002E-03
-1.776472782E-03
-1.775836688E-03
-1.775149372E-03
-1.774410484E-03
-1.773619675E-03
-1.772776712E-03
-1.771881012E-03
-1.770932227E-03
-1.769930008E-03
-1.768873655E-03
-1.767762704E-03
-1.766596688E-03
-1.765375026E-03
-1.764097018E-03
-1.762761967E-03
-1.761369291E-03
-1.759918057E-03
-1.758407685E-03
-1.756837242E-03
-1.755205798E-03
-1.753512421E-03
-1.751756179E-03
-1.749935909E-03
-1.748050563E-03
-1.746098977E-03
-1.744079869E-03
-1.741991844E-03
-1.739833620E-03
-1.737603568E-03
-1.735300058E-03
-1.732921577E-03
-1.730466029E-03
-1.727931551E-03
-1.725316164E-03
-1.722617657E-03
-1.719833468E-03
-1.716961153E-03
-1.713997917E-03
-1.710940734E-03
-1.707786345E-03
-1.704531373E-03
-1.701171859E-03
-1.697703730E-03
-1.694122329E-03
-1.690422650E-03
-1.686599222E-03
-1.682645758E-03
-1.678555389E-03
-1.674320549E-03
-1.669932390E-03
-1.665381016E-03
-1.660654903E-03
-1.655740896E-03
-1.650623395E-03
-1.645283657E-03
-1.639699331E-03
-1.633842476E-03
-1.627677819E-03
-1.621158910E-03
-1.614222303E-03
-1.606776263E-03
-1.598672243E-03
-1.589645864E-03
-1.578927157E-03
