-2.067959402E-03
-1.827750588E-03
-1.829791931E-03
-1.842404483E-03
-1.853518770E-03
-1.863288111E-03
-1.872170717E-03
-1.880400348E-03
-1.888104831E-03
-1.895371708E-03
-1.902261865E-03
-1.908821985E-03
-1.915087225E-03
-1.921086572E-03
-1.926843193E-03
-1.932376530E-03
-1.937702764E-03
-1.942836447E-03
-1.947789220E-03
-1.952572144E-03
-1.957194181E-03
-1.961664064E-03
-1.965988893E-03
-1.970175654E-03
-1.974230167E-03
-1.978158019E-03
-1.981964102E-03
-1.985652838E-03
-1.989228651E-03
-1.992695499E-03
-1.996056642E-03
-1.999315340E-03
-2.002475085E-03
-2.005538205E-03
-2.008507494E-03
-2.011385513E-03
-2.014174592E-03
-2.016876824E-03
-2.019494073E-03
-2.022028435E-03
-2.024481772E-03
-2.026855480E-03
-2.029151190E-03
-2.031370532E-03
-2.033514902E-03
-2.035585465E-03
-2.037583385E-03
-2.039510058E-03
-2.041366650E-03
-2.043154091E-03
-2.044873312E-03
-2.046525246E-03
-2.048110589E-03
-2.049630741E-03
-2.051085932E-03
-2.052477328E-03
-2.053805161E-03
-2.055070363E-03
-2.056273632E-03
-2.057415433E-03
-2.058496233E-03
-2.059516497E-03
-2.060476923E-03
-2.061377745E-03
-2.062219661E-03
-2.063002670E-03
-2.063727239E-03
-2.064393833E-03
-2.065002685E-03
-2.065554028E-03
-2.066048095E-03
-2.066485351E-03
-2.066865331E-03
-2.067188965E-03
-2.067455789E-03
-2.067666268E-03
-2.067820402E-03
-2.067917958E-03
-2.067944733E-03
-2.067873720E-03
-2.067746362E-03
-2.067562426E-03
-2.067322377E-03
-2.067025518E-03
-2.066672081E-03
-2.066261601E-03
-2.065794310E-03
-2.065269742E-03
-2.064687433E-03
-2.064047614E-03
-2.063349588E-03
-2.062593121E-03
-2.061778214E-03
-2.060903935E-03
-2.059970284E-03
-2.058976563E-03
-2.057922538E-03
-2.056807512E-03
-2.055631019E-03
-2.054392593E-03
-2.053091303E-03
-2.051726682E-03
-2.050298266E-03
-2.048804890E-03
-2.047246089E-03
-2.045620931E-03
-2.043928485E-03
-2.042168053E-03
-2.040338237E-03
-2.038438339E-03
-2.036466962E-03
-2.034423174E-03
-2.032305580E-03
-2.030113246E-03
-2.027844079E-03
-2.025497379E-03
-2.023070818E-03
-2.020563232E-03
-2.017972758E-03
-2.015297534E-03
-2.012535231E-03
-2.009683987E-03
-2.006741473E-03
-2.003705362E-03
-2.000572626E-03
-1.997340703E-03
-1.994006336E-03
-1.990566496E-03
-1.987017691E-03
-1.983355731E-03
-1.979576424E-03
-1.975675812E-03
-1.971648075E-03
-1.967488555E-03
-1.963190502E-03
-1.958747627E-03
-1.954152482E-03
-1.949396683E-03
-1.944470801E-03
-1.939364360E-03
-1.934065018E-03
-1.928558806E-03
-1.922829309E-03
-1.916856971E-03
-1.910618739E-03
-1.904085861E-03
-1.897222712E-03
-1.889983076E-03
-1.882305834E-03
-1.874103211E-03
-1.865247847E-03
-1.855505747E-03
-1.844418701E-03
-2.067945898E-03
-2.067876281E-03
-2.067750320E-03
-2.067568013E-03
-2.067329362E-03
-2.067034133E-03
-2.066682326E-03
-2.066273941E-03
-2.065808279E-03
-2.065285575E-03
-2.064705594E-03
-2.064067870E-03
-2.063372172E-03
-2.062618500E-03
-2.061806154E-03
-2.060934668E-03
-2.060004277E-03
-2.059013816E-03
-2.057963284E-03
-2.056852216E-03
-2.055679681E-03
-2.054445678E-03
-2.053149045E-03
-2.051789546E-03
-2.050366485E-03
-2.048878931E-03
-2.047326183E-03
-2.045707544E-03
-2.044022083E-03
-2.042268869E-03
-2.040447202E-03
-2.038555685E-03
-2.036593389E-03
-2.034559147E-03
-2.032452030E-03
-2.030270407E-03
-2.028012881E-03
-2.025678521E-03
-2.023265231E-03
-2.020771615E-03
-2.018196043E-03
-2.015536418E-03
-2.012791112E-03
-2.009957796E-03
-2.007034374E-03
-2.004018519E-03
-2.000907436E-03
-1.997698564E-03
-1.994389109E-03
-1.990975579E-03
-1.987454714E-03
-1.983822789E-03
-1.980075845E-03
-1.976209460E-03
-1.972218975E-03
-1.968099270E-03
-1.963844290E-03
-1.959447749E-03
-1.954902662E-03
-1.950201346E-03
-1.945334719E-03
-1.940292888E-03
-1.935064676E-03
-1.929636695E-03
-1.923993928E-03
-1.918118680E-03
-1.911989530E-03
-1.905580750E-03
-1.898860675E-03
-1.891788794E-03
-1.884312136E-03
-1.876358059E-03
-1.867821789E-03
-1.858533709E-03
-1.848191372E-03
-1.835914911E-03
-2.067959169E-03
-2.067916328E-03
-2.067816909E-03
-2.067661379E-03
-2.067449503E-03
-2.067181049E-03
-2.066855785E-03
-2.066473942E-03
-2.066035056E-03
-2.065539127E-03
-2.064985689E-03
-2.064374741E-03
-2.063705819E-03
-2.062978689E-03
-2.062193118E-03
-2.061348408E-03
-2.060444560E-03
-2.059480874E-03
-2.058457118E-03
-2.057372592E-03
-2.056227066E-03
-2.055019606E-03
-2.053749748E-03
-2.052417025E-03
-2.051020507E-03
-2.049559727E-03
-2.048033755E-03
-2.046441892E-03
-2.044783207E-03
-2.043056767E-03
-2.041261876E-03
-2.039397135E-03
-2.037461614E-03
-2.035454148E-03
-2.033373807E-03
-2.031218959E-03
-2.028988209E-03
-2.026680624E-03
-2.024294110E-03
-2.021827269E-03
-2.019278472E-03
-2.016645856E-03
-2.013927326E-03
-2.011121018E-03
-2.008224372E-03
-2.005235292E-03
-2.002151217E-03
-1.998969121E-03
-1.995686442E-03
-1.992299920E-03
-1.988806063E-03
-1.985200914E-03
-1.981480978E-03
-1.977641601E-03
-1.973678125E-03
-1.969585195E-03
-1.965357224E-03
-1.960987691E-03
-1.956469612E-03
-1.951795188E-03
-1.946955570E-03
-1.941940864E-03
-1.936739543E-03
-1.931338687E-03
-1.925723045E-03
-1.919874805E-03
-1.913772780E-03
-1.907391241E-03
-1.900698175E-03
-1.893653418E-03
-1.886203885E-03
-1.878277049E-03
-1.869767904E-03
-1.860506949E-03
-1.850191853E-03
-1.837942749E-03
