-2.345971763E-03
-2.105980413E-03
-2.108020242E-03
-2.120624529E-03
-2.131729387E-03
-2.141489647E-03
-2.150363289E-03
-2.158584539E-03
-2.166280756E-03
-2.173539484E-03
-2.180422191E-03
-2.186974743E-03
-2.193232998E-03
-2.199225361E-03
-2.204975346E-03
-2.210502280E-03
-2.215822460E-03
-2.220950089E-03
-2.225897275E-03
-2.230674727E-03
-2.235291759E-03
-2.239756519E-03
-2.244076692E-03
-2.248258796E-03
-2.252309117E-03
-2.256232779E-03
-2.260034904E-03
-2.263719914E-03
-2.267292235E-03
-2.270755591E-03
-2.274113474E-03
-2.277369145E-03
-2.280525863E-03
-2.283586422E-03
-2.286553150E-03
-2.289428841E-03
-2.292215591E-03
-2.294915495E-03
-2.297530882E-03
-2.300063148E-03
-2.302514622E-03
-2.304886701E-03
-2.307180781E-03
-2.309398726E-03
-2.311541699E-03
-2.313610865E-03
-2.315607853E-03
-2.317533363E-03
-2.319388790E-03
-2.321175300E-03
-2.322893590E-03
-2.324544825E-03
-2.326129470E-03
-2.327648923E-03
-2.329103416E-03
-2.330494113E-03
-2.331821481E-03
-2.333086450E-03
-2.334289253E-03
-2.335430356E-03
-2.336510923E-03
-2.337530954E-03
-2.338491147E-03
-2.339391736E-03
-2.340233186E-03
-2.341016196E-03
-2.341740532E-03
-2.342407126E-03
-2.343015745E-03
-2.343567088E-03
-2.344060922E-03
-2.344497945E-03
-2.344877925E-03
-2.345201327E-03
-2.345468150E-03
-2.345678629E-03
-2.345832763E-03
-2.345930319E-03
-2.345957095E-03
-2.345886081E-03
-2.345758723E-03
-2.345575020E-03
-2.345334738E-03
-2.345038112E-03
-2.344684675E-03
-2.344274428E-03
-2.343806904E-03
-2.343282569E-03
-2.342700493E-03
-2.342060674E-03
-2.341362881E-03
-2.340606647E-03
-2.339791739E-03
-2.338917926E-03
-2.337984508E-03
-2.336991020E-03
-2.335937228E-03
-2.334822668E-03
-2.333646640E-03
-2.332408447E-03
-2.331107855E-03
-2.329743933E-03
-2.328315983E-03
-2.326823305E-03
-2.325265203E-03
-2.323640976E-03
-2.321949229E-03
-2.320189727E-03
-2.318360843E-03
-2.316462109E-03
-2.314491896E-03
-2.312449506E-03
-2.310333308E-03
-2.308142139E-03
-2.305874834E-03
-2.303529531E-03
-2.301104832E-03
-2.298599342E-03
-2.296010731E-03
-2.293337602E-03
-2.290577628E-03
-2.287728945E-03
-2.284788992E-03
-2.281755442E-03
-2.278625499E-03
-2.275396604E-03
-2.272065729E-03
-2.268629149E-03
-2.265083836E-03
-2.261425601E-03
-2.257650485E-03
-2.253753599E-03
-2.249730518E-03
-2.245575190E-03
-2.241282025E-03
-2.236844040E-03
-2.232254017E-03
-2.227503806E-03
-2.222583396E-03
-2.217482775E-03
-2.212189604E-03
-2.206689678E-03
-2.200966934E-03
-2.195001580E-03
-2.188770333E-03
-2.182244789E-03
-2.175389323E-03
-2.168157604E-03
-2.160488628E-03
-2.152294619E-03
-2.143447986E-03
-2.133714966E-03
-2.122637350E-03
-2.345958259E-03
-2.345888643E-03
-2.345762681E-03
-2.345580608E-03
-2.345341956E-03
-2.345046727E-03
-2.344695153E-03
-2.344286535E-03
-2.343821106E-03
-2.343298635E-03
-2.342718653E-03
-2.342081163E-03
-2.341385698E-03
-2.340632025E-03
-2.339819912E-03
-2.338948892E-03
-2.338018501E-03
-2.337028505E-03
-2.335978206E-03
-2.334867371E-03
-2.333695535E-03
-2.332461765E-03
-2.331165830E-03
-2.329806797E-03
-2.328384202E-03
-2.326897345E-03
-2.325345296E-03
-2.323727589E-03
-2.322042827E-03
-2.320290543E-03
-2.318469808E-03
-2.316579456E-03
-2.314618323E-03
-2.312585479E-03
-2.310479525E-03
-2.308299299E-03
-2.306043403E-03
-2.303710440E-03
-2.301299013E-03
-2.298807260E-03
-2.296233550E-03
-2.293576254E-03
-2.290833043E-03
-2.288002288E-03
-2.285081428E-03
-2.282067901E-03
-2.278959844E-03
-2.275753999E-03
-2.272447571E-03
-2.269037301E-03
-2.265519928E-03
-2.261891728E-03
-2.258148743E-03
-2.254286315E-03
-2.250300022E-03
-2.246184740E-03
-2.241934417E-03
-2.237542765E-03
-2.233002800E-03
-2.228306606E-03
-2.223445568E-03
-2.218409674E-03
-2.213187283E-03
-2.207765589E-03
-2.202129224E-03
-2.196260728E-03
-2.190138679E-03
-2.183737233E-03
-2.177024726E-03
-2.169960644E-03
-2.162492136E-03
-2.154546324E-03
-2.146018902E-03
-2.136739669E-03
-2.126406645E-03
-2.114139497E-03
-2.345971530E-03
-2.345928689E-03
-2.345829271E-03
-2.345673740E-03
-2.345461864E-03
-2.345193410E-03
-2.344868379E-03
-2.344486536E-03
-2.344047884E-03
-2.343551954E-03
-2.342998749E-03
-2.342387801E-03
-2.341719111E-03
-2.340991981E-03
-2.340206644E-03
-2.339362167E-03
-2.338458551E-03
-2.337495331E-03
-2.336471807E-03
-2.335387748E-03
-2.334242454E-03
-2.333035460E-03
-2.331766067E-03
-2.330433810E-03
-2.329037990E-03
-2.327577909E-03
-2.326052636E-03
-2.324461471E-03
-2.322803484E-03
-2.321077976E-03
-2.319284016E-03
-2.317420207E-03
-2.315485850E-03
-2.313479781E-03
-2.311400604E-03
-2.309247153E-03
-2.307018032E-03
-2.304712078E-03
-2.302327193E-03
-2.299862448E-03
-2.297315514E-03
-2.294684993E-03
-2.291968558E-03
-2.289164579E-03
-2.286270494E-03
-2.283283975E-03
-2.280202694E-03
-2.277023625E-03
-2.273744205E-03
-2.270360710E-03
-2.266870346E-03
-2.263268922E-03
-2.259552944E-03
-2.255717525E-03
-2.251758240E-03
-2.247669734E-03
-2.243446186E-03
-2.239081543E-03
-2.234568587E-03
-2.229899634E-03
-2.225065371E-03
-2.220056485E-03
-2.214861102E-03
-2.209466416E-03
-2.203857293E-03
-2.198015805E-03
-2.191920765E-03
-2.185546560E-03
-2.178860828E-03
-2.171823988E-03
-2.164382488E-03
-2.156464150E-03
-2.147963736E-03
-2.138711512E-03
-2.128405729E-03
-2.116166055E-03
