-2.139622578E-03
-1.899444615E-03
-1.901484327E-03
-1.914096298E-03
-1.925208489E-03
-1.934975735E-03
-1.943856361E-03
-1.952084247E-03
-1.959786983E-03
-1.967051998E-03
-1.973940758E-03
-1.980499364E-03
-1.986763207E-03
-1.992761157E-03
-1.998516265E-03
-2.004048554E-03
-2.009373624E-03
-2.014506143E-03
-2.019457985E-03
-2.024239860E-03
-2.028861083E-03
-2.033330267E-03
-2.037654398E-03
-2.041840227E-03
-2.045894042E-03
-2.049821196E-03
-2.053626813E-03
-2.057315083E-03
-2.060890663E-03
-2.064356813E-03
-2.067717724E-03
-2.070976188E-03
-2.074135467E-03
-2.077198355E-03
-2.080167411E-03
-2.083045430E-03
-2.085834276E-03
-2.088536276E-03
-2.091153525E-03
-2.093687886E-03
-2.096140990E-03
-2.098514698E-03
-2.100810641E-03
-2.103029983E-03
-2.105174121E-03
-2.107244916E-03
-2.109243069E-03
-2.111169742E-03
-2.113026334E-03
-2.114814008E-03
-2.116533229E-03
-2.118185395E-03
-2.119770972E-03
-2.121291123E-03
-2.122746548E-03
-2.124137944E-03
-2.125466010E-03
-2.126731444E-03
-2.127934946E-03
-2.129076747E-03
-2.130157547E-03
-2.131178044E-03
-2.132138703E-03
-2.133039758E-03
-2.133881673E-03
-2.134664916E-03
-2.135389717E-03
-2.136056311E-03
-2.136665396E-03
-2.137216739E-03
-2.137711039E-03
-2.138148062E-03
-2.138528274E-03
-2.138851909E-03
-2.139118733E-03
-2.139329212E-03
-2.139483346E-03
-2.139581135E-03
-2.139607677E-03
-2.139536664E-03
-2.139409306E-03
-2.139225369E-03
-2.138985088E-03
-2.138688229E-03
-2.138334792E-03
-2.137924312E-03
-2.137456788E-03
-2.136931987E-03
-2.136349678E-03
-2.135709627E-03
-2.135011600E-03
-2.134254901E-03
-2.133439761E-03
-2.132565482E-03
-2.131631598E-03
-2.130637644E-03
-2.129583387E-03
-2.128468361E-03
-2.127291635E-03
-2.126052976E-03
-2.124751452E-03
-2.123386832E-03
-2.121958183E-03
-2.120464807E-03
-2.118905773E-03
-2.117280383E-03
-2.115587704E-03
-2.113827039E-03
-2.111997223E-03
-2.110097092E-03
-2.108125715E-03
-2.106081927E-03
-2.103964332E-03
-2.101771766E-03
-2.099502832E-03
-2.097155899E-03
-2.094729338E-03
-2.092221985E-03
-2.089631511E-03
-2.086956287E-03
-2.084194217E-03
-2.081343206E-03
-2.078400692E-03
-2.075364813E-03
-2.072232310E-03
-2.069000620E-03
-2.065666718E-03
-2.062227344E-03
-2.058678772E-03
-2.055017278E-03
-2.051238669E-03
-2.047338523E-03
-2.043311484E-03
-2.039152663E-03
-2.034855308E-03
-2.030413365E-03
-2.025818918E-03
-2.021064050E-03
-2.016139217E-03
-2.011033939E-03
-2.005735645E-03
-2.000230597E-03
-1.994502265E-03
-1.988531556E-03
-1.982294722E-03
-1.975763356E-03
-1.968901604E-03
-1.961663831E-03
-1.953988103E-03
-1.945787342E-03
-1.936933957E-03
-1.927193836E-03
-1.916108886E-03
-2.139608841E-03
-2.139539225E-03
-2.139413264E-03
-2.139230957E-03
-2.138992306E-03
-2.138697077E-03
-2.138345269E-03
-2.137936652E-03
-2.137470990E-03
-2.136948286E-03
-2.136368072E-03
-2.135730116E-03
-2.135034418E-03
-2.134280512E-03
-2.133468166E-03
-2.132596681E-03
-2.131665824E-03
-2.130675362E-03
-2.129624831E-03
-2.128513297E-03
-2.127340762E-03
-2.126106527E-03
-2.124809893E-03
-2.123450162E-03
-2.122026868E-03
-2.120539313E-03
-2.118986333E-03
-2.117367694E-03
-2.115682000E-03
-2.113928786E-03
-2.112106886E-03
-2.110215137E-03
-2.108252840E-03
-2.106218599E-03
-2.104111249E-03
-2.101929625E-03
-2.099672332E-03
-2.097337740E-03
-2.094924450E-03
-2.092431067E-03
-2.089855494E-03
-2.087196102E-03
-2.084450796E-03
-2.081617713E-03
-2.078694524E-03
-2.075678669E-03
-2.072568052E-03
-2.069359412E-03
-2.066050190E-03
-2.062637126E-03
-2.059116727E-03
-2.055485267E-03
-2.051739022E-03
-2.047873102E-03
-2.043883316E-03
-2.039764076E-03
-2.035509795E-03
-2.031114185E-03
-2.026570030E-03
-2.021869645E-03
-2.017003950E-03
-2.011963166E-03
-2.006736118E-03
-2.001309302E-03
-1.995667815E-03
-1.989793731E-03
-1.983666094E-03
-1.977258828E-03
-1.970540266E-03
-1.963470131E-03
-1.955995103E-03
-1.948042773E-03
-1.939508482E-03
-1.930222381E-03
-1.919882023E-03
-1.907607540E-03
-2.139622113E-03
-2.139579272E-03
-2.139479853E-03
-2.139324322E-03
-2.139112214E-03
-2.138843760E-03
-2.138518495E-03
-2.138136653E-03
-2.137697535E-03
-2.137201605E-03
-2.136647934E-03
-2.136036986E-03
-2.135367831E-03
-2.134640468E-03
-2.133854665E-03
-2.133009955E-03
-2.132105874E-03
-2.131142188E-03
-2.130118199E-03
-2.129033441E-03
-2.127887681E-03
-2.126679989E-03
-2.125410130E-03
-2.124077175E-03
-2.122680657E-03
-2.121219644E-03
-2.119693439E-03
-2.118101344E-03
-2.116442658E-03
-2.114715986E-03
-2.112920862E-03
-2.111055888E-03
-2.109120367E-03
-2.107112901E-03
-2.105032327E-03
-2.102877479E-03
-2.100646961E-03
-2.098339144E-03
-2.095952630E-03
-2.093486022E-03
-2.090937225E-03
-2.088304609E-03
-2.085586311E-03
-2.082780004E-03
-2.079883590E-03
-2.076894743E-03
-2.073810669E-03
-2.070629038E-03
-2.067346592E-03
-2.063960535E-03
-2.060466912E-03
-2.056862460E-03
-2.053142991E-03
-2.049304079E-03
-2.045341302E-03
-2.041249070E-03
-2.037021564E-03
-2.032652963E-03
-2.028135583E-03
-2.023462206E-03
-2.018623520E-03
-2.013609977E-03
-2.008409705E-03
-2.003009897E-03
-1.997395419E-03
-1.991548575E-03
-1.985447947E-03
-1.979067922E-03
-1.972376369E-03
-1.965333242E-03
-1.957885455E-03
-1.949960249E-03
-1.941453083E-03
-1.932193991E-03
-1.921881107E-03
-1.909633749E-03
