-2.192847664E-03
-1.952702645E-03
-1.954751322E-03
-1.967352582E-03
-1.978463028E-03
-1.988228643E-03
-1.997107640E-03
-2.005334012E-03
-2.013035351E-03
-2.020298969E-03
-2.027186332E-03
-2.033743542E-03
-2.040006220E-03
-2.046003006E-03
-2.051756950E-03
-2.057288075E-03
-2.062612213E-03
-2.067743568E-03
-2.072694479E-03
-2.077475423E-03
-2.082095947E-03
-2.086564200E-03
-2.090887399E-03
-2.095072763E-03
-2.099125879E-03
-2.103052335E-03
-2.106857253E-03
-2.110545058E-03
-2.114119940E-03
-2.117585624E-03
-2.120946068E-03
-2.124204068E-03
-2.127362881E-03
-2.130425302E-03
-2.133394126E-03
-2.136271680E-03
-2.139060292E-03
-2.141762059E-03
-2.144379076E-03
-2.146913204E-03
-2.149366075E-03
-2.151739784E-03
-2.154035261E-03
-2.156254603E-03
-2.158398740E-03
-2.160469303E-03
-2.162467223E-03
-2.164393896E-03
-2.166250488E-03
-2.168037929E-03
-2.169757150E-03
-2.171409316E-03
-2.172994893E-03
-2.174515044E-03
-2.175970469E-03
-2.177361865E-03
-2.178689931E-03
-2.179955365E-03
-2.181158867E-03
-2.182300668E-03
-2.183381701E-03
-2.184402198E-03
-2.185362857E-03
-2.186263911E-03
-2.187105827E-03
-2.187889069E-03
-2.188614104E-03
-2.189280698E-03
-2.189889783E-03
-2.190441359E-03
-2.190935658E-03
-2.191372681E-03
-2.191753127E-03
-2.192076528E-03
-2.192343585E-03
-2.192554064E-03
-2.192708198E-03
-2.192805987E-03
-2.192832995E-03
-2.192761749E-03
-2.192634391E-03
-2.192450687E-03
-2.192210406E-03
-2.191913780E-03
-2.191560110E-03
-2.191149862E-03
-2.190682339E-03
-2.190157538E-03
-2.189575462E-03
-2.188935410E-03
-2.188237384E-03
-2.187480917E-03
-2.186665777E-03
-2.185791498E-03
-2.184857614E-03
-2.183863893E-03
-2.182809636E-03
-2.181694610E-03
-2.180518117E-03
-2.179279458E-03
-2.177978167E-03
-2.176613547E-03
-2.175184898E-03
-2.173691755E-03
-2.172132954E-03
-2.170507563E-03
-2.168815350E-03
-2.167054685E-03
-2.165224869E-03
-2.163325204E-03
-2.161353827E-03
-2.159310272E-03
-2.157192910E-03
-2.155000577E-03
-2.152731875E-03
-2.150385408E-03
-2.147959312E-03
-2.145452192E-03
-2.142862184E-03
-2.140187193E-03
-2.137425588E-03
-2.134575043E-03
-2.131633228E-03
-2.128597582E-03
-2.125465544E-03
-2.122234553E-03
-2.118901350E-03
-2.115462441E-03
-2.111914568E-03
-2.108253771E-03
-2.104476094E-03
-2.100576414E-03
-2.096550306E-03
-2.092392184E-03
-2.088095993E-03
-2.083654748E-03
-2.079061465E-03
-2.074307762E-03
-2.069383860E-03
-2.064279513E-03
-2.058982616E-03
-2.053478733E-03
-2.047751797E-03
-2.041782252E-03
-2.035546582E-03
-2.029016847E-03
-2.022156725E-03
-2.014920115E-03
-2.007246250E-03
-1.999047119E-03
-1.990195364E-03
-1.980456989E-03
-1.969374018E-03
-2.192833927E-03
-2.192764310E-03
-2.192638349E-03
-2.192456042E-03
-2.192217158E-03
-2.191921929E-03
-2.191569889E-03
-2.191161271E-03
-2.190695610E-03
-2.190172672E-03
-2.189592458E-03
-2.188954735E-03
-2.188258804E-03
-2.187504899E-03
-2.186692320E-03
-2.185820835E-03
-2.184889978E-03
-2.183899516E-03
-2.182848752E-03
-2.181737451E-03
-2.180564916E-03
-2.179330448E-03
-2.178033814E-03
-2.176674083E-03
-2.175250789E-03
-2.173763234E-03
-2.172210254E-03
-2.170591615E-03
-2.168906154E-03
-2.167152707E-03
-2.165331040E-03
-2.163439523E-03
-2.161477227E-03
-2.159442985E-03
-2.157335868E-03
-2.155154245E-03
-2.152897185E-03
-2.150562825E-03
-2.148149768E-03
-2.145656385E-03
-2.143081045E-03
-2.140421886E-03
-2.137677046E-03
-2.134844195E-03
-2.131921472E-03
-2.128906082E-03
-2.125795698E-03
-2.122587524E-03
-2.119278768E-03
-2.115866169E-03
-2.112346236E-03
-2.108715475E-03
-2.104969695E-03
-2.101104474E-03
-2.097115386E-03
-2.092996845E-03
-2.088743495E-03
-2.084348584E-03
-2.079805359E-03
-2.075105673E-03
-2.070240909E-03
-2.065201290E-03
-2.059974940E-03
-2.054549288E-03
-2.048908966E-03
-2.043036278E-03
-2.036909806E-03
-2.030503703E-03
-2.023786539E-03
-2.016717568E-03
-2.009244170E-03
-2.001293469E-03
-1.992760692E-03
-1.983476104E-03
-1.973137492E-03
-1.960864989E-03
-2.192847198E-03
-2.192804357E-03
-2.192705171E-03
-2.192549640E-03
-2.192337764E-03
-2.192069078E-03
-2.191744046E-03
-2.191362204E-03
-2.190923318E-03
-2.190427156E-03
-2.189873718E-03
-2.189262537E-03
-2.188593615E-03
-2.187866485E-03
-2.187080681E-03
-2.186235972E-03
-2.185332123E-03
-2.184368204E-03
-2.183344448E-03
-2.182259923E-03
-2.181114163E-03
-2.179906471E-03
-2.178636612E-03
-2.177303890E-03
-2.175907372E-03
-2.174446592E-03
-2.172920620E-03
-2.171328524E-03
-2.169669839E-03
-2.167943632E-03
-2.166148508E-03
-2.164284000E-03
-2.162348479E-03
-2.160341246E-03
-2.158260904E-03
-2.156106289E-03
-2.153876005E-03
-2.151568420E-03
-2.149182372E-03
-2.146715997E-03
-2.144167665E-03
-2.141535282E-03
-2.138817450E-03
-2.136011608E-03
-2.133115660E-03
-2.130127279E-03
-2.127043903E-03
-2.123862738E-03
-2.120580990E-03
-2.117195167E-03
-2.113702474E-03
-2.110098489E-03
-2.106379950E-03
-2.102541737E-03
-2.098579658E-03
-2.094488125E-03
-2.090261783E-03
-2.085893881E-03
-2.081377665E-03
-2.076705219E-03
-2.071867697E-03
-2.066855086E-03
-2.061655978E-03
-2.056257566E-03
-2.050644252E-03
-2.044798573E-03
-2.038699342E-03
-2.032320714E-03
-2.025630558E-03
-2.018588828E-03
-2.011142671E-03
-2.003219211E-03
-1.994713675E-03
-1.985456329E-03
-1.975145191E-03
-1.962899929E-03
