-2.056366531E-03
-1.818197081E-03
-1.816155505E-03
-2.056351863E-03
-2.056280850E-03
-2.056153258E-03
-2.055969555E-03
-2.055729507E-03
-2.055432647E-03
-2.055079211E-03
-2.054668963E-03
-2.054201439E-03
-2.053676872E-03
-2.053094795E-03
-2.052454976E-03
-2.051756950E-03
-2.051000716E-03
-2.050185576E-03
-2.049311530E-03
-2.048377879E-03
-2.047384158E-03
-2.046330133E-03
-2.045215340E-03
-2.044038847E-03
-2.042800421E-03
-2.041499130E-03
-2.040134743E-03
-2.038706327E-03
-2.037212951E-03
-2.035654383E-03
-2.034029225E-03
-2.032336779E-03
-2.030576346E-03
-2.028746530E-03
-2.026846632E-03
-2.024875488E-03
-2.022831701E-03
-2.020714339E-03
-2.018521773E-03
-2.016252838E-03
-2.013906138E-03
-2.011479810E-03
-2.008972224E-03
-2.006381750E-03
-2.003706526E-03
-2.000944223E-03
-1.998092979E-03
-1.995150466E-03
-1.992114354E-03
-1.988981618E-03
-1.985749695E-03
-1.982415328E-03
-1.978975488E-03
-1.975426450E-03
-1.971764490E-03
-1.967985416E-03
-1.964084571E-03
-1.960057067E-03
-1.955897314E-03
-1.951599144E-03
-1.947156270E-03
-1.942561008E-03
-1.937805093E-03
-1.932879095E-03
-1.927772537E-03
-1.922473079E-03
-1.916966634E-03
-1.911237021E-03
-1.905264682E-03
-1.899026218E-03
-1.892493106E-03
-1.885629725E-03
-1.878389856E-03
-1.870712382E-03
-1.862509525E-03
-1.853653928E-03
-1.843911479E-03
-1.832824200E-03
-1.830809633E-03
-1.841924270E-03
-1.851693843E-03
-1.860576682E-03
-1.868806663E-03
-1.876511378E-03
-1.883778372E-03
-1.890668878E-03
-1.897229115E-03
-1.903494587E-03
-1.909494167E-03
-1.915250788E-03
-1.920784242E-03
-1.926110708E-03
-1.931244507E-03
-1.936197397E-03
-1.940980321E-03
-1.945602591E-03
-1.950072474E-03
-1.954397419E-03
-1.958584180E-03
-1.962638926E-03
-1.966566546E-03
-1.970372628E-03
-1.974061597E-03
-1.977637410E-03
-1.981104258E-03
-1.984465402E-03
-1.987724099E-03
-1.990883844E-03
-1.993946964E-03
-1.996916253E-03
-1.999794273E-03
-2.002583351E-03
-2.005285583E-03
-2.007902833E-03
-2.010437194E-03
-2.012890298E-03
-2.015264006E-03
-2.017559716E-03
-2.019779058E-03
-2.021923196E-03
-2.023993758E-03
-2.025991678E-03
-2.027918352E-03
-2.029774943E-03
-2.031562151E-03
-2.033281373E-03
-2.034933073E-03
-2.036518650E-03
-2.038038569E-03
-2.039493760E-03
-2.040884923E-03
-2.042212989E-03
-2.043478191E-03
-2.044681227E-03
-2.045823028E-03
-2.046903595E-03
-2.047924092E-03
-2.048884286E-03
-2.049785107E-03
-2.050627023E-03
-2.051410032E-03
-2.052134601E-03
-2.052801196E-03
-2.053410048E-03
-2.053961391E-03
-2.054455457E-03
-2.054892480E-03
-2.055272460E-03
-2.055596095E-03
-2.055862918E-03
-2.056073397E-03
-2.056227298E-03
-2.056325087E-03
-2.056366298E-03
-2.056323225E-03
-2.056224039E-03
-2.056068508E-03
-2.055856632E-03
-2.055588178E-03
-2.055263147E-03
-2.054881072E-03
-2.054442419E-03
-2.053946489E-03
-2.053393051E-03
-2.052782103E-03
-2.052113181E-03
-2.051386051E-03
-2.050600480E-03
-2.049756004E-03
-2.048852155E-03
-2.047888469E-03
-2.046864713E-03
-2.045780420E-03
-2.044634661E-03
-2.043427434E-03
-2.042157575E-03
-2.040824853E-03
-2.039428568E-03
-2.037967788E-03
-2.036441816E-03
-2.034850186E-03
-2.033191500E-03
-2.031465061E-03
-2.029670170E-03
-2.027805429E-03
-2.025870141E-03
-2.023862675E-03
-2.021782333E-03
-2.019627485E-03
-2.017396968E-03
-2.015089383E-03
-2.012702869E-03
-2.010236261E-03
-2.007687464E-03
-2.005054848E-03
-2.002336318E-03
-1.999530010E-03
-1.996633364E-03
-1.993644284E-03
-1.990560209E-03
-1.987378113E-03
-1.984095434E-03
-1.980708912E-03
-1.977215055E-03
-1.973609906E-03
-1.969889970E-03
-1.966050593E-03
-1.962086884E-03
-1.957993954E-03
-1.953765983E-03
-1.949396334E-03
-1.944878139E-03
-1.940203714E-03
-1.935363980E-03
-1.930349157E-03
-1.925147721E-03
-1.919746748E-03
-1.914130873E-03
-1.908282517E-03
-1.902180258E-03
-1.895798487E-03
-1.889105304E-03
-1.882060315E-03
-1.874610549E-03
-1.866683480E-03
-1.858174102E-03
-1.848912798E-03
-1.838597469E-03
-1.826348016E-03
-2.056352794E-03
-2.056283178E-03
-2.056157449E-03
-2.055975143E-03
-2.055736491E-03
-2.055441262E-03
-2.055089455E-03
-2.054681070E-03
-2.054215409E-03
-2.053692937E-03
-2.053112723E-03
-2.052475000E-03
-2.051779535E-03
-2.051025862E-03
-2.050213516E-03
-2.049342263E-03
-2.048411639E-03
-2.047421411E-03
-2.046370879E-03
-2.045259811E-03
-2.044087509E-03
-2.042853273E-03
-2.041556872E-03
-2.040197374E-03
-2.038774313E-03
-2.037286758E-03
-2.035734244E-03
-2.034115605E-03
-2.032430144E-03
-2.030677162E-03
-2.028855262E-03
-2.026963979E-03
-2.025001682E-03
-2.022967674E-03
-2.020860324E-03
-2.018678933E-03
-2.016421407E-03
-2.014087047E-03
-2.011673758E-03
-2.009180142E-03
-2.006604569E-03
-2.003945177E-03
-2.001199871E-03
-1.998366555E-03
-1.995443134E-03
-1.992427278E-03
-1.989316195E-03
-1.986107323E-03
-1.982797869E-03
-1.979384338E-03
-1.975863473E-03
-1.972231548E-03
-1.968484605E-03
-1.964618219E-03
-1.960627735E-03
-1.956507796E-03
-1.952252700E-03
-1.947856159E-03
-1.943311072E-03
-1.938609523E-03
-1.933742780E-03
-1.928700949E-03
-1.923472504E-03
-1.918044407E-03
-1.912401523E-03
-1.906526042E-03
-1.900396775E-03
-1.893987879E-03
-1.887267455E-03
-1.880195341E-03
-1.872718567E-03
-1.864764141E-03
-1.856227638E-03
-1.846939325E-03
-1.836596639E-03
-1.824319945E-03
