-2.164686797E-03
-1.924525364E-03
-1.926564611E-03
-1.939176116E-03
-1.950287493E-03
-1.960054040E-03
-1.968933968E-03
-1.977161039E-03
-1.984863076E-03
-1.992127392E-03
-1.999015454E-03
-2.005573362E-03
-2.011836506E-03
-2.017833991E-03
-2.023588633E-03
-2.029120224E-03
-2.034445060E-03
-2.039577113E-03
-2.044528257E-03
-2.049309900E-03
-2.053930657E-03
-2.058399376E-03
-2.062723041E-03
-2.066908637E-03
-2.070962219E-03
-2.074889140E-03
-2.078694291E-03
-2.082382329E-03
-2.085957443E-03
-2.089423593E-03
-2.092784038E-03
-2.096042270E-03
-2.099201549E-03
-2.102264203E-03
-2.105233259E-03
-2.108110813E-03
-2.110899659E-03
-2.113601658E-03
-2.116218675E-03
-2.118752804E-03
-2.121205907E-03
-2.123579616E-03
-2.125875326E-03
-2.128094435E-03
-2.130238805E-03
-2.132309368E-03
-2.134307288E-03
-2.136234194E-03
-2.138090786E-03
-2.139878226E-03
-2.141597448E-03
-2.143249614E-03
-2.144835191E-03
-2.146355342E-03
-2.147810766E-03
-2.149202162E-03
-2.150530228E-03
-2.151795663E-03
-2.152998932E-03
-2.154140733E-03
-2.155221766E-03
-2.156242263E-03
-2.157202922E-03
-2.158103976E-03
-2.158945892E-03
-2.159728901E-03
-2.160453703E-03
-2.161120530E-03
-2.161729382E-03
-2.162280958E-03
-2.162775025E-03
-2.163212281E-03
-2.163592493E-03
-2.163915895E-03
-2.164182952E-03
-2.164393431E-03
-2.164547564E-03
-2.164645353E-03
-2.164671896E-03
-2.164600883E-03
-2.164473291E-03
-2.164289588E-03
-2.164049307E-03
-2.163752448E-03
-2.163398778E-03
-2.162988298E-03
-2.162520774E-03
-2.161996206E-03
-2.161413897E-03
-2.160773845E-03
-2.160075586E-03
-2.159319120E-03
-2.158503747E-03
-2.157629468E-03
-2.156695584E-03
-2.155701863E-03
-2.154647605E-03
-2.153532347E-03
-2.152355621E-03
-2.151116962E-03
-2.149815671E-03
-2.148450818E-03
-2.147022169E-03
-2.145528793E-03
-2.143969759E-03
-2.142344601E-03
-2.140651923E-03
-2.138891257E-03
-2.137061441E-03
-2.135161310E-03
-2.133189933E-03
-2.131146146E-03
-2.129028784E-03
-2.126836218E-03
-2.124567283E-03
-2.122220583E-03
-2.119794255E-03
-2.117286902E-03
-2.114696428E-03
-2.112021437E-03
-2.109259600E-03
-2.106408589E-03
-2.103466541E-03
-2.100430662E-03
-2.097298391E-03
-2.094066935E-03
-2.090733266E-03
-2.087294124E-03
-2.083745785E-03
-2.080084523E-03
-2.076306380E-03
-2.072406234E-03
-2.068379661E-03
-2.064221073E-03
-2.059924183E-03
-2.055482706E-03
-2.050888725E-03
-2.046134323E-03
-2.041209955E-03
-2.036104910E-03
-2.030807082E-03
-2.025302732E-03
-2.019575099E-03
-2.013604622E-03
-2.007368486E-03
-2.000837587E-03
-1.993976766E-03
-1.986739459E-03
-1.979064662E-03
-1.970864600E-03
-1.962011913E-03
-1.952272491E-03
-1.941188355E-03
-2.164673060E-03
-2.164603444E-03
-2.164477482E-03
-2.164295176E-03
-2.164056525E-03
-2.163761295E-03
-2.163409488E-03
-2.163000870E-03
-2.162535209E-03
-2.162012504E-03
-2.161432290E-03
-2.160794334E-03
-2.160098637E-03
-2.159344731E-03
-2.158532152E-03
-2.157660667E-03
-2.156730043E-03
-2.155739581E-03
-2.154688817E-03
-2.153577516E-03
-2.152404981E-03
-2.151170745E-03
-2.149874112E-03
-2.148514381E-03
-2.147091087E-03
-2.145603299E-03
-2.144050552E-03
-2.142431913E-03
-2.140746219E-03
-2.138993004E-03
-2.137171105E-03
-2.135279588E-03
-2.133317292E-03
-2.131283283E-03
-2.129175933E-03
-2.126994310E-03
-2.124737017E-03
-2.122402657E-03
-2.119989367E-03
-2.117495984E-03
-2.114920644E-03
-2.112261252E-03
-2.109516179E-03
-2.106683329E-03
-2.103760140E-03
-2.100744750E-03
-2.097634133E-03
-2.094425727E-03
-2.091116738E-03
-2.087703906E-03
-2.084183739E-03
-2.080552746E-03
-2.076806501E-03
-2.072941046E-03
-2.068951493E-03
-2.064832719E-03
-2.060578903E-03
-2.056183526E-03
-2.051639836E-03
-2.046939684E-03
-2.042074455E-03
-2.037034370E-03
-2.031807555E-03
-2.026381437E-03
-2.020740416E-03
-2.014867030E-03
-2.008739859E-03
-2.002333291E-03
-1.995615195E-03
-1.988545759E-03
-1.981071429E-03
-1.973120030E-03
-1.964586321E-03
-1.955301035E-03
-1.944961492E-03
-1.932688057E-03
-2.164686332E-03
-2.164643491E-03
-2.164544072E-03
-2.164388541E-03
-2.164176432E-03
-2.163907979E-03
-2.163582714E-03
-2.163200639E-03
-2.162761753E-03
-2.162265591E-03
-2.161712153E-03
-2.161100972E-03
-2.160432050E-03
-2.159704687E-03
-2.158918884E-03
-2.158074174E-03
-2.157170093E-03
-2.156206174E-03
-2.155182185E-03
-2.154097660E-03
-2.152951667E-03
-2.151744207E-03
-2.150474116E-03
-2.149141161E-03
-2.147744643E-03
-2.146283630E-03
-2.144757658E-03
-2.143165562E-03
-2.141506644E-03
-2.139780205E-03
-2.137985080E-03
-2.136120340E-03
-2.134184586E-03
-2.132177353E-03
-2.130096778E-03
-2.127941931E-03
-2.125711413E-03
-2.123403829E-03
-2.121017314E-03
-2.118550707E-03
-2.116002142E-03
-2.113369759E-03
-2.110651461E-03
-2.107845386E-03
-2.104948973E-03
-2.101960359E-03
-2.098876750E-03
-2.095695119E-03
-2.092413139E-03
-2.089027083E-03
-2.085533692E-03
-2.081929473E-03
-2.078210237E-03
-2.074371791E-03
-2.070409246E-03
-2.066317247E-03
-2.062090440E-03
-2.057722071E-03
-2.053205157E-03
-2.048532246E-03
-2.043693792E-03
-2.038680715E-03
-2.033480909E-03
-2.028081799E-03
-2.022467786E-03
-2.016621642E-03
-2.010521479E-03
-2.004141919E-03
-1.997451065E-03
-1.990408637E-03
-1.982961316E-03
-1.975037158E-03
-1.966530690E-03
-1.957272412E-03
-1.946960110E-03
-1.934713917E-03
