-2.260579728E-03
-2.020499902E-03
-2.022539033E-03
-2.035147278E-03
-2.046255162E-03
-2.056018449E-03
-2.064895118E-03
-2.073119162E-03
-2.080818405E-03
-2.088079927E-03
-2.094965195E-03
-2.101520309E-03
-2.107780892E-03
-2.113775816E-03
-2.119528130E-03
-2.125057392E-03
-2.130379900E-03
-2.135509858E-03
-2.140459139E-03
-2.145238454E-03
-2.149857581E-03
-2.154324204E-03
-2.158646239E-03
-2.162830206E-03
-2.166882157E-03
-2.170807449E-03
-2.174611203E-03
-2.178297844E-03
-2.181871561E-03
-2.185336314E-03
-2.188695595E-03
-2.191952895E-03
-2.195110777E-03
-2.198172500E-03
-2.201140393E-03
-2.204017248E-03
-2.206805162E-03
-2.209505998E-03
-2.212122316E-03
-2.214655746E-03
-2.217108151E-03
-2.219481161E-03
-2.221776173E-03
-2.223994816E-03
-2.226138487E-03
-2.228208585E-03
-2.230206039E-03
-2.232132480E-03
-2.233988605E-03
-2.235775581E-03
-2.237494569E-03
-2.239146037E-03
-2.240731381E-03
-2.242251299E-03
-2.243706491E-03
-2.245097654E-03
-2.246425487E-03
-2.247690456E-03
-2.248893725E-03
-2.250035293E-03
-2.251116093E-03
-2.252136590E-03
-2.253097016E-03
-2.253997838E-03
-2.254839521E-03
-2.255622763E-03
-2.256347332E-03
-2.257013926E-03
-2.257623011E-03
-2.258174354E-03
-2.258668421E-03
-2.259105444E-03
-2.259485656E-03
-2.259809058E-03
-2.260076115E-03
-2.260286594E-03
-2.260440495E-03
-2.260538284E-03
-2.260565059E-03
-2.260493813E-03
-2.260366455E-03
-2.260182751E-03
-2.259942470E-03
-2.259645611E-03
-2.259292174E-03
-2.258881694E-03
-2.258414170E-03
-2.257889602E-03
-2.257307293E-03
-2.256667241E-03
-2.255969215E-03
-2.255212981E-03
-2.254397841E-03
-2.253523562E-03
-2.252589911E-03
-2.251596190E-03
-2.250542166E-03
-2.249427140E-03
-2.248250647E-03
-2.247012220E-03
-2.245710930E-03
-2.244346542E-03
-2.242918126E-03
-2.241424983E-03
-2.239866415E-03
-2.238241490E-03
-2.236549277E-03
-2.234789077E-03
-2.232959494E-03
-2.231060062E-03
-2.229089150E-03
-2.227045828E-03
-2.224928932E-03
-2.222737065E-03
-2.220468828E-03
-2.218122594E-03
-2.215697197E-03
-2.213190543E-03
-2.210601000E-03
-2.207926707E-03
-2.205165802E-03
-2.202315722E-03
-2.199374605E-03
-2.196339890E-03
-2.193208551E-03
-2.189978492E-03
-2.186645987E-03
-2.183208009E-03
-2.179661067E-03
-2.176001435E-03
-2.172224456E-03
-2.168326173E-03
-2.164301230E-03
-2.160144271E-03
-2.155849012E-03
-2.151409397E-03
-2.146817278E-03
-2.142064739E-03
-2.137142466E-03
-2.132039750E-03
-2.126744250E-03
-2.121241996E-03
-2.115516691E-03
-2.109548775E-03
-2.103315201E-03
-2.096787095E-03
-2.089928836E-03
-2.082694555E-03
-2.075022552E-03
-2.066825749E-03
-2.057976089E-03
-2.048240043E-03
-2.037159167E-03
-2.260565991E-03
-2.260496607E-03
-2.260370646E-03
-2.260188339E-03
-2.259949688E-03
-2.259654459E-03
-2.259302652E-03
-2.258894034E-03
-2.258428605E-03
-2.257905668E-03
-2.257325687E-03
-2.256687963E-03
-2.255992265E-03
-2.255238593E-03
-2.254426014E-03
-2.253554761E-03
-2.252624137E-03
-2.251633909E-03
-2.250583377E-03
-2.249472309E-03
-2.248299774E-03
-2.247065771E-03
-2.245769370E-03
-2.244409872E-03
-2.242986811E-03
-2.241499489E-03
-2.239946974E-03
-2.238328569E-03
-2.236643573E-03
-2.234890591E-03
-2.233069157E-03
-2.231178107E-03
-2.229216276E-03
-2.227182733E-03
-2.225075848E-03
-2.222894924E-03
-2.220638329E-03
-2.218304435E-03
-2.215892076E-03
-2.213399392E-03
-2.210824750E-03
-2.208166290E-03
-2.205422148E-03
-2.202589996E-03
-2.199667972E-03
-2.196653513E-03
-2.193544060E-03
-2.190336818E-03
-2.187028993E-03
-2.183617325E-03
-2.180098556E-03
-2.176468959E-03
-2.172724111E-03
-2.168860286E-03
-2.164872363E-03
-2.160755219E-03
-2.156502800E-03
-2.152109519E-03
-2.147567691E-03
-2.142869402E-03
-2.138006268E-03
-2.132968046E-03
-2.127743559E-03
-2.122319536E-03
-2.116681077E-03
-2.110810019E-03
-2.104685642E-03
-2.098281635E-03
-2.091566334E-03
-2.084499458E-03
-2.077028155E-03
-2.069079783E-03
-2.060549101E-03
-2.051267074E-03
-2.040930791E-03
-2.028660849E-03
-2.260579495E-03
-2.260536421E-03
-2.260437235E-03
-2.260281704E-03
-2.260069596E-03
-2.259801142E-03
-2.259475878E-03
-2.259094035E-03
-2.258655149E-03
-2.258158987E-03
-2.257605549E-03
-2.256994601E-03
-2.256325679E-03
-2.255598316E-03
-2.254812745E-03
-2.253968036E-03
-2.253064187E-03
-2.252100501E-03
-2.251076745E-03
-2.249992220E-03
-2.248846460E-03
-2.247639233E-03
-2.246369375E-03
-2.245036652E-03
-2.243640367E-03
-2.242179820E-03
-2.240653848E-03
-2.239062218E-03
-2.237403765E-03
-2.235677792E-03
-2.233882900E-03
-2.232018625E-03
-2.230083570E-03
-2.228076803E-03
-2.225996694E-03
-2.223842544E-03
-2.221612493E-03
-2.219305607E-03
-2.216920024E-03
-2.214454114E-03
-2.211906249E-03
-2.209274564E-03
-2.206557197E-03
-2.203752054E-03
-2.200856805E-03
-2.197869122E-03
-2.194786444E-03
-2.191605978E-03
-2.188325161E-03
-2.184940269E-03
-2.181448508E-03
-2.177845687E-03
-2.174127847E-03
-2.170290798E-03
-2.166329883E-03
-2.162239514E-03
-2.158014337E-03
-2.153647831E-03
-2.149132779E-03
-2.144461730E-03
-2.139625605E-03
-2.134614391E-03
-2.129416913E-03
-2.124019898E-03
-2.118408447E-03
-2.112564398E-03
-2.106466796E-03
-2.100090031E-03
-2.093401970E-03
-2.086362336E-03
-2.078918042E-03
-2.070996678E-03
-2.062493237E-03
-2.053238219E-03
-2.042929176E-03
-2.030686475E-03
