-2.300762106E-03
-2.060716972E-03
-2.062767046E-03
-2.075362951E-03
-2.086469671E-03
-2.096231561E-03
-2.105106832E-03
-2.113329712E-03
-2.121027559E-03
-2.128287917E-03
-2.135171788E-03
-2.141725970E-03
-2.147985622E-03
-2.153979382E-03
-2.159730764E-03
-2.165258862E-03
-2.170580439E-03
-2.175709466E-03
-2.180657815E-03
-2.185436431E-03
-2.190054394E-03
-2.194520552E-03
-2.198841656E-03
-2.203024924E-03
-2.207075944E-03
-2.211000537E-03
-2.214803593E-03
-2.218489768E-03
-2.222063020E-03
-2.225527074E-03
-2.228885889E-03
-2.232142491E-03
-2.235299908E-03
-2.238361165E-03
-2.241328591E-03
-2.244204981E-03
-2.246992430E-03
-2.249693032E-03
-2.252308885E-03
-2.254842082E-03
-2.257294022E-03
-2.259666566E-03
-2.261961345E-03
-2.264179755E-03
-2.266323194E-03
-2.268392825E-03
-2.270390280E-03
-2.272316255E-03
-2.274172148E-03
-2.275959123E-03
-2.277677646E-03
-2.279329346E-03
-2.280914458E-03
-2.282434143E-03
-2.283889102E-03
-2.285280032E-03
-2.286607865E-03
-2.287872834E-03
-2.289075870E-03
-2.290217672E-03
-2.291298239E-03
-2.292318502E-03
-2.293278929E-03
-2.294179751E-03
-2.295021433E-03
-2.295804676E-03
-2.296529245E-03
-2.297195839E-03
-2.297804691E-03
-2.298356267E-03
-2.298850333E-03
-2.299287356E-03
-2.299667569E-03
-2.299991203E-03
-2.300258027E-03
-2.300468506E-03
-2.300622640E-03
-2.300720429E-03
-2.300747205E-03
-2.300676191E-03
-2.300549066E-03
-2.300365362E-03
-2.300125081E-03
-2.299828455E-03
-2.299475018E-03
-2.299064770E-03
-2.298597479E-03
-2.298072912E-03
-2.297490835E-03
-2.296851017E-03
-2.296152990E-03
-2.295396756E-03
-2.294581849E-03
-2.293707803E-03
-2.292774385E-03
-2.291780896E-03
-2.290726872E-03
-2.289612079E-03
-2.288436051E-03
-2.287197625E-03
-2.285896800E-03
-2.284532646E-03
-2.283104463E-03
-2.281611785E-03
-2.280053450E-03
-2.278428758E-03
-2.276737010E-03
-2.274977043E-03
-2.273147926E-03
-2.271248726E-03
-2.269278280E-03
-2.267235424E-03
-2.265118994E-03
-2.262927359E-03
-2.260659589E-03
-2.258314053E-03
-2.255888889E-03
-2.253382700E-03
-2.250793856E-03
-2.248120029E-03
-2.245359588E-03
-2.242510207E-03
-2.239569789E-03
-2.236535540E-03
-2.233405132E-03
-2.230175538E-03
-2.226843731E-03
-2.223406453E-03
-2.219860442E-03
-2.216201276E-03
-2.212425461E-03
-2.208527876E-03
-2.204503631E-03
-2.200347604E-03
-2.196053509E-03
-2.191614592E-03
-2.187023638E-03
-2.182272030E-03
-2.177350689E-03
-2.172249136E-03
-2.166954800E-03
-2.161453711E-03
-2.155729569E-03
-2.149762819E-03
-2.143530408E-03
-2.137003699E-03
-2.130146837E-03
-2.122913720E-03
-2.115243115E-03
-2.107047709E-03
-2.098199679E-03
-2.088465029E-03
-2.077385783E-03
-2.300748369E-03
-2.300678752E-03
-2.300552791E-03
-2.300370485E-03
-2.300131600E-03
-2.299836371E-03
-2.299484564E-03
-2.299075946E-03
-2.298610285E-03
-2.298087580E-03
-2.297507599E-03
-2.296869876E-03
-2.296174178E-03
-2.295420272E-03
-2.294607926E-03
-2.293736674E-03
-2.292806283E-03
-2.291816054E-03
-2.290765522E-03
-2.289654454E-03
-2.288482152E-03
-2.287248150E-03
-2.285951748E-03
-2.284592483E-03
-2.283169655E-03
-2.281682333E-03
-2.280130051E-03
-2.278511878E-03
-2.276826883E-03
-2.275074134E-03
-2.273252932E-03
-2.271362115E-03
-2.269400517E-03
-2.267367207E-03
-2.265260555E-03
-2.263079863E-03
-2.260823501E-03
-2.258490073E-03
-2.256077947E-03
-2.253585728E-03
-2.251011552E-03
-2.248353325E-03
-2.245609649E-03
-2.242777962E-03
-2.239856403E-03
-2.236842411E-03
-2.233733423E-03
-2.230526647E-03
-2.227219520E-03
-2.223808318E-03
-2.220290247E-03
-2.216661116E-03
-2.212916967E-03
-2.209053840E-03
-2.205066616E-03
-2.200950170E-03
-2.196698682E-03
-2.192305867E-03
-2.187764971E-03
-2.183067612E-03
-2.178205410E-03
-2.173168119E-03
-2.167944564E-03
-2.162521705E-03
-2.156883944E-03
-2.151014050E-03
-2.144890605E-03
-2.138487762E-03
-2.131773625E-03
-2.124708146E-03
-2.117238007E-03
-2.109290799E-03
-2.100761514E-03
-2.091480885E-03
-2.081145998E-03
-2.068877220E-03
-2.300761640E-03
-2.300718799E-03
-2.300619613E-03
-2.300464083E-03
-2.300252207E-03
-2.299983753E-03
-2.299658721E-03
-2.299276879E-03
-2.298838226E-03
-2.298342297E-03
-2.297789091E-03
-2.297178144E-03
-2.296509221E-03
-2.295782324E-03
-2.294996753E-03
-2.294152277E-03
-2.293248428E-03
-2.292284975E-03
-2.291261451E-03
-2.290177159E-03
-2.289031865E-03
-2.287824638E-03
-2.286555246E-03
-2.285222756E-03
-2.283826703E-03
-2.282366389E-03
-2.280840883E-03
-2.279249486E-03
-2.277591266E-03
-2.275865525E-03
-2.274071099E-03
-2.272207057E-03
-2.270272467E-03
-2.268265933E-03
-2.266186522E-03
-2.264032606E-03
-2.261803253E-03
-2.259496599E-03
-2.257111482E-03
-2.254646039E-03
-2.252098639E-03
-2.249467652E-03
-2.246750752E-03
-2.243946074E-03
-2.241051523E-03
-2.238064539E-03
-2.234982559E-03
-2.231802791E-03
-2.228522673E-03
-2.225138480E-03
-2.221647417E-03
-2.218045294E-03
-2.214328386E-03
-2.210492035E-03
-2.206531819E-03
-2.202442614E-03
-2.198218135E-03
-2.193852561E-03
-2.189338673E-03
-2.184668556E-03
-2.179833362E-03
-2.174823312E-03
-2.169626765E-03
-2.164230915E-03
-2.158620628E-03
-2.152777975E-03
-2.146681538E-03
-2.140305936E-03
-2.133619040E-03
-2.126580803E-03
-2.119137906E-03
-2.111217938E-03
-2.102716127E-03
-2.093462506E-03
-2.083155094E-03
-2.070913557E-03
