-2.082023537E-03
-1.841818565E-03
-1.843859558E-03
-1.856472110E-03
-1.867586048E-03
-1.877354924E-03
-1.886237180E-03
-1.894466579E-03
-1.902170712E-03
-1.909437240E-03
-1.916327165E-03
-1.922886935E-03
-1.929152058E-03
-1.935151173E-03
-1.940907445E-03
-1.946440665E-03
-1.951766782E-03
-1.956900116E-03
-1.961852890E-03
-1.966635464E-03
-1.971257618E-03
-1.975727268E-03
-1.980052097E-03
-1.984238625E-03
-1.988293137E-03
-1.992220758E-03
-1.996026840E-03
-1.999715576E-03
-2.003291389E-03
-2.006758004E-03
-2.010119148E-03
-2.013377845E-03
-2.016537590E-03
-2.019600710E-03
-2.022569999E-03
-2.025448019E-03
-2.028237097E-03
-2.030939329E-03
-2.033556812E-03
-2.036091173E-03
-2.038544277E-03
-2.040917985E-03
-2.043213928E-03
-2.045433270E-03
-2.047577640E-03
-2.049648203E-03
-2.051646356E-03
-2.053573029E-03
-2.055429621E-03
-2.057217062E-03
-2.058936283E-03
-2.060588216E-03
-2.062173793E-03
-2.063693944E-03
-2.065149369E-03
-2.066540532E-03
-2.067868598E-03
-2.069133800E-03
-2.070337068E-03
-2.071478870E-03
-2.072559670E-03
-2.073580166E-03
-2.074540593E-03
-2.075441647E-03
-2.076283330E-03
-2.077066572E-03
-2.077791141E-03
-2.078457735E-03
-2.079066820E-03
-2.079618163E-03
-2.080112230E-03
-2.080549253E-03
-2.080929466E-03
-2.081252867E-03
-2.081519924E-03
-2.081730403E-03
-2.081884304E-03
-2.081982093E-03
-2.082008868E-03
-2.081937622E-03
-2.081810264E-03
-2.081626561E-03
-2.081386279E-03
-2.081089420E-03
-2.080735983E-03
-2.080325736E-03
-2.079858212E-03
-2.079333412E-03
-2.078751335E-03
-2.078111283E-03
-2.077413257E-03
-2.076657023E-03
-2.075841883E-03
-2.074967604E-03
-2.074033720E-03
-2.073039999E-03
-2.071985975E-03
-2.070870949E-03
-2.069694456E-03
-2.068455797E-03
-2.067154506E-03
-2.065789886E-03
-2.064361470E-03
-2.062868094E-03
-2.061309060E-03
-2.059683902E-03
-2.057991456E-03
-2.056230791E-03
-2.054400975E-03
-2.052500844E-03
-2.050529700E-03
-2.048485680E-03
-2.046368318E-03
-2.044175752E-03
-2.041906584E-03
-2.039559651E-03
-2.037133323E-03
-2.034625737E-03
-2.032035263E-03
-2.029359806E-03
-2.026597504E-03
-2.023746260E-03
-2.020803746E-03
-2.017767634E-03
-2.014634898E-03
-2.011402976E-03
-2.008068608E-03
-2.004629001E-03
-2.001079964E-03
-1.997418003E-03
-1.993639162E-03
-1.989738317E-03
-1.985710813E-03
-1.981551293E-03
-1.977253472E-03
-1.972810598E-03
-1.968215685E-03
-1.963459887E-03
-1.958534354E-03
-1.953427913E-03
-1.948128804E-03
-1.942622708E-03
-1.936893445E-03
-1.930921455E-03
-1.924683456E-03
-1.918150811E-03
-1.911287894E-03
-1.904048608E-03
-1.896371599E-03
-1.888169325E-03
-1.879314310E-03
-1.869572443E-03
-1.858485863E-03
-2.082009800E-03
-2.081940183E-03
-2.081814455E-03
-2.081632148E-03
-2.081393497E-03
-2.081098268E-03
-2.080746461E-03
-2.080337843E-03
-2.079872182E-03
-2.079349477E-03
-2.078769496E-03
-2.078131773E-03
-2.077436075E-03
-2.076682169E-03
-2.075869823E-03
-2.074998571E-03
-2.074067947E-03
-2.073077485E-03
-2.072026953E-03
-2.070915652E-03
-2.069743117E-03
-2.068509115E-03
-2.067212481E-03
-2.065852983E-03
-2.064429689E-03
-2.062942134E-03
-2.061389387E-03
-2.059770748E-03
-2.058085054E-03
-2.056331839E-03
-2.054509940E-03
-2.052618423E-03
-2.050656127E-03
-2.048622118E-03
-2.046514768E-03
-2.044333145E-03
-2.042075619E-03
-2.039741026E-03
-2.037327737E-03
-2.034834120E-03
-2.032258548E-03
-2.029598923E-03
-2.026853617E-03
-2.024020301E-03
-2.021096880E-03
-2.018081024E-03
-2.014969941E-03
-2.011761069E-03
-2.008451615E-03
-2.005038084E-03
-2.001517219E-03
-1.997885527E-03
-1.994138584E-03
-1.990272431E-03
-1.986281946E-03
-1.982162241E-03
-1.977907261E-03
-1.973510953E-03
-1.968966099E-03
-1.964264782E-03
-1.959398389E-03
-1.954356674E-03
-1.949128695E-03
-1.943700830E-03
-1.938058296E-03
-1.932183281E-03
-1.926054480E-03
-1.919645933E-03
-1.912926091E-03
-1.905854442E-03
-1.898378134E-03
-1.890424406E-03
-1.881888486E-03
-1.872600755E-03
-1.862258767E-03
-1.849982422E-03
-2.082023304E-03
-2.081980230E-03
-2.081881044E-03
-2.081725514E-03
-2.081513405E-03
-2.081244951E-03
-2.080919920E-03
-2.080537844E-03
-2.080098959E-03
-2.079603029E-03
-2.079049591E-03
-2.078438643E-03
-2.077769721E-03
-2.077042358E-03
-2.076256787E-03
-2.075412078E-03
-2.074508229E-03
-2.073544543E-03
-2.072520554E-03
-2.071436029E-03
-2.070290269E-03
-2.069082810E-03
-2.067812951E-03
-2.066480229E-03
-2.065083710E-03
-2.063622931E-03
-2.062096726E-03
-2.060504863E-03
-2.058846178E-03
-2.057119738E-03
-2.055324614E-03
-2.053459873E-03
-2.051524119E-03
-2.049516886E-03
-2.047436312E-03
-2.045281464E-03
-2.043050714E-03
-2.040742896E-03
-2.038356615E-03
-2.035889775E-03
-2.033340978E-03
-2.030708129E-03
-2.027989598E-03
-2.025183290E-03
-2.022286644E-03
-2.019297564E-03
-2.016213490E-03
-2.013031393E-03
-2.009748714E-03
-2.006362192E-03
-2.002868336E-03
-1.999263419E-03
-1.995543484E-03
-1.991704106E-03
-1.987740863E-03
-1.983647933E-03
-1.979419962E-03
-1.975050662E-03
-1.970532583E-03
-1.965858508E-03
-1.961018890E-03
-1.956004417E-03
-1.950803213E-03
-1.945402590E-03
-1.939787064E-03
-1.933939173E-03
-1.927837264E-03
-1.921455958E-03
-1.914763241E-03
-1.907718717E-03
-1.900269534E-03
-1.892342931E-03
-1.883834251E-03
-1.874573529E-03
-1.864258898E-03
-1.852009911E-03
