-2.031416865E-03
-1.791204559E-03
-1.793246949E-03
-1.805859385E-03
-1.816974604E-03
-1.826744643E-03
-1.835628063E-03
-1.843858510E-03
-1.851563691E-03
-1.858831150E-03
-1.865722006E-03
-1.872282592E-03
-1.878548414E-03
-1.884548226E-03
-1.890305197E-03
-1.895838999E-03
-1.901165699E-03
-1.906299498E-03
-1.911252621E-03
-1.916035777E-03
-1.920658164E-03
-1.925128163E-03
-1.929453225E-03
-1.933640102E-03
-1.937694731E-03
-1.941622584E-03
-1.945428667E-03
-1.949117519E-03
-1.952693448E-03
-1.956160180E-03
-1.959521323E-03
-1.962780021E-03
-1.965939533E-03
-1.969002653E-03
-1.971971942E-03
-1.974849729E-03
-1.977638807E-03
-1.980340807E-03
-1.982957823E-03
-1.985492185E-03
-1.987945056E-03
-1.990318764E-03
-1.992614241E-03
-1.994833350E-03
-1.996977488E-03
-1.999047818E-03
-2.001045505E-03
-2.002972178E-03
-2.004828304E-03
-2.006615512E-03
-2.008334501E-03
-2.009986201E-03
-2.011571545E-03
-2.013091231E-03
-2.014546422E-03
-2.015937353E-03
-2.017265186E-03
-2.018530155E-03
-2.019733191E-03
-2.020874759E-03
-2.021955326E-03
-2.022975357E-03
-2.023935784E-03
-2.024836373E-03
-2.025678055E-03
-2.026460832E-03
-2.027185401E-03
-2.027851995E-03
-2.028460614E-03
-2.029011957E-03
-2.029506024E-03
-2.029942814E-03
-2.030323027E-03
-2.030646428E-03
-2.030913252E-03
-2.031123731E-03
-2.031277632E-03
-2.031375421E-03
-2.031402197E-03
-2.031331183E-03
-2.031203825E-03
-2.031020122E-03
-2.030779840E-03
-2.030483214E-03
-2.030129777E-03
-2.029719530E-03
-2.029252239E-03
-2.028727671E-03
-2.028145595E-03
-2.027505776E-03
-2.026807982E-03
-2.026051981E-03
-2.025237074E-03
-2.024363028E-03
-2.023429377E-03
-2.022435889E-03
-2.021382097E-03
-2.020267304E-03
-2.019091044E-03
-2.017852850E-03
-2.016551793E-03
-2.015187405E-03
-2.013759222E-03
-2.012266079E-03
-2.010707511E-03
-2.009082586E-03
-2.007390372E-03
-2.005630173E-03
-2.003800590E-03
-2.001900924E-03
-1.999929780E-03
-1.997886226E-03
-1.995769097E-03
-1.993576763E-03
-1.991307829E-03
-1.988961129E-03
-1.986535033E-03
-1.984027680E-03
-1.981437439E-03
-1.978762215E-03
-1.976000145E-03
-1.973149134E-03
-1.970206620E-03
-1.967170509E-03
-1.964037772E-03
-1.960805850E-03
-1.957471715E-03
-1.954031875E-03
-1.950483071E-03
-1.946821110E-03
-1.943041920E-03
-1.939140959E-03
-1.935113338E-03
-1.930953586E-03
-1.926655415E-03
-1.922212425E-03
-1.917617046E-03
-1.912861015E-03
-1.907934900E-03
-1.902827993E-03
-1.897528302E-03
-1.892021741E-03
-1.886291779E-03
-1.880319091E-03
-1.874080393E-03
-1.867546933E-03
-1.860683202E-03
-1.853442984E-03
-1.845764928E-03
-1.837561605E-03
-1.828705426E-03
-1.818962512E-03
-1.807874651E-03
-2.031403128E-03
-2.031333512E-03
-2.031207783E-03
-2.031025477E-03
-2.030786825E-03
-2.030491829E-03
-2.030140022E-03
-2.029731637E-03
-2.029265976E-03
-2.028743504E-03
-2.028163522E-03
-2.027526032E-03
-2.026830567E-03
-2.026076894E-03
-2.025264548E-03
-2.024393529E-03
-2.023463137E-03
-2.022472909E-03
-2.021422610E-03
-2.020311542E-03
-2.019139472E-03
-2.017905470E-03
-2.016609069E-03
-2.015249804E-03
-2.013826976E-03
-2.012339653E-03
-2.010787139E-03
-2.009168733E-03
-2.007483505E-03
-2.005730523E-03
-2.003908856E-03
-2.002017573E-03
-2.000055742E-03
-1.998021733E-03
-1.995914616E-03
-1.993733225E-03
-1.991476165E-03
-1.989141805E-03
-1.986728748E-03
-1.984235365E-03
-1.981659792E-03
-1.979000401E-03
-1.976255327E-03
-1.973422011E-03
-1.970498823E-03
-1.967482967E-03
-1.964371884E-03
-1.961163245E-03
-1.957853558E-03
-1.954440260E-03
-1.950919395E-03
-1.947287470E-03
-1.943540527E-03
-1.939674141E-03
-1.935683540E-03
-1.931563602E-03
-1.927308389E-03
-1.922911732E-03
-1.918366528E-03
-1.913664863E-03
-1.908798004E-03
-1.903755940E-03
-1.898527262E-03
-1.893098932E-03
-1.887455699E-03
-1.881579985E-03
-1.875450485E-03
-1.869041123E-03
-1.862320350E-03
-1.855247887E-03
-1.847770647E-03
-1.839815755E-03
-1.831278787E-03
-1.821989892E-03
-1.811646624E-03
-1.799369464E-03
-2.031416632E-03
-2.031373559E-03
-2.031274373E-03
-2.031118842E-03
-2.030906966E-03
-2.030638512E-03
-2.030313481E-03
-2.029931871E-03
-2.029492985E-03
-2.028997056E-03
-2.028443851E-03
-2.027833136E-03
-2.027164213E-03
-2.026437316E-03
-2.025651745E-03
-2.024807269E-03
-2.023903653E-03
-2.022940200E-03
-2.021916676E-03
-2.020832384E-03
-2.019686857E-03
-2.018479630E-03
-2.017210238E-03
-2.015877515E-03
-2.014481463E-03
-2.013020916E-03
-2.011495177E-03
-2.009903546E-03
-2.008245094E-03
-2.006518887E-03
-2.004723996E-03
-2.002859488E-03
-2.000924200E-03
-1.998917200E-03
-1.996836858E-03
-1.994682243E-03
-1.992451958E-03
-1.990144374E-03
-1.987758093E-03
-1.985291718E-03
-1.982742921E-03
-1.980110537E-03
-1.977392239E-03
-1.974585932E-03
-1.971689519E-03
-1.968700439E-03
-1.965616364E-03
-1.962434500E-03
-1.959151821E-03
-1.955765299E-03
-1.952271326E-03
-1.948666410E-03
-1.944946474E-03
-1.941106981E-03
-1.937143388E-03
-1.933050342E-03
-1.928822137E-03
-1.924452488E-03
-1.919934293E-03
-1.915259636E-03
-1.910419785E-03
-1.905404730E-03
-1.900203060E-03
-1.894801855E-03
-1.889185864E-03
-1.883337158E-03
-1.877234667E-03
-1.870852546E-03
-1.864158898E-03
-1.857113559E-03
-1.849663327E-03
-1.841735793E-03
-1.833225950E-03
-1.823964179E-03
-1.813648269E-03
-1.801398350E-03
