-2.098630881E-03
-1.858432079E-03
-1.860472606E-03
-1.873085042E-03
-1.884198515E-03
-1.893966924E-03
-1.902848831E-03
-1.911077765E-03
-1.918781549E-03
-1.926047727E-03
-1.932937303E-03
-1.939496724E-03
-1.945761498E-03
-1.951760380E-03
-1.957516419E-03
-1.963049173E-03
-1.968375174E-03
-1.973508392E-03
-1.978460699E-03
-1.983243274E-03
-1.987865195E-03
-1.992334612E-03
-1.996659208E-03
-2.000845736E-03
-2.004900016E-03
-2.008827636E-03
-2.012633486E-03
-2.016322222E-03
-2.019897802E-03
-2.023364417E-03
-2.026725560E-03
-2.029984258E-03
-2.033143770E-03
-2.036206890E-03
-2.039176179E-03
-2.042054199E-03
-2.044843277E-03
-2.047545509E-03
-2.050162759E-03
-2.052697353E-03
-2.055150457E-03
-2.057524165E-03
-2.059820108E-03
-2.062039450E-03
-2.064183820E-03
-2.066254383E-03
-2.068252536E-03
-2.070179442E-03
-2.072036033E-03
-2.073823474E-03
-2.075542696E-03
-2.077194862E-03
-2.078780439E-03
-2.080300590E-03
-2.081756014E-03
-2.083147410E-03
-2.084475243E-03
-2.085740678E-03
-2.086943947E-03
-2.088085748E-03
-2.089166781E-03
-2.090187045E-03
-2.091147704E-03
-2.092048526E-03
-2.092890441E-03
-2.093673684E-03
-2.094398485E-03
-2.095065080E-03
-2.095673932E-03
-2.096225275E-03
-2.096719574E-03
-2.097156597E-03
-2.097536810E-03
-2.097860212E-03
-2.098127268E-03
-2.098337747E-03
-2.098491648E-03
-2.098589437E-03
-2.098616213E-03
-2.098545199E-03
-2.098417608E-03
-2.098233905E-03
-2.097993623E-03
-2.097696764E-03
-2.097343327E-03
-2.096932847E-03
-2.096465556E-03
-2.095940756E-03
-2.095358446E-03
-2.094718395E-03
-2.094020369E-03
-2.093263902E-03
-2.092448762E-03
-2.091574483E-03
-2.090640832E-03
-2.089646878E-03
-2.088592853E-03
-2.087477595E-03
-2.086301101E-03
-2.085062442E-03
-2.083761152E-03
-2.082396531E-03
-2.080967883E-03
-2.079474507E-03
-2.077915473E-03
-2.076290315E-03
-2.074597636E-03
-2.072836971E-03
-2.071007155E-03
-2.069107024E-03
-2.067135647E-03
-2.065091860E-03
-2.062974265E-03
-2.060781699E-03
-2.058512531E-03
-2.056165598E-03
-2.053739270E-03
-2.051231684E-03
-2.048640978E-03
-2.045965753E-03
-2.043203451E-03
-2.040352207E-03
-2.037409926E-03
-2.034373581E-03
-2.031240845E-03
-2.028008923E-03
-2.024674788E-03
-2.021235181E-03
-2.017686376E-03
-2.014024416E-03
-2.010245575E-03
-2.006344963E-03
-2.002317691E-03
-1.998158172E-03
-1.993860351E-03
-1.989417942E-03
-1.984823029E-03
-1.980067464E-03
-1.975141931E-03
-1.970035955E-03
-1.964736963E-03
-1.959231216E-03
-1.953502186E-03
-1.947530545E-03
-1.941292780E-03
-1.934760483E-03
-1.927897916E-03
-1.920658979E-03
-1.912982319E-03
-1.904780511E-03
-1.895925845E-03
-1.886184560E-03
-1.875098445E-03
-2.098617377E-03
-2.098547760E-03
-2.098421799E-03
-2.098239493E-03
-2.098000841E-03
-2.097705612E-03
-2.097353805E-03
-2.096945187E-03
-2.096479526E-03
-2.095956821E-03
-2.095376607E-03
-2.094738884E-03
-2.094043186E-03
-2.093289280E-03
-2.092476934E-03
-2.091605449E-03
-2.090674825E-03
-2.089684363E-03
-2.088633832E-03
-2.087522531E-03
-2.086349996E-03
-2.085115761E-03
-2.083819127E-03
-2.082459629E-03
-2.081036335E-03
-2.079548780E-03
-2.077995799E-03
-2.076377161E-03
-2.074691700E-03
-2.072938252E-03
-2.071116352E-03
-2.069224836E-03
-2.067262540E-03
-2.065228298E-03
-2.063120948E-03
-2.060939325E-03
-2.058681799E-03
-2.056347206E-03
-2.053933917E-03
-2.051440300E-03
-2.048864728E-03
-2.046205103E-03
-2.043459797E-03
-2.040626481E-03
-2.037703060E-03
-2.034687204E-03
-2.031576354E-03
-2.028367482E-03
-2.025058027E-03
-2.021644497E-03
-2.018123865E-03
-2.014492173E-03
-2.010745462E-03
-2.006879309E-03
-2.002889058E-03
-1.998769352E-03
-1.994514605E-03
-1.990118530E-03
-1.985573675E-03
-1.980872592E-03
-1.976006432E-03
-1.970964950E-03
-1.965737203E-03
-1.960309688E-03
-1.954667270E-03
-1.948792604E-03
-1.942664036E-03
-1.936255838E-03
-1.929536345E-03
-1.922465046E-03
-1.914989203E-03
-1.907035825E-03
-1.898500370E-03
-1.889212988E-03
-1.878871466E-03
-1.866595936E-03
-2.098630648E-03
-2.098587574E-03
-2.098488389E-03
-2.098332858E-03
-2.098120749E-03
-2.097852295E-03
-2.097527264E-03
-2.097145189E-03
-2.096706303E-03
-2.096210141E-03
-2.095656702E-03
-2.095045755E-03
-2.094376832E-03
-2.093649469E-03
-2.092863666E-03
-2.092018956E-03
-2.091115108E-03
-2.090151422E-03
-2.089127433E-03
-2.088042907E-03
-2.086897148E-03
-2.085689455E-03
-2.084419597E-03
-2.083086642E-03
-2.081690123E-03
-2.080229344E-03
-2.078703139E-03
-2.077111276E-03
-2.075452358E-03
-2.073725918E-03
-2.071930794E-03
-2.070065821E-03
-2.068130299E-03
-2.066122834E-03
-2.064042259E-03
-2.061887411E-03
-2.059656661E-03
-2.057349076E-03
-2.054962562E-03
-2.052495722E-03
-2.049946925E-03
-2.047314076E-03
-2.044595545E-03
-2.041789237E-03
-2.038892591E-03
-2.035903512E-03
-2.032819437E-03
-2.029637573E-03
-2.026354894E-03
-2.022968372E-03
-2.019474516E-03
-2.015869832E-03
-2.012149896E-03
-2.008310752E-03
-2.004347509E-03
-2.000254812E-03
-1.996026840E-03
-1.991657773E-03
-1.987139927E-03
-1.982465852E-03
-1.977626700E-03
-1.972612226E-03
-1.967411488E-03
-1.962010982E-03
-1.956395805E-03
-1.950548030E-03
-1.944446471E-03
-1.938065514E-03
-1.931373030E-03
-1.924328972E-03
-1.916880137E-03
-1.908954000E-03
-1.900445670E-03
-1.891185413E-03
-1.880871132E-03
-1.868622843E-03
