-2.039589919E-03
-1.801418723E-03
-1.799377613E-03
-2.039575018E-03
-2.039504005E-03
-2.039376646E-03
-2.039192943E-03
-2.038952662E-03
-2.038656035E-03
-2.038302599E-03
-2.037892351E-03
-2.037425060E-03
-2.036900492E-03
-2.036318416E-03
-2.035678597E-03
-2.034980571E-03
-2.034224337E-03
-2.033409430E-03
-2.032535383E-03
-2.031601733E-03
-2.030608244E-03
-2.029554453E-03
-2.028439427E-03
-2.027263166E-03
-2.026024740E-03
-2.024723683E-03
-2.023359295E-03
-2.021930879E-03
-2.020437969E-03
-2.018879168E-03
-2.017254243E-03
-2.015562030E-03
-2.013801597E-03
-2.011972014E-03
-2.010072116E-03
-2.008100972E-03
-2.006057417E-03
-2.003940055E-03
-2.001747722E-03
-1.999478787E-03
-1.997132087E-03
-1.994705759E-03
-1.992198406E-03
-1.989607932E-03
-1.986932708E-03
-1.984170638E-03
-1.981319394E-03
-1.978377113E-03
-1.975340769E-03
-1.972208032E-03
-1.968976110E-03
-1.965641975E-03
-1.962202135E-03
-1.958653098E-03
-1.954991138E-03
-1.951212063E-03
-1.947311102E-03
-1.943283482E-03
-1.939123613E-03
-1.934825559E-03
-1.930382568E-03
-1.925787190E-03
-1.921031158E-03
-1.916105044E-03
-1.910998253E-03
-1.905698678E-03
-1.900192117E-03
-1.894462155E-03
-1.888489584E-03
-1.882250886E-03
-1.875717542E-03
-1.868853928E-03
-1.861613826E-03
-1.853935886E-03
-1.845732797E-03
-1.836876734E-03
-1.827133936E-03
-1.816046308E-03
-1.814032323E-03
-1.825147308E-03
-1.834917231E-03
-1.843800419E-03
-1.852030749E-03
-1.859735814E-03
-1.867003040E-03
-1.873893780E-03
-1.880454249E-03
-1.886720071E-03
-1.892719767E-03
-1.898476621E-03
-1.904010307E-03
-1.909336890E-03
-1.914470806E-03
-1.919423812E-03
-1.924206968E-03
-1.928829239E-03
-1.933299238E-03
-1.937624300E-03
-1.941811061E-03
-1.945865690E-03
-1.949793543E-03
-1.953599742E-03
-1.957288478E-03
-1.960864523E-03
-1.964331139E-03
-1.967692282E-03
-1.970951213E-03
-1.974110724E-03
-1.977173844E-03
-1.980143134E-03
-1.983021153E-03
-1.985809999E-03
-1.988511998E-03
-1.991129247E-03
-1.993663609E-03
-1.996116713E-03
-1.998490188E-03
-2.000785898E-03
-2.003005007E-03
-2.005149145E-03
-2.007219475E-03
-2.009217395E-03
-2.011144068E-03
-2.013000427E-03
-2.014787635E-03
-2.016506623E-03
-2.018158324E-03
-2.019743668E-03
-2.021263586E-03
-2.022718545E-03
-2.024109708E-03
-2.025437541E-03
-2.026702510E-03
-2.027905546E-03
-2.029047115E-03
-2.030127915E-03
-2.031148179E-03
-2.032108372E-03
-2.033009194E-03
-2.033850877E-03
-2.034633653E-03
-2.035358222E-03
-2.036024816E-03
-2.036633668E-03
-2.037184779E-03
-2.037678845E-03
-2.038115868E-03
-2.038495848E-03
-2.038819250E-03
-2.039086306E-03
-2.039296553E-03
-2.039450686E-03
-2.039548475E-03
-2.039589453E-03
-2.039546613E-03
-2.039447427E-03
-2.039291896E-03
-2.039079787E-03
-2.038811566E-03
-2.038486302E-03
-2.038104460E-03
-2.037665807E-03
-2.037169877E-03
-2.036616672E-03
-2.036005724E-03
-2.035336802E-03
-2.034609905E-03
-2.033824334E-03
-2.032979857E-03
-2.032076009E-03
-2.031112555E-03
-2.030088799E-03
-2.029004507E-03
-2.027858980E-03
-2.026651753E-03
-2.025382128E-03
-2.024049405E-03
-2.022653120E-03
-2.021192573E-03
-2.019666834E-03
-2.018074971E-03
-2.016416518E-03
-2.014690312E-03
-2.012895420E-03
-2.011030912E-03
-2.009095624E-03
-2.007088391E-03
-2.005008049E-03
-2.002853435E-03
-2.000622917E-03
-1.998315332E-03
-1.995929051E-03
-1.993462443E-03
-1.990913646E-03
-1.988281030E-03
-1.985562732E-03
-1.982756425E-03
-1.979859779E-03
-1.976870699E-03
-1.973786624E-03
-1.970604761E-03
-1.967322081E-03
-1.963935560E-03
-1.960441470E-03
-1.956836553E-03
-1.953116502E-03
-1.949277008E-03
-1.945313415E-03
-1.941220486E-03
-1.936992281E-03
-1.932622632E-03
-1.928104321E-03
-1.923429780E-03
-1.918589929E-03
-1.913574990E-03
-1.908373320E-03
-1.902972232E-03
-1.897356124E-03
-1.891507651E-03
-1.885405160E-03
-1.879023155E-03
-1.872329623E-03
-1.865284401E-03
-1.857834286E-03
-1.849906868E-03
-1.841397141E-03
-1.832135487E-03
-1.821819809E-03
-1.809569891E-03
-2.039576182E-03
-2.039506566E-03
-2.039380604E-03
-2.039198531E-03
-2.038959879E-03
-2.038664650E-03
-2.038313076E-03
-2.037904458E-03
-2.037439030E-03
-2.036916325E-03
-2.036336344E-03
-2.035698853E-03
-2.035003388E-03
-2.034249483E-03
-2.033437369E-03
-2.032566117E-03
-2.031635726E-03
-2.030645497E-03
-2.029595198E-03
-2.028484130E-03
-2.027311828E-03
-2.026077826E-03
-2.024781425E-03
-2.023422159E-03
-2.021999098E-03
-2.020511776E-03
-2.018959261E-03
-2.017340856E-03
-2.015655395E-03
-2.013902413E-03
-2.012080746E-03
-2.010189462E-03
-2.008227399E-03
-2.006193390E-03
-2.004086273E-03
-2.001904882E-03
-1.999647589E-03
-1.997313229E-03
-1.994900173E-03
-1.992406556E-03
-1.989831217E-03
-1.987171825E-03
-1.984426519E-03
-1.981593436E-03
-1.978670014E-03
-1.975654159E-03
-1.972543076E-03
-1.969334437E-03
-1.966024749E-03
-1.962611219E-03
-1.959090354E-03
-1.955458429E-03
-1.951711485E-03
-1.947845099E-03
-1.943854615E-03
-1.939734677E-03
-1.935479464E-03
-1.931082807E-03
-1.926537720E-03
-1.921836054E-03
-1.916969195E-03
-1.911927131E-03
-1.906698570E-03
-1.901270356E-03
-1.895627240E-03
-1.889751642E-03
-1.883622142E-03
-1.877212897E-03
-1.870492240E-03
-1.863419893E-03
-1.855942770E-03
-1.847988111E-03
-1.839451259E-03
-1.830162480E-03
-1.819819445E-03
-1.807542285E-03
