-2.117658732E-03
-1.877468545E-03
-1.879508840E-03
-1.892120927E-03
-1.903233817E-03
-1.913001761E-03
-1.921883086E-03
-1.930111554E-03
-1.937814872E-03
-1.945080468E-03
-1.951969694E-03
-1.958528766E-03
-1.964793075E-03
-1.970791491E-03
-1.976547297E-03
-1.982079819E-03
-1.987405354E-03
-1.992538106E-03
-1.997490413E-03
-2.002272522E-03
-2.006894210E-03
-2.011363627E-03
-2.015687991E-03
-2.019874053E-03
-2.023928333E-03
-2.027855720E-03
-2.031661337E-03
-2.035350073E-03
-2.038925653E-03
-2.042392036E-03
-2.045752946E-03
-2.049011644E-03
-2.052171156E-03
-2.055234043E-03
-2.058203332E-03
-2.061081352E-03
-2.063870430E-03
-2.066572430E-03
-2.069189912E-03
-2.071724273E-03
-2.074177377E-03
-2.076551318E-03
-2.078847028E-03
-2.081066370E-03
-2.083210740E-03
-2.085281536E-03
-2.087279456E-03
-2.089206362E-03
-2.091062954E-03
-2.092850627E-03
-2.094569849E-03
-2.096222015E-03
-2.097807592E-03
-2.099327743E-03
-2.100783167E-03
-2.102174563E-03
-2.103502629E-03
-2.104768064E-03
-2.105971333E-03
-2.107113134E-03
-2.108194167E-03
-2.109214664E-03
-2.110175090E-03
-2.111076145E-03
-2.111918060E-03
-2.112701302E-03
-2.113426104E-03
-2.114092698E-03
-2.114701550E-03
-2.115253126E-03
-2.115747193E-03
-2.116184449E-03
-2.116564661E-03
-2.116888063E-03
-2.117155120E-03
-2.117365366E-03
-2.117519500E-03
-2.117617289E-03
-2.117644064E-03
-2.117572818E-03
-2.117445460E-03
-2.117261756E-03
-2.117021475E-03
-2.116724616E-03
-2.116370946E-03
-2.115960699E-03
-2.115493175E-03
-2.114968374E-03
-2.114386065E-03
-2.113746013E-03
-2.113047987E-03
-2.112291520E-03
-2.111476380E-03
-2.110601868E-03
-2.109668218E-03
-2.108674264E-03
-2.107620006E-03
-2.106504980E-03
-2.105328254E-03
-2.104089595E-03
-2.102788305E-03
-2.101423685E-03
-2.099995036E-03
-2.098501427E-03
-2.096942626E-03
-2.095317235E-03
-2.093624556E-03
-2.091863891E-03
-2.090034075E-03
-2.088133944E-03
-2.086162567E-03
-2.084118780E-03
-2.082001185E-03
-2.079808386E-03
-2.077539451E-03
-2.075192519E-03
-2.072765958E-03
-2.070258372E-03
-2.067667898E-03
-2.064992674E-03
-2.062230604E-03
-2.059379360E-03
-2.056436846E-03
-2.053400734E-03
-2.050268231E-03
-2.047036309E-03
-2.043702407E-03
-2.040262800E-03
-2.036713995E-03
-2.033052268E-03
-2.029273659E-03
-2.025373047E-03
-2.021346008E-03
-2.017186722E-03
-2.012889134E-03
-2.008446725E-03
-2.003852278E-03
-1.999096945E-03
-1.994171878E-03
-1.989065902E-03
-1.983767375E-03
-1.978261862E-03
-1.972533297E-03
-1.966561889E-03
-1.960324589E-03
-1.953792758E-03
-1.946930541E-03
-1.939692069E-03
-1.932015875E-03
-1.923814532E-03
-1.914960449E-03
-1.905219629E-03
-1.894134097E-03
-2.117644995E-03
-2.117575379E-03
-2.117449651E-03
-2.117267344E-03
-2.117028693E-03
-2.116733463E-03
-2.116381656E-03
-2.115972806E-03
-2.115507377E-03
-2.114984440E-03
-2.114404459E-03
-2.113766503E-03
-2.113070805E-03
-2.112316899E-03
-2.111504553E-03
-2.110633068E-03
-2.109702444E-03
-2.108711982E-03
-2.107661217E-03
-2.106549917E-03
-2.105377382E-03
-2.104143146E-03
-2.102846513E-03
-2.101486782E-03
-2.100063488E-03
-2.098575933E-03
-2.097022953E-03
-2.095404314E-03
-2.093718620E-03
-2.091965405E-03
-2.090143505E-03
-2.088251757E-03
-2.086289460E-03
-2.084255219E-03
-2.082147868E-03
-2.079966245E-03
-2.077708719E-03
-2.075374126E-03
-2.072960837E-03
-2.070467221E-03
-2.067891648E-03
-2.065232256E-03
-2.062486950E-03
-2.059653634E-03
-2.056730445E-03
-2.053714590E-03
-2.050603507E-03
-2.047394868E-03
-2.044085413E-03
-2.040672116E-03
-2.037151717E-03
-2.033520024E-03
-2.029773546E-03
-2.025907394E-03
-2.021917375E-03
-2.017797902E-03
-2.013543388E-03
-2.009147312E-03
-2.004602924E-03
-1.999902073E-03
-1.995036146E-03
-1.989995129E-03
-1.984767616E-03
-1.979340333E-03
-1.973698381E-03
-1.967824064E-03
-1.961695729E-03
-1.955287997E-03
-1.948568854E-03
-1.941498136E-03
-1.934022643E-03
-1.926069730E-03
-1.917534857E-03
-1.908248058E-03
-1.897907001E-03
-1.885632053E-03
-2.117658500E-03
-2.117615426E-03
-2.117516240E-03
-2.117360709E-03
-2.117148601E-03
-2.116880147E-03
-2.116554882E-03
-2.116173040E-03
-2.115733922E-03
-2.115237992E-03
-2.114684554E-03
-2.114073373E-03
-2.113404218E-03
-2.112677088E-03
-2.111891285E-03
-2.111046575E-03
-2.110142494E-03
-2.109178808E-03
-2.108154818E-03
-2.107070293E-03
-2.105924301E-03
-2.104716841E-03
-2.103446750E-03
-2.102113795E-03
-2.100717276E-03
-2.099256264E-03
-2.097730292E-03
-2.096138196E-03
-2.094479278E-03
-2.092752839E-03
-2.090957714E-03
-2.089092741E-03
-2.087157220E-03
-2.085149754E-03
-2.083069179E-03
-2.080914332E-03
-2.078683581E-03
-2.076375764E-03
-2.073989250E-03
-2.071522642E-03
-2.068973612E-03
-2.066340996E-03
-2.063622698E-03
-2.060816158E-03
-2.057919744E-03
-2.054930665E-03
-2.051846590E-03
-2.048664959E-03
-2.045382280E-03
-2.041995991E-03
-2.038502134E-03
-2.034897450E-03
-2.031177981E-03
-2.027338836E-03
-2.023375593E-03
-2.019283129E-03
-2.015055623E-03
-2.010686556E-03
-2.006168943E-03
-2.001495333E-03
-1.996656181E-03
-1.991642173E-03
-1.986441668E-03
-1.981041394E-03
-1.975426683E-03
-1.969579374E-03
-1.963478047E-03
-1.957097556E-03
-1.950405422E-03
-1.943361829E-03
-1.935913460E-03
-1.927987789E-03
-1.919479924E-03
-1.910220250E-03
-1.899906551E-03
-1.887658844E-03
