-2.397106728E-03
-2.157171955E-03
-2.159212949E-03
-2.171814209E-03
-2.182917204E-03
-2.192675602E-03
-2.201547613E-03
-2.209767001E-03
-2.217461588E-03
-2.224718686E-03
-2.231599530E-03
-2.238150686E-03
-2.244407311E-03
-2.250398276E-03
-2.256146632E-03
-2.261672169E-03
-2.266990952E-03
-2.272117417E-03
-2.277063206E-03
-2.281839261E-03
-2.286455128E-03
-2.290918725E-03
-2.295237733E-03
-2.299418673E-03
-2.303467831E-03
-2.307390328E-03
-2.311191522E-03
-2.314875601E-03
-2.318446990E-03
-2.321909182E-03
-2.325266367E-03
-2.328521106E-03
-2.331677126E-03
-2.334736520E-03
-2.337702550E-03
-2.340577543E-03
-2.343363594E-03
-2.346062800E-03
-2.348677255E-03
-2.351209056E-03
-2.353659831E-03
-2.356031444E-03
-2.358324826E-03
-2.360542305E-03
-2.362684580E-03
-2.364753280E-03
-2.366749570E-03
-2.368674846E-03
-2.370529808E-03
-2.372315852E-03
-2.374033676E-03
-2.375684446E-03
-2.377268858E-03
-2.378787845E-03
-2.380242106E-03
-2.381632570E-03
-2.382959705E-03
-2.384224208E-03
-2.385426546E-03
-2.386567649E-03
-2.387647750E-03
-2.388667781E-03
-2.389627509E-03
-2.390528098E-03
-2.391369315E-03
-2.392152091E-03
-2.392876428E-03
-2.393542789E-03
-2.394151175E-03
-2.394702518E-03
-2.395196352E-03
-2.395633142E-03
-2.396013122E-03
-2.396336524E-03
-2.396603348E-03
-2.396813594E-03
-2.396967728E-03
-2.397065284E-03
-2.397092059E-03
-2.397021046E-03
-2.396893688E-03
-2.396709984E-03
-2.396469936E-03
-2.396173310E-03
-2.395819873E-03
-2.395409625E-03
-2.394942567E-03
-2.394418232E-03
-2.393836156E-03
-2.393196570E-03
-2.392499009E-03
-2.391743008E-03
-2.390928334E-03
-2.390054520E-03
-2.389121335E-03
-2.388128312E-03
-2.387074754E-03
-2.385960426E-03
-2.384784631E-03
-2.383546904E-03
-2.382246545E-03
-2.380882856E-03
-2.379455371E-03
-2.377963159E-03
-2.376405289E-03
-2.374781296E-03
-2.373090247E-03
-2.371330978E-03
-2.369502792E-03
-2.367604291E-03
-2.365634777E-03
-2.363592852E-03
-2.361477353E-03
-2.359286649E-03
-2.357020043E-03
-2.354675438E-03
-2.352251438E-03
-2.349746414E-03
-2.347158734E-03
-2.344486071E-03
-2.341727028E-03
-2.338879043E-03
-2.335939789E-03
-2.332907170E-03
-2.329778159E-03
-2.326550195E-03
-2.323220018E-03
-2.319784602E-03
-2.316239988E-03
-2.312582918E-03
-2.308808733E-03
-2.304913010E-03
-2.300891094E-03
-2.296736930E-03
-2.292444929E-03
-2.288008342E-03
-2.283419482E-03
-2.278670436E-03
-2.273751423E-03
-2.268652199E-03
-2.263360424E-03
-2.257861895E-03
-2.252140548E-03
-2.246176591E-03
-2.239946974E-03
-2.233423293E-03
-2.226569224E-03
-2.219339367E-03
-2.211672021E-03
-2.203479642E-03
-2.194634872E-03
-2.184903715E-03
-2.173828194E-03
-2.397093223E-03
-2.397023607E-03
-2.396897646E-03
-2.396715572E-03
-2.396476921E-03
-2.396181924E-03
-2.395830350E-03
-2.395421732E-03
-2.394956537E-03
-2.394434065E-03
-2.393854316E-03
-2.393216826E-03
-2.392521594E-03
-2.391768154E-03
-2.390956040E-03
-2.390085254E-03
-2.389155095E-03
-2.388165332E-03
-2.387115266E-03
-2.386004664E-03
-2.384833060E-03
-2.383599756E-03
-2.382303821E-03
-2.380945254E-03
-2.379523125E-03
-2.378036501E-03
-2.376484917E-03
-2.374867443E-03
-2.373183146E-03
-2.371431328E-03
-2.369611058E-03
-2.367721172E-03
-2.365760505E-03
-2.363728127E-03
-2.361622639E-03
-2.359443111E-03
-2.357187681E-03
-2.354855416E-03
-2.352444455E-03
-2.349953400E-03
-2.347380621E-03
-2.344723791E-03
-2.341981512E-03
-2.339151222E-03
-2.336231060E-03
-2.333218697E-03
-2.330111340E-03
-2.326906426E-03
-2.323600696E-03
-2.320191357E-03
-2.316675149E-03
-2.313047880E-03
-2.309305826E-03
-2.305444563E-03
-2.301459434E-03
-2.297345083E-03
-2.293095924E-03
-2.288705437E-03
-2.284166869E-03
-2.279471839E-03
-2.274611965E-03
-2.269577468E-03
-2.264356473E-03
-2.258936176E-03
-2.253301442E-03
-2.247434342E-03
-2.241313923E-03
-2.234913874E-03
-2.228202997E-03
-2.221140545E-03
-2.213673666E-03
-2.205729717E-03
-2.197203925E-03
-2.187926555E-03
-2.177595394E-03
-2.165330574E-03
-2.397106495E-03
-2.397063654E-03
-2.396964468E-03
-2.396808937E-03
-2.396597061E-03
-2.396328608E-03
-2.396003576E-03
-2.395621967E-03
-2.395183314E-03
-2.394687617E-03
-2.394134412E-03
-2.393523697E-03
-2.392855007E-03
-2.392128343E-03
-2.391343005E-03
-2.390498761E-03
-2.389595378E-03
-2.388632391E-03
-2.387609100E-03
-2.386525273E-03
-2.385380212E-03
-2.384173451E-03
-2.382904524E-03
-2.381572733E-03
-2.380177146E-03
-2.378717298E-03
-2.377192490E-03
-2.375601791E-03
-2.373944269E-03
-2.372219227E-03
-2.370425500E-03
-2.368562389E-03
-2.366628498E-03
-2.364622895E-03
-2.362544416E-03
-2.360391431E-03
-2.358163008E-03
-2.355857519E-03
-2.353473334E-03
-2.351009054E-03
-2.348463051E-03
-2.345832996E-03
-2.343117492E-03
-2.340314211E-03
-2.337421058E-03
-2.334435238E-03
-2.331354888E-03
-2.328176750E-03
-2.324898029E-03
-2.321515698E-03
-2.318026265E-03
-2.314425772E-03
-2.310710726E-03
-2.306876471E-03
-2.302918117E-03
-2.298830776E-03
-2.294608625E-03
-2.290245146E-03
-2.285733353E-03
-2.281065565E-03
-2.276232699E-03
-2.271225210E-03
-2.266031224E-03
-2.260637935E-03
-2.255030209E-03
-2.249190351E-03
-2.243096707E-03
-2.236723900E-03
-2.230040031E-03
-2.223004820E-03
-2.215565182E-03
-2.207648242E-03
-2.199149691E-03
-2.189899562E-03
-2.179595642E-03
-2.167357830E-03
