-2.046849811E-03
-1.808679546E-03
-1.806637389E-03
-2.046834910E-03
-2.046763897E-03
-2.046636539E-03
-2.046452835E-03
-2.046212787E-03
-2.045915928E-03
-2.045562491E-03
-2.045152243E-03
-2.044684952E-03
-2.044160152E-03
-2.043578075E-03
-2.042938257E-03
-2.042240463E-03
-2.041484229E-03
-2.040669089E-03
-2.039795043E-03
-2.038861392E-03
-2.037867904E-03
-2.036813879E-03
-2.035699086E-03
-2.034522593E-03
-2.033284400E-03
-2.031983109E-03
-2.030618722E-03
-2.029190306E-03
-2.027697163E-03
-2.026138594E-03
-2.024513436E-03
-2.022821223E-03
-2.021060791E-03
-2.019230975E-03
-2.017331310E-03
-2.015360165E-03
-2.013316378E-03
-2.011199016E-03
-2.009006683E-03
-2.006737748E-03
-2.004390815E-03
-2.001964720E-03
-1.999457134E-03
-1.996866660E-03
-1.994191436E-03
-1.991429366E-03
-1.988578122E-03
-1.985635608E-03
-1.982599497E-03
-1.979466761E-03
-1.976234838E-03
-1.972900704E-03
-1.969460864E-03
-1.965911826E-03
-1.962249866E-03
-1.958470559E-03
-1.954569714E-03
-1.950542093E-03
-1.946382341E-03
-1.942084287E-03
-1.937641297E-03
-1.933046035E-03
-1.928290003E-03
-1.923364005E-03
-1.918257214E-03
-1.912957756E-03
-1.907451195E-03
-1.901721465E-03
-1.895748894E-03
-1.889510313E-03
-1.882977202E-03
-1.876113587E-03
-1.868873602E-03
-1.861195895E-03
-1.852992806E-03
-1.844136976E-03
-1.834394410E-03
-1.823306899E-03
-1.821291749E-03
-1.832406619E-03
-1.842176425E-03
-1.851059496E-03
-1.859289594E-03
-1.866994542E-03
-1.874261769E-03
-1.881152391E-03
-1.887712744E-03
-1.893978450E-03
-1.899978030E-03
-1.905734884E-03
-1.911268453E-03
-1.916595036E-03
-1.921728835E-03
-1.926681842E-03
-1.931464882E-03
-1.936087152E-03
-1.940557151E-03
-1.944882213E-03
-1.949068974E-03
-1.953123603E-03
-1.957051456E-03
-1.960857539E-03
-1.964546507E-03
-1.968122320E-03
-1.971589169E-03
-1.974950312E-03
-1.978209009E-03
-1.981368754E-03
-1.984431874E-03
-1.987401163E-03
-1.990279183E-03
-1.993068028E-03
-1.995770261E-03
-1.998387510E-03
-2.000921872E-03
-2.003374975E-03
-2.005748451E-03
-2.008044161E-03
-2.010263503E-03
-2.012407640E-03
-2.014478203E-03
-2.016476123E-03
-2.018402563E-03
-2.020259155E-03
-2.022046363E-03
-2.023765352E-03
-2.025417285E-03
-2.027002629E-03
-2.028522547E-03
-2.029977739E-03
-2.031368902E-03
-2.032696735E-03
-2.033961937E-03
-2.035164973E-03
-2.036306541E-03
-2.037387341E-03
-2.038407605E-03
-2.039367799E-03
-2.040268620E-03
-2.041110303E-03
-2.041893313E-03
-2.042617882E-03
-2.043284476E-03
-2.043893328E-03
-2.044444671E-03
-2.044938505E-03
-2.045375528E-03
-2.045755740E-03
-2.046079142E-03
-2.046345966E-03
-2.046556445E-03
-2.046710579E-03
-2.046808368E-03
-2.046849346E-03
-2.046806505E-03
-2.046707319E-03
-2.046551788E-03
-2.046339912E-03
-2.046071459E-03
-2.045746427E-03
-2.045364352E-03
-2.044925699E-03
-2.044429770E-03
-2.043876331E-03
-2.043265384E-03
-2.042596694E-03
-2.041869564E-03
-2.041083993E-03
-2.040239517E-03
-2.039335668E-03
-2.038372215E-03
-2.037348459E-03
-2.036264166E-03
-2.035118639E-03
-2.033911413E-03
-2.032641554E-03
-2.031309064E-03
-2.029912546E-03
-2.028452000E-03
-2.026926028E-03
-2.025334397E-03
-2.023675712E-03
-2.021949505E-03
-2.020154614E-03
-2.018290106E-03
-2.016354585E-03
-2.014347352E-03
-2.012267010E-03
-2.010112396E-03
-2.007881878E-03
-2.005574061E-03
-2.003187779E-03
-2.000721171E-03
-1.998172374E-03
-1.995539758E-03
-1.992821461E-03
-1.990014920E-03
-1.987118507E-03
-1.984129427E-03
-1.981045352E-03
-1.977863489E-03
-1.974580809E-03
-1.971194055E-03
-1.967700198E-03
-1.964095281E-03
-1.960375113E-03
-1.956535736E-03
-1.952572144E-03
-1.948479097E-03
-1.944251009E-03
-1.939881360E-03
-1.935363165E-03
-1.930688624E-03
-1.925848890E-03
-1.920833951E-03
-1.915632398E-03
-1.910231309E-03
-1.904615434E-03
-1.898766961E-03
-1.892664586E-03
-1.886282698E-03
-1.879589283E-03
-1.872544177E-03
-1.865094178E-03
-1.857166877E-03
-1.848657383E-03
-1.839395845E-03
-1.829080400E-03
-1.816830365E-03
-2.046836074E-03
-2.046766458E-03
-2.046640497E-03
-2.046458423E-03
-2.046219772E-03
-2.045924542E-03
-2.045572735E-03
-2.045164350E-03
-2.044698689E-03
-2.044176217E-03
-2.043596003E-03
-2.042958513E-03
-2.042262815E-03
-2.041509142E-03
-2.040696796E-03
-2.039825544E-03
-2.038895153E-03
-2.037904924E-03
-2.036854392E-03
-2.035743324E-03
-2.034571022E-03
-2.033337019E-03
-2.032040618E-03
-2.030681353E-03
-2.029258292E-03
-2.027770737E-03
-2.026218222E-03
-2.024599584E-03
-2.022914356E-03
-2.021161374E-03
-2.019339474E-03
-2.017448191E-03
-2.015486127E-03
-2.013451885E-03
-2.011344768E-03
-2.009163378E-03
-2.006906085E-03
-2.004571492E-03
-2.002158435E-03
-1.999664819E-03
-1.997089246E-03
-1.994429855E-03
-1.991684549E-03
-1.988851465E-03
-1.985928044E-03
-1.982911956E-03
-1.979801105E-03
-1.976592233E-03
-1.973282546E-03
-1.969869016E-03
-1.966348384E-03
-1.962716458E-03
-1.958969515E-03
-1.955102896E-03
-1.951112412E-03
-1.946992474E-03
-1.942737377E-03
-1.938340720E-03
-1.933795633E-03
-1.929093967E-03
-1.924227225E-03
-1.919185277E-03
-1.913956716E-03
-1.908528502E-03
-1.902885502E-03
-1.897009904E-03
-1.890880521E-03
-1.884471392E-03
-1.877750852E-03
-1.870678621E-03
-1.863201614E-03
-1.855247072E-03
-1.846710336E-03
-1.837421791E-03
-1.827078871E-03
-1.814801712E-03
