-2.454590285E-03
-2.214713255E-03
-2.216770547E-03
-2.229353413E-03
-2.240454545E-03
-2.250210848E-03
-2.259080997E-03
-2.267298521E-03
-2.274991246E-03
-2.282246482E-03
-2.289125696E-03
-2.295675222E-03
-2.301930217E-03
-2.307919553E-03
-2.313666278E-03
-2.319190418E-03
-2.324507805E-03
-2.329632640E-03
-2.334577031E-03
-2.339351922E-03
-2.343966393E-03
-2.348428825E-03
-2.352746436E-03
-2.356926212E-03
-2.360974206E-03
-2.364895539E-03
-2.368695568E-03
-2.372378483E-03
-2.375948941E-03
-2.379410202E-03
-2.382766455E-03
-2.386020264E-03
-2.389175352E-03
-2.392234048E-03
-2.395199146E-03
-2.398073208E-03
-2.400858561E-03
-2.403557068E-03
-2.406170825E-03
-2.408701926E-03
-2.411152003E-03
-2.413522918E-03
-2.415815834E-03
-2.418032615E-03
-2.420174424E-03
-2.422242658E-03
-2.424238482E-03
-2.426163061E-03
-2.428017789E-03
-2.429803135E-03
-2.431520727E-03
-2.433171030E-03
-2.434755210E-03
-2.436273731E-03
-2.437727759E-03
-2.439117758E-03
-2.440444659E-03
-2.441708930E-03
-2.442911034E-03
-2.444051905E-03
-2.445132006E-03
-2.446151571E-03
-2.447111299E-03
-2.448011655E-03
-2.448852872E-03
-2.449635416E-03
-2.450359520E-03
-2.451025881E-03
-2.451634267E-03
-2.452185377E-03
-2.452679211E-03
-2.453116234E-03
-2.453496214E-03
-2.453819616E-03
-2.454086440E-03
-2.454296686E-03
-2.454450820E-03
-2.454548609E-03
-2.454575617E-03
-2.454504604E-03
-2.454377478E-03
-2.454194007E-03
-2.453953959E-03
-2.453657566E-03
-2.453304362E-03
-2.452894347E-03
-2.452427521E-03
-2.451903420E-03
-2.451321809E-03
-2.450682456E-03
-2.449985128E-03
-2.449229360E-03
-2.448415151E-03
-2.447541803E-03
-2.446608851E-03
-2.445616061E-03
-2.444563201E-03
-2.443449106E-03
-2.442273777E-03
-2.441036515E-03
-2.439736621E-03
-2.438373631E-03
-2.436946612E-03
-2.435454866E-03
-2.433897695E-03
-2.432274399E-03
-2.430583816E-03
-2.428825246E-03
-2.426997758E-03
-2.425099956E-03
-2.423131140E-03
-2.421089914E-03
-2.418975113E-03
-2.416785341E-03
-2.414519433E-03
-2.412175527E-03
-2.409752458E-03
-2.407248365E-03
-2.404661616E-03
-2.401990118E-03
-2.399232006E-03
-2.396384953E-03
-2.393446863E-03
-2.390415175E-03
-2.387287328E-03
-2.384060528E-03
-2.380731516E-03
-2.377297264E-03
-2.373754047E-03
-2.370098140E-03
-2.366325352E-03
-2.362431027E-03
-2.358410275E-03
-2.354257740E-03
-2.349967137E-03
-2.345531946E-03
-2.340944717E-03
-2.336197067E-03
-2.331279917E-03
-2.326182090E-03
-2.320891945E-03
-2.315395279E-03
-2.309675794E-03
-2.303713700E-03
-2.297485946E-03
-2.290963894E-03
-2.284111921E-03
-2.276883926E-03
-2.269218676E-03
-2.261028392E-03
-2.252185717E-03
-2.242456889E-03
-2.231383231E-03
-2.454576315E-03
-2.454506699E-03
-2.454380738E-03
-2.454198664E-03
-2.453960013E-03
-2.453664783E-03
-2.453313209E-03
-2.452904824E-03
-2.452439396E-03
-2.451917157E-03
-2.451337408E-03
-2.450699918E-03
-2.450004686E-03
-2.449251479E-03
-2.448439598E-03
-2.447568811E-03
-2.446638886E-03
-2.445649356E-03
-2.444599522E-03
-2.443489153E-03
-2.442317549E-03
-2.441084478E-03
-2.439789008E-03
-2.438430674E-03
-2.437008778E-03
-2.435522620E-03
-2.433971269E-03
-2.432354260E-03
-2.430670429E-03
-2.428919077E-03
-2.427099040E-03
-2.425209619E-03
-2.423249418E-03
-2.421217505E-03
-2.419112716E-03
-2.416933654E-03
-2.414678922E-03
-2.412347356E-03
-2.409937093E-03
-2.407446736E-03
-2.404874424E-03
-2.402218292E-03
-2.399476711E-03
-2.396647353E-03
-2.393728122E-03
-2.390716458E-03
-2.387610031E-03
-2.384406049E-03
-2.381101251E-03
-2.377693076E-03
-2.374177566E-03
-2.370551461E-03
-2.366810571E-03
-2.362950239E-03
-2.358966274E-03
-2.354853321E-03
-2.350605093E-03
-2.346216002E-03
-2.341678599E-03
-2.336985199E-03
-2.332126722E-03
-2.327093389E-03
-2.321874024E-03
-2.316455124E-03
-2.310821787E-03
-2.304956550E-03
-2.298837528E-03
-2.292439342E-03
-2.285729861E-03
-2.278669272E-03
-2.271204256E-03
-2.263262169E-03
-2.254738240E-03
-2.245462965E-03
-2.235133667E-03
-2.222870709E-03
-2.454589820E-03
-2.454546979E-03
-2.454448026E-03
-2.454292728E-03
-2.454081085E-03
-2.453812864E-03
-2.453488065E-03
-2.453106456E-03
-2.452668035E-03
-2.452172572E-03
-2.451619832E-03
-2.451009350E-03
-2.450340893E-03
-2.449614462E-03
-2.448829589E-03
-2.447985811E-03
-2.447082661E-03
-2.446120139E-03
-2.445097314E-03
-2.444013720E-03
-2.442869125E-03
-2.441663062E-03
-2.440394601E-03
-2.439063042E-03
-2.437668154E-03
-2.436208772E-03
-2.434684662E-03
-2.433094429E-03
-2.431437606E-03
-2.429713262E-03
-2.427920233E-03
-2.426057588E-03
-2.424124628E-03
-2.422119724E-03
-2.420041710E-03
-2.417889656E-03
-2.415661933E-03
-2.413357375E-03
-2.410974121E-03
-2.408510773E-03
-2.405965468E-03
-2.403336577E-03
-2.400622005E-03
-2.397819655E-03
-2.394927433E-03
-2.391942777E-03
-2.388863591E-03
-2.385686385E-03
-2.382409060E-03
-2.379027661E-03
-2.375539625E-03
-2.371940529E-03
-2.368226647E-03
-2.364393556E-03
-2.360436833E-03
-2.356350888E-03
-2.352129901E-03
-2.347768052E-03
-2.343257656E-03
-2.338591497E-03
-2.333760262E-03
-2.328754170E-03
-2.323562047E-03
-2.318170387E-03
-2.312564524E-03
-2.306726296E-03
-2.300634515E-03
-2.294263802E-03
-2.287581796E-03
-2.280548448E-03
-2.273110673E-03
-2.265196061E-03
-2.256699605E-03
-2.247451339E-03
-2.237149747E-03
-2.224914264E-03
