-2.224654891E-03
-1.984541537E-03
-1.986580435E-03
-1.999190310E-03
-2.010299591E-03
-2.020064043E-03
-2.028941875E-03
-2.037167083E-03
-2.044867491E-03
-2.052130178E-03
-2.059016377E-03
-2.065572655E-03
-2.071834402E-03
-2.077830257E-03
-2.083583502E-03
-2.089113696E-03
-2.094436903E-03
-2.099567791E-03
-2.104517771E-03
-2.109298017E-03
-2.113917843E-03
-2.118385397E-03
-2.122708131E-03
-2.126892563E-03
-2.130945213E-03
-2.134871203E-03
-2.138675423E-03
-2.142362762E-03
-2.145937178E-03
-2.149402397E-03
-2.152762143E-03
-2.156019909E-03
-2.159178257E-03
-2.162240446E-03
-2.165208803E-03
-2.168085892E-03
-2.170874272E-03
-2.173575573E-03
-2.176192356E-03
-2.178726019E-03
-2.181178657E-03
-2.183551900E-03
-2.185847377E-03
-2.188066253E-03
-2.190210158E-03
-2.192280488E-03
-2.194278175E-03
-2.196204849E-03
-2.198061207E-03
-2.199848415E-03
-2.201567404E-03
-2.203219337E-03
-2.204804681E-03
-2.206324833E-03
-2.207780024E-03
-2.209171187E-03
-2.210499253E-03
-2.211764455E-03
-2.212967724E-03
-2.214109525E-03
-2.215190558E-03
-2.216210822E-03
-2.217171481E-03
-2.218072303E-03
-2.218914218E-03
-2.219697461E-03
-2.220422029E-03
-2.221088856E-03
-2.221697709E-03
-2.222249052E-03
-2.222743351E-03
-2.223180374E-03
-2.223560587E-03
-2.223884221E-03
-2.224151045E-03
-2.224361524E-03
-2.224515658E-03
-2.224613447E-03
-2.224639989E-03
-2.224568976E-03
-2.224441385E-03
-2.224257682E-03
-2.224017400E-03
-2.223720541E-03
-2.223367104E-03
-2.222956624E-03
-2.222489100E-03
-2.221964300E-03
-2.221381990E-03
-2.220741939E-03
-2.220043913E-03
-2.219287446E-03
-2.218472306E-03
-2.217598027E-03
-2.216664143E-03
-2.215670422E-03
-2.214616165E-03
-2.213501139E-03
-2.212324645E-03
-2.211085986E-03
-2.209784696E-03
-2.208420075E-03
-2.206991659E-03
-2.205498284E-03
-2.203939483E-03
-2.202314325E-03
-2.200622112E-03
-2.198861446E-03
-2.197031863E-03
-2.195132198E-03
-2.193161054E-03
-2.191117499E-03
-2.189000370E-03
-2.186808037E-03
-2.184539568E-03
-2.182193100E-03
-2.179767238E-03
-2.177260350E-03
-2.174670342E-03
-2.171995817E-03
-2.169234445E-03
-2.166384133E-03
-2.163442550E-03
-2.160407137E-03
-2.157275565E-03
-2.154044807E-03
-2.150711836E-03
-2.147273393E-03
-2.143725986E-03
-2.140065655E-03
-2.136288211E-03
-2.132388996E-03
-2.128363354E-03
-2.124205697E-03
-2.119909972E-03
-2.115469426E-03
-2.110876609E-03
-2.106123371E-03
-2.101200167E-03
-2.096096519E-03
-2.090800321E-03
-2.085297136E-03
-2.079570899E-03
-2.073602052E-03
-2.067367313E-03
-2.060838277E-03
-2.053979086E-03
-2.046743408E-03
-2.039070474E-03
-2.030872274E-03
-2.022021450E-03
-2.012284240E-03
-2.001202200E-03
-2.224641154E-03
-2.224571537E-03
-2.224445576E-03
-2.224263269E-03
-2.224024618E-03
-2.223729389E-03
-2.223377582E-03
-2.222968964E-03
-2.222503303E-03
-2.221980598E-03
-2.221400384E-03
-2.220762661E-03
-2.220066963E-03
-2.219313057E-03
-2.218500711E-03
-2.217629226E-03
-2.216698602E-03
-2.215708140E-03
-2.214657608E-03
-2.213546308E-03
-2.212374005E-03
-2.211139770E-03
-2.209843136E-03
-2.208483638E-03
-2.207060345E-03
-2.205573022E-03
-2.204020275E-03
-2.202401636E-03
-2.200716408E-03
-2.198963426E-03
-2.197141526E-03
-2.195250243E-03
-2.193288412E-03
-2.191254403E-03
-2.189147519E-03
-2.186966129E-03
-2.184709301E-03
-2.182375174E-03
-2.179962350E-03
-2.177469432E-03
-2.174894558E-03
-2.172235632E-03
-2.169491025E-03
-2.166658640E-03
-2.163736150E-03
-2.160721226E-03
-2.157611307E-03
-2.154403599E-03
-2.151095308E-03
-2.147683175E-03
-2.144163707E-03
-2.140533412E-03
-2.136788098E-03
-2.132923575E-03
-2.128934953E-03
-2.124817111E-03
-2.120564226E-03
-2.116170013E-03
-2.111627487E-03
-2.106928499E-03
-2.102064667E-03
-2.097025514E-03
-2.091800328E-03
-2.086375374E-03
-2.080735750E-03
-2.074863994E-03
-2.068738453E-03
-2.062333282E-03
-2.055617049E-03
-2.048549242E-03
-2.041076776E-03
-2.033127006E-03
-2.024595393E-03
-2.015311969E-03
-2.004974522E-03
-1.992702950E-03
-2.224654425E-03
-2.224611584E-03
-2.224512165E-03
-2.224356635E-03
-2.224144526E-03
-2.223876072E-03
-2.223550808E-03
-2.223168965E-03
-2.222729847E-03
-2.222233918E-03
-2.221680479E-03
-2.221069299E-03
-2.220400143E-03
-2.219673013E-03
-2.218887210E-03
-2.218042500E-03
-2.217138419E-03
-2.216174733E-03
-2.215150977E-03
-2.214066219E-03
-2.212920459E-03
-2.211712999E-03
-2.210443141E-03
-2.209110418E-03
-2.207713900E-03
-2.206253121E-03
-2.204727149E-03
-2.203135286E-03
-2.201476600E-03
-2.199750394E-03
-2.197955502E-03
-2.196090762E-03
-2.194155473E-03
-2.192148473E-03
-2.190068131E-03
-2.187913749E-03
-2.185683465E-03
-2.183376113E-03
-2.180990297E-03
-2.178523922E-03
-2.175975824E-03
-2.173343906E-03
-2.170626074E-03
-2.167820465E-03
-2.164924750E-03
-2.161936602E-03
-2.158853691E-03
-2.155672759E-03
-2.152391244E-03
-2.149005886E-03
-2.145513427E-03
-2.141910139E-03
-2.138191834E-03
-2.134354087E-03
-2.130392473E-03
-2.126301406E-03
-2.122075530E-03
-2.117708325E-03
-2.113192575E-03
-2.108520595E-03
-2.103683772E-03
-2.098671626E-03
-2.093473217E-03
-2.088075504E-03
-2.082463121E-03
-2.076618141E-03
-2.070519608E-03
-2.064141678E-03
-2.057452453E-03
-2.050411655E-03
-2.042966429E-03
-2.035043901E-03
-2.026539296E-03
-2.017282881E-03
-2.006972907E-03
-1.994728344E-03
