-2.034507459E-03
-1.794294687E-03
-1.796336961E-03
-1.808949513E-03
-1.820064615E-03
-1.829834655E-03
-1.838717959E-03
-1.846948406E-03
-1.854653470E-03
-1.861920930E-03
-1.868811669E-03
-1.875372254E-03
-1.881638076E-03
-1.887637889E-03
-1.893394860E-03
-1.898928545E-03
-1.904255245E-03
-1.909389044E-03
-1.914342167E-03
-1.919125323E-03
-1.923747710E-03
-1.928217709E-03
-1.932542771E-03
-1.936729532E-03
-1.940784161E-03
-1.944712014E-03
-1.948518213E-03
-1.952207065E-03
-1.955782995E-03
-1.959249610E-03
-1.962610753E-03
-1.965869684E-03
-1.969029196E-03
-1.972092083E-03
-1.975061605E-03
-1.977939392E-03
-1.980728470E-03
-1.983430469E-03
-1.986047719E-03
-1.988581847E-03
-1.991034951E-03
-1.993408427E-03
-1.995704137E-03
-1.997923246E-03
-2.000067383E-03
-2.002137713E-03
-2.004135400E-03
-2.006062074E-03
-2.007918432E-03
-2.009705640E-03
-2.011424629E-03
-2.013076330E-03
-2.014661673E-03
-2.016181359E-03
-2.017636551E-03
-2.019027481E-03
-2.020355314E-03
-2.021620283E-03
-2.022823319E-03
-2.023964887E-03
-2.025045455E-03
-2.026065718E-03
-2.027025912E-03
-2.027926734E-03
-2.028768416E-03
-2.029551426E-03
-2.030275762E-03
-2.030942356E-03
-2.031551208E-03
-2.032102318E-03
-2.032596385E-03
-2.033033408E-03
-2.033413388E-03
-2.033736790E-03
-2.034003614E-03
-2.034214092E-03
-2.034368226E-03
-2.034466015E-03
-2.034492558E-03
-2.034421545E-03
-2.034294186E-03
-2.034110483E-03
-2.033870434E-03
-2.033573575E-03
-2.033220138E-03
-2.032809891E-03
-2.032342600E-03
-2.031818032E-03
-2.031235956E-03
-2.030596370E-03
-2.029898344E-03
-2.029142110E-03
-2.028327202E-03
-2.027453156E-03
-2.026519738E-03
-2.025526250E-03
-2.024472458E-03
-2.023357432E-03
-2.022181172E-03
-2.020942979E-03
-2.019641921E-03
-2.018277533E-03
-2.016849350E-03
-2.015356207E-03
-2.013797639E-03
-2.012172714E-03
-2.010480501E-03
-2.008720068E-03
-2.006890485E-03
-2.004990820E-03
-2.003019676E-03
-2.000976121E-03
-1.998858759E-03
-1.996666426E-03
-1.994397724E-03
-1.992051024E-03
-1.989624696E-03
-1.987117343E-03
-1.984526869E-03
-1.981851878E-03
-1.979089808E-03
-1.976238564E-03
-1.973296283E-03
-1.970259938E-03
-1.967127435E-03
-1.963895513E-03
-1.960561145E-03
-1.957121305E-03
-1.953572500E-03
-1.949910540E-03
-1.946131350E-03
-1.942230389E-03
-1.938202768E-03
-1.934042899E-03
-1.929744845E-03
-1.925301854E-03
-1.920706476E-03
-1.915950445E-03
-1.911024330E-03
-1.905917423E-03
-1.900617848E-03
-1.895111287E-03
-1.889381325E-03
-1.883408637E-03
-1.877169940E-03
-1.870636479E-03
-1.863772748E-03
-1.856532646E-03
-1.848854590E-03
-1.840651385E-03
-1.831795322E-03
-1.822052407E-03
-1.810964546E-03
-2.034493722E-03
-2.034424106E-03
-2.034298144E-03
-2.034116071E-03
-2.033877419E-03
-2.033582190E-03
-2.033230616E-03
-2.032821998E-03
-2.032356570E-03
-2.031833865E-03
-2.031253884E-03
-2.030616393E-03
-2.029920928E-03
-2.029167255E-03
-2.028354909E-03
-2.027483890E-03
-2.026553266E-03
-2.025563270E-03
-2.024512738E-03
-2.023401903E-03
-2.022229601E-03
-2.020995598E-03
-2.019699197E-03
-2.018339932E-03
-2.016917104E-03
-2.015429782E-03
-2.013877267E-03
-2.012258628E-03
-2.010573400E-03
-2.008820651E-03
-2.006998984E-03
-2.005107701E-03
-2.003145637E-03
-2.001111628E-03
-1.999004511E-03
-1.996823121E-03
-1.994565828E-03
-1.992231468E-03
-1.989818411E-03
-1.987325028E-03
-1.984749455E-03
-1.982090063E-03
-1.979344990E-03
-1.976511674E-03
-1.973588485E-03
-1.970572630E-03
-1.967461547E-03
-1.964252908E-03
-1.960943220E-03
-1.957529690E-03
-1.954008825E-03
-1.950377016E-03
-1.946630073E-03
-1.942763571E-03
-1.938773086E-03
-1.934653032E-03
-1.930397935E-03
-1.926001278E-03
-1.921456074E-03
-1.916754409E-03
-1.911887550E-03
-1.906845486E-03
-1.901616808E-03
-1.896188478E-03
-1.890545362E-03
-1.884669648E-03
-1.878540148E-03
-1.872130902E-03
-1.865410130E-03
-1.858337666E-03
-1.850860426E-03
-1.842905651E-03
-1.834368682E-03
-1.825079904E-03
-1.814736635E-03
-1.802459476E-03
-2.034506993E-03
-2.034464153E-03
-2.034364967E-03
-2.034209436E-03
-2.033997560E-03
-2.033729106E-03
-2.033404075E-03
-2.033022232E-03
-2.032583347E-03
-2.032087650E-03
-2.031534212E-03
-2.030923497E-03
-2.030254574E-03
-2.029527677E-03
-2.028742107E-03
-2.027897630E-03
-2.026994014E-03
-2.026030561E-03
-2.025006805E-03
-2.023922512E-03
-2.022777218E-03
-2.021569991E-03
-2.020300366E-03
-2.018967643E-03
-2.017571591E-03
-2.016110811E-03
-2.014585072E-03
-2.012993442E-03
-2.011334989E-03
-2.009608783E-03
-2.007813891E-03
-2.005949384E-03
-2.004014095E-03
-2.002007095E-03
-1.999926753E-03
-1.997772139E-03
-1.995541621E-03
-1.993234036E-03
-1.990847755E-03
-1.988381380E-03
-1.985832583E-03
-1.983200200E-03
-1.980481669E-03
-1.977675362E-03
-1.974778948E-03
-1.971789869E-03
-1.968705794E-03
-1.965523930E-03
-1.962241251E-03
-1.958854729E-03
-1.955360873E-03
-1.951755839E-03
-1.948035788E-03
-1.944196410E-03
-1.940232818E-03
-1.936139772E-03
-1.931911567E-03
-1.927541918E-03
-1.923023607E-03
-1.918349066E-03
-1.913509215E-03
-1.908494160E-03
-1.903292607E-03
-1.897891401E-03
-1.892275293E-03
-1.886426704E-03
-1.880324213E-03
-1.873942092E-03
-1.867248560E-03
-1.860203221E-03
-1.852753107E-03
-1.844825572E-03
-1.836315845E-03
-1.827054075E-03
-1.816738164E-03
-1.804488245E-03
